obj 19325 1282.88 772.40 12.00 0.00 0.00 90.00
obj 19325 1282.88 772.40 16.12 0.00 0.00 90.00
obj 19325 1282.88 772.40 20.24 0.00 0.00 90.00
obj 19325 1276.25 772.40 12.00 0.00 0.00 90.00
obj 19325 1276.25 772.40 16.12 0.00 0.00 90.00
obj 19325 1276.25 772.40 20.24 0.00 0.00 90.00
obj 19325 1229.23 772.40 12.00 0.00 0.00 90.00
obj 19325 1229.23 772.40 16.12 0.00 0.00 90.00
obj 19325 1229.23 772.40 20.24 0.00 0.00 90.00
obj 19325 1235.87 772.40 12.00 0.00 0.00 90.00
obj 19325 1235.87 772.40 16.12 0.00 0.00 90.00
obj 19325 1235.87 772.40 20.24 0.00 0.00 90.00
obj 19325 1282.88 770.94 23.76 0.00 -45.00 90.00
obj 19325 1276.25 770.94 23.76 0.00 -45.00 90.00
obj 19325 1235.87 770.94 23.76 0.00 -45.00 90.00
obj 19325 1229.23 770.94 23.76 0.00 -45.00 90.00
obj 18762 1239.44 770.99 23.27 45.00 0.00 0.00
obj 18762 1225.43 770.99 23.27 45.00 0.00 0.00
obj 18762 1272.66 770.99 23.27 45.00 0.00 0.00
obj 18762 1286.69 770.99 23.27 45.00 0.00 0.00
obj 18980 1274.68 772.65 21.82 0.00 90.00 0.00
obj 18980 1249.69 772.65 21.82 0.00 90.00 0.00
obj 18980 1237.48 772.66 21.83 0.00 90.00 0.00
obj 19325 1268.88 772.40 12.00 0.00 0.00 90.00
obj 19325 1268.88 772.40 16.12 0.00 0.00 90.00
obj 19325 1268.88 772.40 20.24 0.00 0.00 90.00
obj 19325 1243.21 772.40 20.24 0.00 0.00 90.00
obj 19325 1243.21 772.40 16.12 0.00 0.00 90.00
obj 19325 1243.21 772.40 12.00 0.00 0.00 90.00
obj 19325 1249.85 772.40 20.24 0.00 0.00 90.00
obj 19325 1249.85 772.40 16.12 0.00 0.00 90.00
obj 19325 1249.85 772.40 12.00 0.00 0.00 90.00
obj 19325 1262.24 772.40 20.24 0.00 0.00 90.00
obj 19325 1262.24 772.40 16.12 0.00 0.00 90.00
obj 19325 1262.24 772.40 12.00 0.00 0.00 90.00
obj 19325 1256.14 772.40 20.24 0.00 0.00 90.00
obj 19325 1268.88 770.94 23.76 0.00 -45.00 90.00
obj 19325 1262.24 770.94 23.76 0.00 -45.00 90.00
obj 19325 1249.85 770.94 23.76 0.00 -45.00 90.00
obj 19325 1243.21 770.94 23.76 0.00 -45.00 90.00
obj 18762 1253.20 770.99 23.27 45.00 0.00 0.00
obj 18762 1259.27 770.99 23.27 45.00 0.00 0.00
obj 19325 1256.14 770.94 23.76 0.00 -45.00 90.00
obj 19325 1225.04 751.83 14.84 0.00 0.00 0.00
obj 19325 1225.04 751.83 18.96 0.00 0.00 0.00
obj 18980 1237.48 769.62 24.91 0.00 90.00 0.00
obj 18980 1249.69 769.63 24.90 0.00 90.00 0.00
obj 18980 1274.68 769.63 24.90 0.00 90.00 0.00
obj 18980 1224.84 757.63 24.92 0.00 90.00 90.00
obj 19325 1225.04 768.48 21.52 45.00 0.00 0.00
obj 19325 1225.04 765.10 23.08 0.00 0.00 0.00
obj 19325 1225.04 751.83 23.08 0.00 0.00 0.00
obj 19325 1225.04 758.46 23.08 0.00 0.00 0.00
obj 19325 1225.04 751.83 10.72 0.00 0.00 0.00
obj 19325 1225.04 745.19 10.72 0.00 0.00 0.00
obj 19325 1225.04 745.19 14.84 0.00 0.00 0.00
obj 19325 1225.04 745.19 18.96 0.00 0.00 0.00
obj 19325 1225.04 745.19 23.08 0.00 0.00 0.00
obj 19325 1225.04 738.55 10.72 0.00 0.00 0.00
obj 19325 1225.04 738.55 14.84 0.00 0.00 0.00
obj 19325 1225.04 738.55 18.96 0.00 0.00 0.00
obj 19325 1225.04 738.55 23.08 0.00 0.00 0.00
obj 18980 1224.84 734.34 24.91 0.00 90.00 90.00
obj 19325 1225.04 731.91 10.72 0.00 0.00 0.00
obj 19325 1225.04 731.91 14.84 0.00 0.00 0.00
obj 19325 1225.04 731.91 18.96 0.00 0.00 0.00
obj 19325 1225.04 731.91 23.08 0.00 0.00 0.00
obj 19325 1225.04 725.28 10.72 0.00 0.00 0.00
obj 19325 1225.04 725.28 14.84 0.00 0.00 0.00
obj 19325 1225.04 725.28 18.96 0.00 0.00 0.00
obj 19325 1225.04 725.28 23.08 0.00 0.00 0.00
obj 18980 1237.48 722.35 24.92 0.00 90.00 0.00
obj 18980 1249.69 722.36 24.90 0.00 90.00 0.00
obj 18980 1274.68 722.36 24.90 0.00 90.00 0.00
obj 19325 1287.03 768.48 21.52 45.00 0.00 0.00
obj 19325 1287.03 765.10 23.08 0.00 0.00 0.00
obj 19325 1287.03 758.46 23.08 0.00 0.00 0.00
obj 19325 1287.03 751.83 23.08 0.00 0.00 0.00
obj 19325 1287.03 751.83 18.96 0.00 0.00 0.00
obj 19325 1287.03 751.83 14.84 0.00 0.00 0.00
obj 19325 1287.03 751.83 10.72 0.00 0.00 0.00
obj 19325 1287.03 745.19 10.72 0.00 0.00 0.00
obj 19325 1287.03 745.19 14.84 0.00 0.00 0.00
obj 19325 1287.03 745.19 23.08 0.00 0.00 0.00
obj 19325 1287.03 745.19 18.96 0.00 0.00 0.00
obj 19325 1287.03 738.55 10.72 0.00 0.00 0.00
obj 19325 1287.03 738.55 14.84 0.00 0.00 0.00
obj 19325 1287.03 738.55 18.96 0.00 0.00 0.00
obj 19325 1287.03 738.55 23.08 0.00 0.00 0.00
obj 19325 1287.03 731.91 10.72 0.00 0.00 0.00
obj 19325 1287.03 731.91 14.84 0.00 0.00 0.00
obj 19325 1287.03 731.91 18.96 0.00 0.00 0.00
obj 19325 1287.03 731.91 23.08 0.00 0.00 0.00
obj 19325 1287.03 725.28 10.72 0.00 0.00 0.00
obj 19325 1287.03 725.28 14.84 0.00 0.00 0.00
obj 19325 1287.03 725.28 18.96 0.00 0.00 0.00
obj 19325 1287.03 725.28 23.08 0.00 0.00 0.00
obj 18980 1286.87 757.63 24.92 0.00 90.00 90.00
obj 18980 1286.88 734.34 24.91 0.00 90.00 90.00
obj 19325 1229.23 721.90 14.84 0.00 0.00 90.00
obj 19325 1229.23 721.90 18.96 0.00 0.00 90.00
obj 19325 1235.87 721.90 14.84 0.00 0.00 90.00
obj 19325 1229.23 721.90 23.08 0.00 0.00 90.00
obj 19325 1235.87 721.90 18.96 0.00 0.00 90.00
obj 19325 1235.87 721.90 23.08 0.00 0.00 90.00
obj 19325 1229.23 721.90 10.72 0.00 0.00 90.00
obj 19325 1235.87 721.90 10.72 0.00 0.00 90.00
obj 19325 1243.21 721.90 10.72 0.00 0.00 90.00
obj 19325 1249.85 721.90 10.72 0.00 0.00 90.00
obj 19325 1262.24 721.90 10.72 0.00 0.00 90.00
obj 19325 1268.88 721.90 10.72 0.00 0.00 90.00
obj 19325 1276.25 721.90 10.72 0.00 0.00 90.00
obj 19325 1282.88 721.90 10.72 0.00 0.00 90.00
obj 19325 1243.21 721.90 14.84 0.00 0.00 90.00
obj 19325 1249.85 721.90 14.84 0.00 0.00 90.00
obj 19325 1262.24 721.90 14.84 0.00 0.00 90.00
obj 19325 1268.88 721.90 14.84 0.00 0.00 90.00
obj 19325 1276.25 721.90 14.84 0.00 0.00 90.00
obj 19325 1282.88 721.90 14.84 0.00 0.00 90.00
obj 19325 1243.21 721.90 18.96 0.00 0.00 90.00
obj 19325 1249.85 721.90 18.96 0.00 0.00 90.00
obj 19325 1262.24 721.90 18.96 0.00 0.00 90.00
obj 19325 1268.88 721.90 18.96 0.00 0.00 90.00
obj 19325 1276.25 721.90 18.96 0.00 0.00 90.00
obj 19325 1282.88 721.90 18.96 0.00 0.00 90.00
obj 19325 1243.21 721.90 23.08 0.00 0.00 90.00
obj 19325 1249.85 721.90 23.08 0.00 0.00 90.00
obj 19325 1262.24 721.90 23.08 0.00 0.00 90.00
obj 19325 1268.88 721.90 23.08 0.00 0.00 90.00
obj 19325 1276.25 721.90 23.08 0.00 0.00 90.00
obj 19325 1282.88 721.90 23.08 0.00 0.00 90.00
obj 19325 1256.14 721.90 18.96 0.00 0.00 90.00
obj 19325 1256.14 721.90 23.08 0.00 0.00 90.00
obj 19325 1256.14 721.90 14.84 0.00 0.00 90.00
obj 19325 1256.14 721.90 10.72 0.00 0.00 90.00
obj 19325 1256.14 772.40 16.12 0.00 0.00 90.00
obj 2898 1256.14 751.81 9.96 0.00 0.00 90.00
obj 2774 1235.36 754.60 12.20 0.00 0.00 0.00
obj 2774 1245.65 762.49 12.20 0.00 0.00 0.00
obj 3499 1235.18 762.82 13.10 0.00 0.00 0.00
obj 3499 1245.88 753.99 9.80 0.00 0.00 0.00
obj 3499 1266.86 744.32 9.80 0.00 0.00 0.00
obj 3499 1261.33 763.04 9.80 0.00 0.00 0.00
obj 3499 1277.20 753.99 9.80 0.00 0.00 0.00
obj 3499 1277.20 763.04 9.80 0.00 0.00 0.00
obj 3499 1245.88 744.32 9.80 0.00 0.00 0.00
obj 3499 1266.86 753.99 9.80 0.00 0.00 0.00
obj 3857 1282.38 754.18 14.62 0.00 0.00 45.00
obj 3857 1282.38 754.18 8.80 0.00 0.00 45.00
obj 3857 1273.06 754.18 11.12 0.00 0.00 45.00
obj 3857 1265.61 754.18 11.12 0.00 0.00 45.00
obj 3499 1262.06 753.99 8.60 0.00 0.00 0.00
obj 3857 1245.72 754.18 11.12 0.00 0.00 45.00
obj 3499 1249.42 753.99 8.60 0.00 0.00 0.00
obj 3857 1238.26 754.18 11.12 0.00 0.00 45.00
obj 3857 1282.38 754.18 20.42 0.00 0.00 45.00
obj 3857 1282.38 762.66 20.42 0.00 0.00 45.00
obj 3857 1277.95 758.64 14.62 0.00 0.00 135.00
obj 3857 1277.95 758.64 8.80 0.00 0.00 135.00
obj 3857 1256.24 743.99 11.12 0.00 0.00 45.00
obj 3499 1252.51 744.32 8.60 0.00 0.00 0.00
obj 3499 1259.59 744.32 8.60 0.00 0.00 0.00
obj 3499 1225.81 762.82 13.10 0.00 0.00 0.00
obj 3499 1225.81 753.79 13.10 0.00 0.00 0.00
obj 3857 1235.44 758.64 14.62 0.00 0.00 135.00
obj 3857 1235.44 758.64 8.80 0.00 0.00 135.00
obj 1632 1280.94 729.04 11.06 0.00 0.00 -125.00
obj 19872 1231.15 727.10 8.98 0.00 0.00 -28.00
obj 19817 1281.23 739.37 9.42 0.00 0.00 -60.00
obj 2773 1268.81 744.18 10.47 0.00 0.00 90.00
obj 2773 1271.48 744.27 10.47 0.00 0.00 90.00
obj 2773 1274.02 745.07 10.47 0.00 0.00 135.00
obj 2773 1275.15 747.39 10.47 0.00 0.00 171.00
obj 2773 1275.02 752.65 10.47 0.00 0.00 191.00
obj 2773 1275.14 750.12 10.47 0.00 0.00 0.00
obj 2773 1264.96 744.22 10.47 0.00 0.00 90.00
obj 2773 1263.05 745.56 10.47 0.00 0.00 33.00
obj 19872 1228.86 739.90 8.98 0.00 0.00 -120.00
obj 2773 1242.44 724.19 10.47 0.00 0.00 25.00
obj 2773 1240.83 726.83 10.47 0.00 0.00 31.00
obj 2773 1238.85 728.76 10.47 0.00 0.00 55.00
obj 2773 1236.19 730.24 10.47 0.00 0.00 69.00
obj 2773 1233.47 730.73 10.47 0.00 0.00 85.00
obj 2773 1230.43 730.81 10.47 0.00 0.00 90.00
obj 2773 1227.81 729.55 10.47 0.00 0.00 127.00
obj 3850 1274.89 762.91 14.68 0.00 0.00 90.00
obj 3850 1271.32 762.91 14.68 0.00 0.00 90.00
obj 3850 1267.80 762.91 14.68 0.00 0.00 90.00
obj 3850 1264.25 762.91 14.68 0.00 0.00 90.00
obj 3850 1260.67 762.91 14.68 0.00 0.00 90.00
obj 3850 1257.08 762.91 14.68 0.00 0.00 90.00
obj 3850 1253.49 762.91 14.68 0.00 0.00 90.00
obj 3850 1249.98 762.91 14.68 0.00 0.00 90.00
obj 3850 1246.44 762.91 14.68 0.00 0.00 90.00
obj 3850 1238.18 762.91 14.68 0.00 0.00 90.00
obj 3850 1236.79 754.14 14.68 0.00 0.00 90.00
obj 3850 1243.86 754.14 14.68 0.00 0.00 90.00
obj 3850 1240.30 754.14 14.68 0.00 0.00 90.00
obj 3850 1245.90 752.83 14.68 0.00 0.00 0.00
obj 3850 1245.90 745.73 14.68 0.00 0.00 0.00
obj 3850 1245.90 749.28 14.68 0.00 0.00 0.00
obj 3850 1247.30 744.20 14.68 0.00 0.00 90.00
obj 3850 1250.96 744.20 14.68 0.00 0.00 90.00
obj 3850 1254.60 744.20 14.68 0.00 0.00 90.00
obj 3850 1258.16 744.20 14.68 0.00 0.00 90.00
obj 3850 1261.72 744.20 14.68 0.00 0.00 90.00
obj 3850 1265.27 744.20 14.68 0.00 0.00 90.00
obj 3850 1266.41 745.63 14.68 0.00 0.00 0.00
obj 3850 1266.41 749.12 14.68 0.00 0.00 0.00
obj 3850 1266.41 752.63 14.68 0.00 0.00 0.00
obj 3850 1268.79 753.89 14.68 0.00 0.00 90.00
obj 3850 1272.32 753.89 14.68 0.00 0.00 90.00
obj 3850 1275.82 753.89 14.68 0.00 0.00 90.00
obj 3850 1226.94 762.97 17.97 0.00 0.00 90.00
obj 3850 1230.39 762.97 17.97 0.00 0.00 90.00
obj 3850 1233.86 762.97 17.97 0.00 0.00 90.00
obj 3850 1235.37 757.32 17.97 0.00 0.00 0.00
obj 3850 1227.05 753.79 17.97 0.00 0.00 90.00
obj 3850 1230.55 753.79 17.97 0.00 0.00 90.00
obj 13649 1248.28 725.81 9.78 0.00 0.00 0.00
obj 13649 1257.48 726.82 9.78 0.00 0.00 0.00
obj 13649 1267.32 727.56 9.78 0.00 0.00 0.00
obj 3850 1277.76 761.53 17.97 0.00 0.00 0.00
obj 3850 1277.76 758.00 17.97 0.00 0.00 0.00
obj 16151 1248.56 749.30 10.30 0.00 0.00 0.00
obj 2773 1259.55 755.63 10.47 0.00 0.00 0.00
obj 2773 1257.79 755.63 10.47 0.00 0.00 0.00
obj 2773 1256.10 755.63 10.47 0.00 0.00 0.00
obj 2773 1254.29 755.63 10.47 0.00 0.00 0.00
obj 2773 1252.67 755.63 10.47 0.00 0.00 0.00
obj 2773 1252.26 742.46 10.47 0.00 0.00 0.00
obj 2773 1259.62 742.46 10.47 0.00 0.00 0.00
obj 2773 1249.68 742.46 10.47 0.00 0.00 0.00
obj 2773 1259.55 758.01 10.47 0.00 0.00 0.00
obj 2773 1257.79 758.01 10.47 0.00 0.00 0.00
obj 2773 1256.10 758.01 10.47 0.00 0.00 0.00
obj 2773 1254.29 758.01 10.47 0.00 0.00 0.00
obj 2773 1252.67 758.01 10.47 0.00 0.00 0.00
obj 19164 1249.89 751.75 12.30 90.00 90.00 0.00
obj 19174 1249.85 749.09 12.36 0.00 0.00 90.00
obj 19175 1249.85 745.79 12.36 0.00 0.00 90.00
obj 19173 1249.67 746.97 12.19 0.00 0.00 90.00
obj 19172 1261.91 749.09 12.36 0.00 0.00 -90.00
obj 2257 1261.89 751.82 12.21 0.00 0.00 -90.00
obj 2267 1261.87 745.66 12.35 0.00 0.00 -90.00
obj 2270 1261.41 746.91 11.99 0.00 0.00 -90.00
obj 2008 1258.59 752.27 10.18 0.00 0.00 -90.00
obj 2166 1253.73 752.61 10.19 0.00 0.00 0.00
obj 2607 1253.65 751.90 10.59 0.00 0.00 -90.00
obj 2163 1255.71 753.60 10.06 0.00 0.00 0.00
obj 2163 1257.57 753.39 10.06 0.00 0.00 -24.00
obj 11743 1259.51 752.72 10.99 0.00 0.00 -90.00
obj 11705 1253.76 750.61 10.99 0.00 0.00 149.00
obj 2894 1258.64 752.07 10.99 0.00 0.00 -69.00
obj 2852 1255.97 753.82 10.99 0.00 0.00 0.00
obj 2851 1258.08 750.58 10.99 0.00 0.00 0.00
obj 2852 1258.49 753.37 11.04 0.00 0.00 0.00
obj 2826 1257.17 753.81 11.06 0.00 0.00 0.00
obj 2827 1254.66 753.99 11.09 0.00 0.00 0.00
obj 2852 1253.05 753.92 10.99 0.00 0.00 0.00
obj 2223 1247.59 748.62 11.01 0.00 0.00 0.00
obj 2222 1247.69 747.71 11.01 0.00 0.00 0.00
obj 2221 1247.69 746.99 11.01 0.00 0.00 0.00
obj 2823 1247.52 749.61 10.95 0.00 0.00 -120.00
obj 19094 1247.63 750.29 11.00 -16.00 -90.00 0.00
obj 2811 1262.09 755.18 9.94 0.00 0.00 0.00
obj 2817 1258.70 754.88 9.96 0.00 0.00 0.00
obj 2818 1260.31 751.88 9.97 0.00 0.00 0.00
obj 2818 1250.67 751.88 9.97 0.00 0.00 0.00
obj 2817 1256.73 754.88 9.96 0.00 0.00 0.00
obj 2817 1254.77 754.88 9.96 0.00 0.00 0.00
obj 2817 1252.81 754.90 9.96 0.00 0.00 0.00
obj 2225 1247.36 745.35 9.95 0.00 0.00 -127.00
obj 2771 1255.34 753.65 11.17 0.00 0.00 180.00
obj 2771 1256.64 753.65 11.17 0.00 0.00 180.00
obj 2771 1257.88 753.65 11.17 0.00 0.00 180.00
obj 2229 1238.98 752.02 9.97 0.00 0.00 40.00
obj 2229 1245.09 751.82 9.97 0.00 0.00 -33.00
obj 2229 1245.06 744.79 9.97 0.00 0.00 -142.00
obj 2229 1239.68 744.68 9.97 0.00 0.00 -207.00
obj 1616 1249.70 754.93 13.58 0.00 0.00 -132.00
obj 2099 1246.23 745.03 9.97 0.00 0.00 178.00
obj 1343 1235.26 753.26 10.69 0.00 0.00 0.00
obj 2500 1247.87 750.65 10.91 0.00 0.00 -90.00
obj 19893 1253.71 751.23 10.99 0.00 0.00 69.00
obj 2002 1254.84 749.51 9.99 0.00 0.00 149.00
obj 1663 1256.46 752.43 10.42 0.00 0.00 180.00
obj 1663 1255.07 752.44 10.42 0.00 0.00 180.00
obj 1663 1257.48 751.36 10.42 0.00 0.00 76.00
obj 1663 1254.45 751.27 10.42 0.00 0.00 309.00
obj 1432 1262.15 770.51 10.00 0.00 0.00 0.00
obj 1432 1266.86 770.28 10.00 0.00 0.00 -76.00
obj 1432 1264.55 767.57 10.00 0.00 0.00 -76.00
obj 1432 1268.04 765.41 10.00 0.00 0.00 -76.00
obj 1432 1263.10 764.40 10.00 0.00 0.00 -76.00
obj 1703 1262.59 761.40 9.97 0.00 0.00 0.00
obj 1703 1264.64 758.94 9.97 0.00 0.00 180.00
obj 1703 1264.72 755.69 9.97 0.00 0.00 180.00
obj 1703 1262.62 757.93 9.97 0.00 0.00 0.00
obj 11717 1280.17 758.29 17.55 0.00 0.00 180.00
obj 11717 1280.17 761.36 17.55 0.00 0.00 0.00
obj 2898 1284.67 758.02 17.55 0.00 0.00 0.00
obj 2631 1280.51 755.94 17.54 0.00 0.00 0.00
obj 2632 1280.51 759.82 17.54 0.00 0.00 0.00
obj 14455 1286.80 756.76 19.22 0.00 0.00 90.00
obj 2369 1253.66 752.52 10.99 0.00 0.00 236.00
obj 1702 1242.71 750.06 9.95 0.00 0.00 0.00
obj 1702 1244.56 746.55 9.95 0.00 0.00 180.00
obj 1702 1241.76 746.66 9.95 0.00 0.00 180.00
obj 1702 1239.86 750.08 9.95 0.00 0.00 0.00
obj 2315 1240.01 748.27 9.95 0.00 0.00 0.00
obj 2315 1242.85 748.28 9.95 0.00 0.00 0.00
obj 2855 1240.12 748.18 10.45 0.00 0.00 0.00
obj 2855 1242.75 748.26 10.45 0.00 0.00 0.00
obj 2852 1240.70 748.30 10.43 0.00 0.00 0.00
obj 2826 1243.31 748.29 10.45 0.00 0.00 0.00
obj 2827 1244.14 748.32 10.45 0.00 0.00 0.00
obj 2827 1241.49 748.33 10.45 0.00 0.00 0.00
obj 1432 1262.22 759.97 14.28 0.00 0.00 0.00
obj 1432 1259.82 757.05 14.28 0.00 0.00 0.00
obj 1432 1256.44 760.27 14.28 0.00 0.00 0.00
obj 1432 1250.80 760.26 14.28 0.00 0.00 0.00
obj 1432 1253.69 757.37 14.28 0.00 0.00 0.00
obj 2773 1264.72 753.88 14.70 0.00 0.00 90.00
obj 2773 1262.15 753.80 14.70 0.00 0.00 90.00
obj 2773 1259.68 753.79 14.70 0.00 0.00 90.00
obj 2773 1257.22 753.73 14.70 0.00 0.00 90.00
obj 2773 1254.80 753.71 14.70 0.00 0.00 90.00
obj 2773 1252.43 753.72 14.70 0.00 0.00 90.00
obj 2773 1250.07 753.75 14.70 0.00 0.00 90.00
obj 2773 1247.69 753.79 14.70 0.00 0.00 90.00
obj 638 1275.28 762.18 10.64 0.00 0.00 90.00
obj 638 1272.28 762.18 10.64 0.00 0.00 90.00
obj 638 1269.30 762.18 10.64 0.00 0.00 90.00
obj 638 1268.27 760.30 10.64 0.00 0.00 0.00
obj 638 1268.27 757.39 10.64 0.00 0.00 0.00
obj 2176 1282.33 758.88 12.76 0.00 0.00 0.00
obj 639 1273.54 763.09 12.00 0.00 0.00 90.00
obj 639 1269.97 762.84 12.00 0.00 0.00 90.00
obj 639 1267.43 759.55 12.00 0.00 0.00 0.00
obj 639 1267.50 757.16 12.00 0.00 0.00 0.00
obj 870 1274.41 759.97 10.20 0.00 0.00 0.00
obj 870 1274.68 756.47 10.20 0.00 0.00 0.00
obj 871 1274.69 757.51 10.40 0.00 0.00 0.00
obj 872 1284.64 756.17 10.18 0.00 0.00 0.00
obj 870 1272.44 758.47 10.20 0.00 0.00 0.00
obj 871 1271.87 759.60 10.40 0.00 0.00 0.00
obj 871 1272.34 757.02 10.40 0.00 0.00 0.00
obj 870 1270.26 759.71 10.20 0.00 0.00 0.00
obj 871 1270.09 757.46 10.40 0.00 0.00 0.00
obj 869 1284.40 760.18 10.43 0.00 0.00 0.00
obj 869 1280.75 757.47 10.43 0.00 0.00 0.00
obj 840 1285.33 760.45 10.43 0.00 0.00 0.00
obj 639 1283.46 762.95 15.40 0.00 0.00 90.00
obj 639 1280.83 763.15 15.40 0.00 0.00 90.00
obj 3850 1274.89 762.91 1.00 0.00 0.00 90.00
obj 3850 1280.47 762.91 10.50 0.00 0.00 90.00
obj 3850 1284.16 762.91 10.50 0.00 0.00 90.00
obj 640 1278.54 758.62 10.61 0.00 0.00 0.00
obj 871 1284.87 757.97 10.17 0.00 0.00 0.00
obj 869 1281.33 760.21 10.43 0.00 0.00 0.00
obj 871 1280.57 760.47 10.17 0.00 0.00 0.00
obj 2253 1257.77 754.14 11.27 0.00 0.00 0.00
obj 2252 1255.31 754.19 11.20 0.00 0.00 0.00
obj 2332 1258.02 750.34 10.50 0.00 0.00 -90.00
obj 2773 1243.43 762.75 10.47 0.00 0.00 90.00
obj 2773 1241.05 762.75 10.47 0.00 0.00 90.00
obj 2773 1238.67 762.75 10.47 0.00 0.00 90.00
obj 2773 1236.79 761.70 10.47 0.00 0.00 142.00
obj 2773 1244.66 760.09 10.47 0.00 0.00 0.00
obj 2773 1244.69 757.14 10.47 0.00 0.00 0.00
obj 2960 1232.28 733.89 9.90 0.00 0.00 90.00
obj 2960 1232.28 738.50 9.90 0.00 0.00 90.00
obj 2960 1232.28 743.12 9.90 0.00 0.00 90.00
obj 2960 1232.28 747.75 9.90 0.00 0.00 90.00
obj 2960 1229.77 749.87 9.90 0.00 0.00 0.00
obj 2960 1229.77 731.76 9.90 0.00 0.00 0.00
obj 2960 1229.77 736.86 9.90 0.00 0.00 0.00
obj 2960 1229.77 742.98 9.90 0.00 0.00 0.00
obj 19842 1224.97 763.36 12.04 90.00 0.00 90.00
obj 19842 1287.24 763.36 12.04 90.00 0.00 90.00
obj 19842 1224.97 763.36 12.04 90.00 0.00 90.00
obj 19842 1287.24 763.36 12.04 90.00 0.00 90.00

//以下纹理 By JoshenKM 2019-3-23


//左右墙体//
obj 19377 1225.1100 767.7600 17.1400 0.00 0.00 0.00
material 0 3905 libertyhi2 Pillarbrickgrey_64HV 0xFFFFFFFF
obj 19377 1225.1100 758.1300 17.1400 0.00 0.00 0.00
material 0 3905 libertyhi2 Pillarbrickgrey_64HV 0xFFFFFFFF
obj 19377 1286.9900 767.7600 17.1400 0.00 0.00 0.00
material 0 3905 libertyhi2 Pillarbrickgrey_64HV 0xFFFFFFFF
obj 19377 1286.9900 758.1300 17.1400 0.00 0.00 0.00
material 0 3905 libertyhi2 Pillarbrickgrey_64HV 0xFFFFFFFF
obj 19378 1225.1100 767.7600 6.6400 0.00 0.00 0.00
material 0 18265 w_town3cs_t ws_redbrickold 0xFFFFFFFF
obj 19378 1225.1100 758.1300 6.6400 0.00 0.00 0.00
material 0 18265 w_town3cs_t ws_redbrickold 0xFFFFFFFF
obj 19378 1286.9900 767.7600 6.6400 0.00 0.00 0.00
material 0 18265 w_town3cs_t ws_redbrickold 0xFFFFFFFF
obj 19378 1286.9900 758.1300 6.6400 0.00 0.00 0.00
material 0 18265 w_town3cs_t ws_redbrickold 0xFFFFFFFF
// 地板第一列// 从右到左编写

obj 19378 1229.6200 768.0600 9.8800 0.0000 90.0000 0.0000
material 0 4101 stapl sl_laexpowall1 0xFFFFFFFF

obj 19378 1240.1200 768.0600 9.8800 0.0000 90.0000 0.0000
material 0 4101 stapl sl_laexpowall1 0xFFFFFFFF

obj 19378 1250.6200 768.0600 9.8800 0.0000 90.0000 0.0000
material 0 4101 stapl sl_laexpowall1 0xFFFFFFFF
obj 19378 1261.1200 768.0600 9.8800 0.0000 90.0000 0.0000
material 0 4101 stapl sl_laexpowall1 0xFFFFFFFF

obj 19378 1271.6100 768.0600 9.8800 0.0000 90.0000 0.0000
material 0 4101 stapl sl_laexpowall1 0xFFFFFFFF
obj 19378 1282.1100 768.0600 9.8800 0.0000 90.0000 0.0000
material 0 4101 stapl sl_laexpowall1 0xFFFFFFFF
// 地板第二列// 从右到左编写
obj 19377 1229.6200 758.4300 9.8800 0.0000 90.0000 0.0000
material 0 4101 stapl sl_laexpowall1 0xFFFFFFFF
obj 19377 1240.1200 758.4500 9.8800 0.0000 90.0000 0.0000
material 0 4101 stapl sl_laexpowall1 0xFFFFFFFF
obj 19377 1250.6200 758.4500 9.8800 0.0000 90.0000 0.0000
material 0 13675 lahillsgrounds sjmlahus29 0xFFFFFFFF
obj 19377 1261.1200 758.4500 9.8800 0.0000 90.0000 0.0000
material 0 13675 lahillsgrounds sjmlahus29 0xFFFFFFFF
obj 19381 1271.6100 758.4500 9.8800 0.0000 90.0000 0.0000
material 0 5458 macpark1tr_lae grasslong256 0xFFFFFFFF
obj 19381 1282.1100 758.4500 9.8800 0.0000 90.0000 0.0000
material 0 5458 macpark1tr_lae grasslong256 0xFFFFFFFF
// 地板第三列// 从右到左编写
obj 19377 1229.6200 748.8200 9.8800 0.0000 90.0000 0.0000
material 0 4101 stapl sl_laexpowall1 0xFFFFFFFF
obj 19377 1240.1200 748.8200 9.8800 0.0000 90.0000 0.0000
material 0 4101 stapl sl_laexpowall1 0xFFFFFFFF
obj 19377 1250.6200 748.8200 9.8800 0.0000 90.0000 0.0000
material 0 4101 stapl sl_laexpowall1 0xFFFFFFFF
obj 19377 1261.1200 748.8200 9.8800 0.0000 90.0000 0.0000
material 0 4101 stapl sl_laexpowall1 0xFFFFFFFF
obj 19377 1271.6100 748.8200 9.8800 0.0000 90.0000 0.0000
material 0 4101 stapl sl_laexpowall1 0xFFFFFFFF
obj 19377 1282.1100 748.8200 9.8800 0.0000 90.0000 0.0000
material 0 4101 stapl sl_laexpowall1 0xFFFFFFFF
// 地板第四列// 从右到左编写
obj 19377 1229.6200 739.1900 9.8800 0.0000 90.0000 0.0000
material 0 4101 stapl sl_laexpowall1 0xFFFFFFFF
obj 19377 1240.1200 739.1900 9.8800 0.0000 90.0000 0.0000
material 0 4101 stapl sl_laexpowall1 0xFFFFFFFF
obj 19377 1250.6200 739.1900 9.8800 0.0000 90.0000 0.0000
material 0 4101 stapl sl_laexpowall1 0xFFFFFFFF
obj 19377 1261.1200 739.1900 9.8800 0.0000 90.0000 0.0000
material 0 4101 stapl sl_laexpowall1 0xFFFFFFFF
obj 19377 1271.6100 739.1900 9.8800 0.0000 90.0000 0.0000
material 0 4101 stapl sl_laexpowall1 0xFFFFFFFF
obj 19377 1282.1100 739.1900 9.8800 0.0000 90.0000 0.0000
material 0 4101 stapl sl_laexpowall1 0xFFFFFFFF
// 地板第五列// 从右到左编写
obj 19377 1229.6200 729.5600 9.8800 0.0000 90.0000 0.0000
material 0 4550 skyscr1_lan2 sl_skyscrpr02wall1 0xFFFFFFFF
obj 19377 1240.1200 729.5600 9.8800 0.0000 90.0000 0.0000
material 0 4550 skyscr1_lan2 sl_skyscrpr02wall1 0xFFFFFFFF
obj 19377 1250.6200 729.5600 9.8800 0.0000 90.0000 0.0000
material 0 4550 skyscr1_lan2 sl_skyscrpr02wall1 0xFFFFFFFF
obj 19377 1261.1200 729.5600 9.8800 0.0000 90.0000 0.0000
material 0 4550 skyscr1_lan2 sl_skyscrpr02wall1 0xFFFFFFFF
obj 19377 1271.6100 729.5600 9.8800 0.0000 90.0000 0.0000
material 0 4550 skyscr1_lan2 sl_skyscrpr02wall1 0xFFFFFFFF
obj 19377 1282.1100 729.5600 9.8800 0.0000 90.0000 0.0000
material 0 4550 skyscr1_lan2 sl_skyscrpr02wall1 0xFFFFFFFF
// 地板第六列// 从右到左编写
obj 19377 1229.6200 719.9300 9.8800 0.0000 90.0000 0.0000
material 0 4550 skyscr1_lan2 sl_skyscrpr02wall1 0xFFFFFFFF
obj 19377 1240.1200 719.9300 9.8800 0.0000 90.0000 0.0000
material 0 4550 skyscr1_lan2 sl_skyscrpr02wall1 0xFFFFFFFF
obj 19377 1250.6200 719.9300 9.8800 0.0000 90.0000 0.0000
material 0 4550 skyscr1_lan2 sl_skyscrpr02wall1 0xFFFFFFFF
obj 19377 1261.1200 719.9300 9.8800 0.0000 90.0000 0.0000
material 0 4550 skyscr1_lan2 sl_skyscrpr02wall1 0xFFFFFFFF
obj 19377 1271.6100 719.9300 9.8800 0.0000 90.0000 0.0000
material 0 4550 skyscr1_lan2 sl_skyscrpr02wall1 0xFFFFFFFF
obj 19377 1282.1100 719.9300 9.8800 0.0000 90.0000 0.0000
material 0 4550 skyscr1_lan2 sl_skyscrpr02wall1 0xFFFFFFFF
//夹层纹理// 从右到左
obj 19378 1230.3000 758.4300 17.4600 0.0000 90.0000 0.0000
material 0 4568 skyscrap2_lan2 sl_marblewall2 0xFFFFFFFF
obj 19378 1240.6100 758.4300 14.0800 0.0000 90.0000 0.0000
material 0 4568 skyscrap2_lan2 sl_marblewall2 0xFFFFFFFF
obj 19378 1251.1116 758.4300 14.0800 0.0000 90.0000 0.0000
material 0 4568 skyscrap2_lan2 sl_marblewall2 0xFFFFFFFF
obj 19378 1251.1116 748.7941 14.0800 0.0000 90.0000 0.0000
material 0 4568 skyscrap2_lan2 sl_marblewall2 0xFFFFFFFF
obj 19378 1261.6078 758.4300 14.0800 0.0000 90.0000 0.0000
material 0 4568 skyscrap2_lan2 sl_marblewall2 0xFFFFFFFF
obj 19378 1261.6078 748.7941 14.0800 0.0000 90.0000 0.0000
material 0 4568 skyscrap2_lan2 sl_marblewall2 0xFFFFFFFF
obj 19378 1272.1000 758.4300 14.0800 0.0000 90.0000 0.0000
material 0 4568 skyscrap2_lan2 sl_marblewall2 0xFFFFFFFF
obj 19378 1281.6825 758.4300 17.4600 0.0000 90.0000 0.0000
material 0 4568 skyscrap2_lan2 sl_marblewall2 0xFFFFFFFF
//楼梯//
obj 8572 1236.3699 759.4556 16.3000 0.0000 0.0000 90.0000
material 0 6098 tempo22_law newall8-1blue 0xFFFFFFFF
obj 10009 1241.8000 766.8500 10.9600  0.0000 0.0000 -90.0000
material 0 8390 vegasemulticar ws_mixedbrick 0xFFFFFFFF
obj 10009 1233.5874 748.5521 14.3400  0.0000 0.0000 90.0000
material 0 8390 vegasemulticar ws_mixedbrick 0xFFFFFFFF
obj 8572 1275.7521 758.2021 16.3000 0.0000 0.0000 -90.0000
material 0 6098 tempo22_law newall8-1blue 0xFFFFFFFF
//内饰//
obj 19378 1249.7616 748.8200 8.7400 0.0000 0.0000 0.0000
material 0 6336 sunset02_law2 rodwall10_LAw2 0xFFFFFFFF
obj 19378 1261.9941 748.8200 8.7400 0.0000 0.0000 0.0000
material 0 6336 sunset02_law2 rodwall10_LAw2 0xFFFFFFFF
obj 18070 1256.2100 752.0423 10.4800 0.0000 0.0000 180.0000
material 0 12841 cos_pizzaplace swimpoolside1_128 0xFFFFFFFF
obj 19378 1281.6825 758.4300 23.3600 0.0000 90.0000 0.0000
material 0 3979 civic01_lan sl_laglasswall1 0xFFFFFFFF
obj 19454 1226.8199 758.1300 11.8200 0.0000 90.0000 0.0000
material 0 10936 stadiumground_sfse sf_road5 0xFFFFFFFF
obj 19454 1229.7000 758.1400 10.6000  0.0000 -45.0000 0.0000
material 0 10936 stadiumground_sfse sf_road5 0xFFFFFFFF
obj 2898 1225.20 758.43 14.17 0.00 90.00 0.00
material 0 3947 rczero_track waterclear256 0xFFFFFFFF

//建筑顶部//
obj 19378 1229.6200 765.2000 25.3100 0.0000 90.0000 0.0000
material 0 3979 civic01_lan sl_laglasswall2 0xFFFFFFFF
obj 19378 1240.1200 765.2000 25.3100 0.0000 90.0000 0.0000
material 0 3979 civic01_lan sl_laglasswall2 0xFFFFFFFF
obj 19378 1250.6200 765.2000 25.3100 0.0000 90.0000 0.0000
material 0 3979 civic01_lan sl_laglasswall2 0xFFFFFFFF
obj 19378 1261.1200 765.2000 25.3100 0.0000 90.0000 0.0000
material 0 3979 civic01_lan sl_laglasswall2 0xFFFFFFFF
obj 19378 1271.6100 765.2000 25.3100 0.0000 90.0000 0.0000
material 0 3979 civic01_lan sl_laglasswall2 0xFFFFFFFF
obj 19378 1282.1100 765.2000 25.3100 0.0000 90.0000 0.0000
material 0 3979 civic01_lan sl_laglasswall2 0xFFFFFFFF
obj 19378 1229.6200 755.5700 25.3100 0.0000 90.0000 0.0000
material 0 3979 civic01_lan sl_laglasswall2 0xFFFFFFFF
obj 19378 1240.1200 755.5700 25.3100 0.0000 90.0000 0.0000
material 0 3979 civic01_lan sl_laglasswall2 0xFFFFFFFF
obj 19378 1250.6200 755.5700 25.3100 0.0000 90.0000 0.0000
material 0 3979 civic01_lan sl_laglasswall2 0xFFFFFFFF
obj 19378 1261.1200 755.5700 25.3100 0.0000 90.0000 0.0000
material 0 3979 civic01_lan sl_laglasswall2 0xFFFFFFFF
obj 19378 1271.6100 755.5700 25.3100 0.0000 90.0000 0.0000
material 0 3979 civic01_lan sl_laglasswall2 0xFFFFFFFF
obj 19378 1282.1100 755.5700 25.3100 0.0000 90.0000 0.0000
material 0 3979 civic01_lan sl_laglasswall2 0xFFFFFFFF
obj 19378 1229.6200 745.9400 25.3100 0.0000 90.0000 0.0000
material 0 3979 civic01_lan sl_laglasswall2 0xFFFFFFFF
obj 19378 1240.1200 745.9400 25.3100 0.0000 90.0000 0.0000
material 0 3979 civic01_lan sl_laglasswall2 0xFFFFFFFF
obj 19378 1250.6200 745.9400 25.3100 0.0000 90.0000 0.0000
material 0 3979 civic01_lan sl_laglasswall2 0xFFFFFFFF
obj 19378 1261.1200 745.9400 25.3100 0.0000 90.0000 0.0000
material 0 3979 civic01_lan sl_laglasswall2 0xFFFFFFFF
obj 19378 1271.6100 745.9400 25.3100 0.0000 90.0000 0.0000
material 0 3979 civic01_lan sl_laglasswall2 0xFFFFFFFF
obj 19378 1282.1100 745.9400 25.3100 0.0000 90.0000 0.0000
material 0 3979 civic01_lan sl_laglasswall2 0xFFFFFFFF
obj 19378 1229.6200 736.3100 25.3100 0.0000 90.0000 0.0000
material 0 3979 civic01_lan sl_laglasswall2 0xFFFFFFFF
obj 19378 1240.1200 736.3100 25.3100 0.0000 90.0000 0.0000
material 0 3979 civic01_lan sl_laglasswall2 0xFFFFFFFF
obj 19378 1250.6200 736.3100 25.3100 0.0000 90.0000 0.0000
material 0 3979 civic01_lan sl_laglasswall2 0xFFFFFFFF
obj 19378 1261.1200 736.3100 25.3100 0.0000 90.0000 0.0000
material 0 3979 civic01_lan sl_laglasswall2 0xFFFFFFFF
obj 19378 1271.6100 736.3100 25.3100 0.0000 90.0000 0.0000
material 0 3979 civic01_lan sl_laglasswall2 0xFFFFFFFF
obj 19378 1282.1100 736.3100 25.3100 0.0000 90.0000 0.0000
material 0 3979 civic01_lan sl_laglasswall2 0xFFFFFFFF
obj 19378 1229.6200 726.6800 25.3100 0.0000 90.0000 0.0000
material 0 3979 civic01_lan sl_laglasswall2 0xFFFFFFFF
obj 19378 1240.1200 726.6800 25.3100 0.0000 90.0000 0.0000
material 0 3979 civic01_lan sl_laglasswall2 0xFFFFFFFF
obj 19378 1250.6200 726.6800 25.3100 0.0000 90.0000 0.0000
material 0 3979 civic01_lan sl_laglasswall2 0xFFFFFFFF
obj 19378 1261.1200 726.6800 25.3100 0.0000 90.0000 0.0000
material 0 3979 civic01_lan sl_laglasswall2 0xFFFFFFFF
obj 19378 1271.6100 726.6800 25.3100 0.0000 90.0000 0.0000
material 0 3979 civic01_lan sl_laglasswall2 0xFFFFFFFF
obj 19378 1282.1100 726.6800 25.3100 0.0000 90.0000 0.0000
material 0 3979 civic01_lan sl_laglasswall2 0xFFFFFFFF
//室内柱子
obj 18980 1278.1428 762.7615 12.8800 0.0000 0.0000 0.0000
material 0 3584 comedprj1_la fakestone1_LA 0xFFFFFFFF
obj 18980 1278.1428 754.6660 12.8800 0.0000 0.0000 0.0000
material 0 3584 comedprj1_la fakestone1_LA 0xFFFFFFFF

//外柱
obj 18980 1225.4399 772.1300 9.8200 0.0000 0.0000 0.0000
material 0 3584 comedprj1_la fakestone1_LA 0xFFFFFFFF
obj 18980 1239.4500 772.1300 9.8200 0.0000 0.0000 0.0000
material 0 3584 comedprj1_la fakestone1_LA 0xFFFFFFFF
obj 18980 1253.2100 772.1300 9.8200 0.0000 0.0000 0.0000
material 0 3584 comedprj1_la fakestone1_LA 0xFFFFFFFF
obj 18980 1259.2600 772.1300 9.8200 0.0000 0.0000 0.0000
material 0 3584 comedprj1_la fakestone1_LA 0xFFFFFFFF
obj 18980 1272.6500 772.1300 9.8200 0.0000 0.0000 0.0000
material 0 3584 comedprj1_la fakestone1_LA 0xFFFFFFFF
obj 18980 1286.6801 772.1300 9.8200 0.0000 0.0000 0.0000
material 0 3584 comedprj1_la fakestone1_LA 0xFFFFFFFF
obj 18980 1286.4050 762.7615 12.8800 0.0000 0.0000 0.0000
material 0 3584 comedprj1_la fakestone1_LA 0xFFFFFFFF
obj 18980 1286.4050 754.6660 12.8800 0.0000 0.0000 0.0000
material 0 3584 comedprj1_la fakestone1_LA 0xFFFFFFFF
obj 18980 1286.6600 722.3700 12.8800 0.0000 0.0000 0.0000
material 0 3584 comedprj1_la fakestone1_LA 0xFFFFFFFF
obj 18980 1272.6500 722.3700 12.8800 0.0000 0.0000 0.0000
material 0 3584 comedprj1_la fakestone1_LA 0xFFFFFFFF
obj 18980 1259.2600 722.3700 12.8800 0.0000 0.0000 0.0000
material 0 3584 comedprj1_la fakestone1_LA 0xFFFFFFFF
obj 18980 1253.2100 722.3700 12.8800 0.0000 0.0000 0.0000
material 0 3584 comedprj1_la fakestone1_LA 0xFFFFFFFF
obj 18980 1239.4500 722.3700 12.8800 0.0000 0.0000 0.0000
material 0 3584 comedprj1_la fakestone1_LA 0xFFFFFFFF
obj 18980 1225.4301 722.3700 12.8800 0.0000 0.0000 0.0000
material 0 3584 comedprj1_la fakestone1_LA 0xFFFFFFFF