obj 9585 -3660.50000 1552.20020 8.30000 0.00000 0.00000 0.00000
obj 9586 -3662.79980 1552.23047 18.30000 0.00000 0.00000 0.00000
obj 3095 -3688.69995 1553.09998 17.01300 0.00000 0.00000 0.00000
obj 3095 -3688.69995 1544.09998 17.01000 0.00000 0.00000 0.00000
obj 9761 -3662.19995 1552.19995 28.10000 0.00000 0.00000 0.00000
obj 9584 -3735.69995 1552.19995 27.20000 0.00000 0.00000 0.00000
obj 3570 -3697.80005 1564.30005 18.90000 0.00000 0.00000 0.00000
obj 9761 -3662.19995 1552.19995 29.00000 0.00000 0.00000 0.00000
obj 9761 -3662.20020 1552.20020 29.90000 0.00000 0.00000 0.00000
obj 9761 -3662.19995 1552.19995 30.80000 0.00000 0.00000 0.00000
obj 9761 -3662.19995 1552.19995 31.70000 0.00000 0.00000 0.00000
obj 9761 -3662.20020 1552.20020 32.60000 0.00000 0.00000 0.00000
obj 9761 -3662.19995 1552.19995 33.50000 0.00000 0.00000 0.00000
obj 9761 -3662.19995 1552.19995 34.40000 0.00000 0.00000 0.00000
obj 9761 -3662.19995 1552.19995 35.30000 0.00000 0.00000 0.00000
obj 9761 -3662.19995 1552.19995 36.20000 0.00000 0.00000 0.00000
obj 9761 -3662.20020 1552.20020 37.10000 0.00000 0.00000 0.00000
obj 9761 -3662.20020 1552.20020 38.00000 0.00000 0.00000 0.00000
obj 3570 -3689.69995 1565.69995 18.90000 0.00000 0.00000 0.00000
obj 3570 -3681.60010 1565.69995 18.90000 0.00000 0.00000 0.00000
obj 3570 -3673.50000 1565.69995 18.90000 0.00000 0.00000 0.00000
obj 3570 -3665.39990 1565.69995 18.90000 0.00000 0.00000 0.00000
obj 3570 -3657.30005 1565.09998 18.90000 0.00000 0.00000 0.00000
obj 3570 -3689.69995 1565.69995 21.50000 0.00000 0.00000 0.00000
obj 3570 -3681.60010 1565.69995 21.50000 0.00000 0.00000 0.00000
obj 3570 -3673.50000 1565.69995 21.50000 0.00000 0.00000 0.00000
obj 3570 -3665.39990 1565.69995 21.50000 0.00000 0.00000 0.00000
obj 3570 -3657.30005 1565.09998 21.50000 0.00000 0.00000 0.00000
obj 3570 -3641.09961 1568.09961 18.90000 0.00000 0.00000 0.00000
obj 3570 -3665.39941 1565.70020 24.20000 0.00000 0.00000 0.00000
obj 3570 -3673.50000 1565.70020 24.20000 0.00000 0.00000 0.00000
obj 3570 -3689.69995 1565.69995 24.20000 0.00000 0.00000 0.00000
obj 3570 -3689.69995 1565.69995 26.80000 0.00000 0.00000 0.00000
obj 9761 -3662.19995 1552.19995 38.90000 0.00000 0.00000 0.00000
obj 9761 -3662.20020 1552.20020 39.80000 0.00000 0.00000 0.00000
obj 3571 -3590.29980 1538.79980 18.90000 0.00000 0.00000 0.00000
obj 3571 -3598.39941 1538.79980 18.90000 0.00000 0.00000 0.00000
obj 3571 -3606.50000 1538.79980 18.90000 0.00000 0.00000 0.00000
obj 3570 -3649.19995 1567.69995 18.90000 0.00000 0.00000 0.00000
obj 3570 -3641.10010 1568.09998 21.60000 0.00000 0.00000 0.00000
obj 3570 -3641.10010 1568.09998 24.20000 0.00000 0.00000 0.00000
obj 3570 -3649.19995 1567.69995 21.50000 0.00000 0.00000 0.00000
obj 3570 -3630.29980 1568.20020 18.90000 0.00000 0.00000 0.00000
obj 3798 -3654.29980 1568.20020 17.60000 0.00000 0.00000 0.00000
obj 3571 -3614.60010 1539.30005 18.90000 0.00000 0.00000 0.00000
obj 3571 -3622.60010 1536.69995 18.90000 0.00000 0.00000 0.00000
obj 3571 -3590.30005 1538.80005 21.50000 0.00000 0.00000 0.00000
obj 3571 -3598.39990 1538.80005 21.50000 0.00000 0.00000 0.00000
obj 3571 -3606.50000 1538.80005 21.50000 0.00000 0.00000 0.00000
obj 3571 -3606.50000 1538.80005 24.10000 0.00000 0.00000 0.00000
obj 3571 -3606.50000 1538.80005 26.80000 0.00000 0.00000 0.00000
obj 3571 -3582.19995 1540.00000 18.90000 0.00000 0.00000 0.00000
obj 3571 -3582.19995 1540.00000 21.50000 0.00000 0.00000 0.00000
obj 3571 -3614.60010 1539.30005 21.60000 0.00000 0.00000 0.00000
obj 3571 -3622.60010 1536.69995 21.60000 0.00000 0.00000 0.00000
obj 3571 -3590.29980 1538.79980 24.20000 0.00000 0.00000 0.00000
obj 3571 -3582.19995 1540.00000 24.20000 0.00000 0.00000 0.00000
obj 3571 -3582.19995 1540.00000 26.90000 0.00000 0.00000 0.00000
obj 3571 -3630.60010 1536.30005 18.90000 0.00000 0.00000 0.00000
obj 3571 -3630.60010 1536.30005 21.60000 0.00000 0.00000 0.00000
obj 3571 -3630.60010 1536.30005 24.30000 0.00000 0.00000 0.00000
obj 3798 -3617.50000 1536.30005 17.60000 0.00000 0.00000 0.00000
obj 2934 -3700.19995 1559.40002 19.00000 0.00000 0.00000 179.99500
obj 2934 -3700.30005 1549.30005 19.00000 0.00000 0.00000 179.99500
obj 2934 -3700.30005 1538.59998 19.00000 0.00000 0.00000 179.99500
obj 2934 -3700.30005 1543.80005 21.90000 0.00000 0.00000 179.99500
obj 2934 -3700.39990 1554.30005 21.90000 0.00000 0.00000 179.99500
obj 2934 -3700.39990 1549.19995 24.80000 0.00000 0.00000 179.99500
obj 3633 -3701.00000 1548.09998 20.90000 0.00000 0.00000 0.00000
obj 3633 -3701.00000 1549.69995 20.90000 0.00000 0.00000 0.00000
obj 3633 -3699.50000 1549.59998 20.90000 0.00000 0.00000 0.00000
obj 3633 -3699.39990 1548.09998 20.90000 0.00000 0.00000 0.00000
obj 3633 -3699.39990 1548.09998 21.80000 0.00000 0.00000 0.00000
obj 3633 -3699.50000 1549.59998 21.80000 0.00000 0.00000 0.00000
obj 3633 -3701.00000 1548.09998 21.80000 0.00000 0.00000 0.00000
obj 3633 -3701.00000 1549.69995 21.80000 0.00000 0.00000 0.00000
obj 3570 -3622.19995 1568.19995 18.90000 0.00000 0.00000 0.00000
obj 2932 -3579.69995 1544.90002 19.00000 0.00000 0.00000 0.00000
obj 2932 -3579.60010 1554.19995 19.00000 0.00000 0.00000 0.00000
obj 2932 -3579.60010 1563.50000 19.00000 0.00000 0.00000 0.00000
obj 2932 -3579.50000 1558.80005 21.90000 0.00000 0.00000 0.00000
obj 2932 -3579.69995 1549.69995 21.90000 0.00000 0.00000 0.00000
obj 2932 -3579.69995 1554.30005 24.80000 0.00000 0.00000 0.00000
obj 3633 -3580.50000 1553.90002 20.90000 0.00000 0.00000 0.00000
obj 2973 -3579.69995 1565.80005 20.40000 0.00000 0.00000 0.00000
obj 2973 -3579.70288 1563.40002 20.40000 0.00000 0.00000 0.00000
obj 2973 -3579.80005 1544.90002 20.40000 0.00000 0.00000 0.00000
obj 2973 -3579.80298 1542.59998 20.40000 0.00000 0.00000 0.00000
obj 3633 -3580.50000 1553.90002 21.80000 0.00000 0.00000 0.00000
obj 3633 -3578.80005 1554.50000 20.90000 0.00000 0.00000 0.00000
obj 3633 -3578.80005 1554.50000 21.80000 0.00000 0.00000 0.00000
obj 2934 -3700.30493 1548.00000 19.00000 0.00000 0.00000 179.99500
obj 2934 -3700.30298 1550.00000 19.00000 0.00000 0.00000 179.99500
obj 2944 -3718.69995 1555.18506 25.26300 0.00000 0.00000 0.00000
obj 3570 -3606.00000 1568.09998 18.90000 0.00000 0.00000 0.00000
obj 3570 -3597.89990 1567.80005 18.90000 0.00000 0.00000 0.00000
obj 3570 -3589.79980 1567.09961 18.90000 0.00000 0.00000 0.00000
obj 3570 -3622.19995 1568.19995 21.60000 0.00000 0.00000 0.00000
obj 3570 -3606.00000 1568.09998 21.60000 0.00000 0.00000 0.00000
obj 3570 -3597.89990 1567.80005 21.60000 0.00000 0.00000 0.00000
obj 3570 -3589.80005 1567.09998 21.60000 0.00000 0.00000 0.00000
obj 3577 -3583.60010 1566.50000 18.40000 0.00000 0.00000 0.00000
obj 3570 -3589.80005 1567.09998 24.30000 0.00000 0.00000 0.00000
obj 3570 -3597.89990 1567.80005 24.30000 0.00000 0.00000 0.00000
obj 3570 -3606.00000 1568.09998 24.30000 0.00000 0.00000 0.00000
obj 3570 -3606.00000 1568.09998 27.00000 0.00000 0.00000 0.00000
obj 3570 -3606.00000 1568.09998 29.70000 0.00000 0.00000 0.00000
obj 3570 -3589.80005 1567.09998 27.00000 0.00000 0.00000 0.00000
obj 3577 -3583.60010 1566.50000 19.90000 0.00000 0.00000 90.00000
obj 3577 -3583.60010 1566.50000 21.40000 0.00000 0.00000 180.00000
obj 3571 -3640.89941 1536.29980 18.90000 0.00000 0.00000 0.00000
obj 3571 -3649.00000 1536.30005 18.90000 0.00000 0.00000 0.00000
obj 3571 -3665.30005 1536.30005 18.90000 0.00000 0.00000 0.00000
obj 3571 -3673.39990 1536.40002 18.90000 0.00000 0.00000 0.00000
obj 3571 -3681.50000 1536.80005 18.90000 0.00000 0.00000 0.00000
obj 3571 -3689.60010 1537.40002 18.90000 0.00000 0.00000 0.00000
obj 3571 -3665.30005 1536.30005 21.60000 0.00000 0.00000 0.00000
obj 3571 -3665.30005 1536.30005 24.30000 0.00000 0.00000 0.00000
obj 3571 -3673.39941 1536.40039 21.60000 0.00000 0.00000 0.00000
obj 3571 -3673.39990 1536.40002 24.30000 0.00000 0.00000 0.00000
obj 3571 -3689.60010 1537.40002 21.60000 0.00000 0.00000 0.00000
obj 3571 -3689.60010 1537.40002 24.30000 0.00000 0.00000 0.00000
obj 3571 -3681.50000 1536.80005 21.60000 0.00000 0.00000 0.00000
obj 3571 -3673.39990 1536.40002 27.00000 0.00000 0.00000 0.00000
obj 3571 -3681.50000 1536.80005 24.30000 0.00000 0.00000 0.00000
obj 3571 -3689.60010 1537.40002 27.00000 0.00000 0.00000 0.00000
obj 3577 -3696.19995 1536.80005 18.40000 0.00000 0.00000 0.00000
obj 3571 -3689.60303 1536.30005 18.90000 0.00000 0.00000 0.00000
obj 3571 -3689.60303 1536.30005 21.60000 0.00000 0.00000 0.00000
obj 3571 -3689.60303 1536.30005 24.30000 0.00000 0.00000 0.00000
obj 3577 -3696.19995 1536.80005 19.90000 0.00000 0.00000 270.00000
obj 3577 -3696.19995 1536.80005 21.40000 0.00000 0.00000 90.00000
obj 3571 -3681.50000 1536.30005 24.30300 0.00000 0.00000 0.00000
obj 2973 -3700.19995 1559.19995 20.50000 0.00000 0.00000 0.00000
obj 2973 -3700.20288 1561.69995 20.50000 0.00000 0.00000 0.00000
obj 2973 -3700.30005 1538.90002 20.50000 0.00000 0.00000 0.00000
obj 2973 -3700.30005 1536.30005 20.50000 0.00000 0.00000 0.00000
obj 3502 -3640.50000 1567.59998 27.30000 0.00000 0.00000 90.00000
obj 1690 -3617.60010 1539.09998 18.30000 0.00000 0.00000 90.00000
obj 1394 -3611.30005 1568.09998 37.10000 0.00000 0.00000 92.75000
obj 3570 -3697.79980 1564.29980 21.60000 0.00000 0.00000 0.00000
obj 1391 -3654.30005 1536.19995 25.70000 0.00000 0.00000 0.00000
obj 2669 -3615.39990 1568.09998 18.90000 0.00000 0.00000 90.00000
obj 2669 -3615.39990 1568.09998 21.50000 0.00000 0.00000 90.00000
obj 2669 -3615.39990 1568.09998 24.20000 0.00000 0.00000 90.00000
obj 3800 -3641.30005 1568.40002 26.00000 29.50000 0.00000 359.25000
obj 1508 -3634.30005 1566.19995 25.50000 0.00000 90.00000 0.00000
obj 1508 -3634.30005 1566.19995 27.90000 0.00000 90.00000 0.00000
obj 9131 -3636.10010 1540.90002 26.80000 0.00000 0.00000 0.00000
obj 1508 -3630.93994 1566.19995 25.50000 0.00000 90.00000 0.00000
obj 1508 -3630.93994 1566.19995 27.90000 0.00000 90.00000 0.00000
obj 9131 -3629.69995 1563.40002 26.80000 0.00000 0.00000 0.00000
obj 9131 -3629.69995 1568.90002 26.80000 0.00000 0.00000 0.00000
obj 9131 -3635.50000 1568.90002 26.80000 0.00000 0.00000 0.00000
obj 3570 -3622.19995 1568.19995 24.30000 0.00000 0.00000 0.00000
obj 3570 -3622.19995 1568.19995 27.00000 0.00000 0.00000 0.00000
obj 3570 -3622.19995 1568.19995 29.70000 0.00000 0.00000 0.00000
obj 2973 -3635.69995 1568.00000 17.50000 0.00000 0.00000 90.00000
obj 2973 -3635.69995 1568.00000 19.90000 0.00000 0.00000 90.00000
obj 11406 -3639.10010 1538.09998 29.00000 0.00000 0.00000 0.00000
obj 11406 -3632.60010 1566.19995 31.20000 0.00000 0.00000 0.00000
obj 11406 -3632.60010 1566.19995 33.40000 0.00000 0.00000 0.00000
obj 11406 -3632.60010 1566.19995 35.90000 0.00000 0.00000 0.00000
obj 11406 -3632.60010 1566.19995 38.60000 0.00000 0.00000 0.00000
obj 3800 -3653.89941 1568.59961 19.60000 0.00000 0.00000 0.00000
obj 1394 -3654.39990 1536.30005 37.10000 0.00000 0.00000 273.75000
obj 1391 -3611.29980 1568.09961 25.70000 0.00000 0.00000 0.00000
obj 2669 -3658.39990 1536.50000 18.90000 0.00000 0.00000 90.00000
obj 2669 -3658.39990 1536.50000 21.60000 0.00000 0.00000 90.00000
obj 2669 -3658.39990 1536.50000 24.30000 0.00000 0.00000 90.00000
obj 3502 -3631.19995 1536.59998 27.40000 0.00000 0.00000 270.00000
obj 1508 -3637.39990 1538.19995 25.50000 0.00000 90.00000 0.00000
obj 1508 -3640.77002 1538.19995 25.50000 0.00000 90.00000 0.00000
obj 9131 -3635.59961 1563.40039 26.80000 0.00000 0.00000 0.00000
obj 9131 -3642.00000 1540.90002 26.80000 0.00000 0.00000 0.00000
obj 9131 -3642.00000 1535.50000 26.80000 0.00000 0.00000 0.00000
obj 9131 -3636.19995 1535.59998 26.80000 0.00000 0.00000 0.00000
obj 1508 -3637.39990 1538.19995 27.90000 0.00000 90.00000 0.00000
obj 1508 -3640.77002 1538.19995 27.90000 0.00000 90.00000 0.00000
obj 11406 -3632.59961 1566.20020 28.90000 0.00000 0.00000 0.00000
obj 11406 -3639.10010 1538.09998 31.50000 0.00000 0.00000 0.00000
obj 11406 -3639.10010 1538.09998 33.90000 0.00000 0.00000 0.00000
obj 11406 -3639.10010 1538.09998 36.40000 0.00000 0.00000 0.00000
obj 11406 -3639.10010 1538.09998 38.90000 0.00000 0.00000 0.00000
obj 3571 -3649.00000 1536.30005 21.60000 0.00000 0.00000 0.00000
obj 3571 -3649.00000 1536.30005 24.30000 0.00000 0.00000 0.00000
obj 3571 -3649.00000 1536.30005 27.00000 0.00000 0.00000 0.00000
obj 3571 -3649.00000 1536.30005 29.70000 0.00000 0.00000 0.00000
obj 2973 -3635.69995 1536.19995 17.60000 0.00000 0.00000 0.00000
obj 2973 -3635.69995 1536.19995 20.00000 0.00000 0.00000 0.00000
obj 3800 -3626.00000 1536.40002 22.90000 0.00000 0.00000 0.00000
obj 3800 -3645.69995 1567.80005 22.80000 0.00000 0.00000 0.00000
obj 3800 -3630.30005 1535.80005 26.00000 331.00000 0.00000 0.00000
obj 3800 -3617.69995 1535.90002 19.60000 0.00000 0.00000 0.00000
obj 1690 -3654.30005 1565.19995 18.30000 0.00000 0.00000 270.00000
obj 3572 -3681.50000 1554.69995 18.90000 0.00000 0.00000 90.00000
obj 3798 -3681.19995 1557.69995 20.20000 0.00000 0.00000 0.00000
obj 3798 -3681.19995 1555.69995 20.20000 0.00000 0.00000 0.00000
obj 3798 -3681.19995 1553.69995 20.20000 0.00000 0.00000 0.00000
obj 3572 -3660.30005 1549.90002 18.90000 0.00000 0.00000 90.00000
obj 3570 -3649.20288 1568.09998 18.90000 0.00000 0.00000 0.00000
obj 3570 -3649.20288 1568.09998 21.50300 0.00000 0.00000 0.00000
obj 2973 -3646.10010 1549.09998 17.50000 0.00000 0.00000 90.00000
obj 3571 -3662.19995 1544.57996 18.90000 0.00000 0.00000 180.00000
obj 3798 -3662.50000 1546.90002 17.60000 0.00000 0.00000 0.00000
obj 3800 -3644.89990 1549.19995 19.90000 0.00000 0.00000 88.00000
obj 3798 -3597.39990 1546.80005 20.20000 0.00000 0.00000 0.00000
obj 3572 -3597.19995 1549.80005 18.90000 0.00000 0.00000 270.00000
obj 3799 -3662.80005 1562.90002 17.40000 0.00000 0.00000 90.00000
obj 3798 -3659.20020 1544.40039 20.20000 0.00000 0.00000 0.00000
obj 3798 -3597.39990 1548.80005 20.20000 0.00000 0.00000 0.00000
obj 3798 -3597.39990 1550.80005 20.20000 0.00000 0.00000 0.00000
obj 3571 -3622.60303 1536.30005 18.90000 0.00000 0.00000 0.00000
obj 3571 -3622.60303 1536.30005 21.60300 0.00000 0.00000 0.00000
obj 3800 -3626.00000 1536.40002 24.00000 0.00000 0.00000 0.00000
obj 3800 -3624.89990 1536.40002 22.90000 0.00000 0.00000 0.00000
obj 3800 -3645.69995 1567.80005 23.90000 0.00000 0.00000 0.00000
obj 3800 -3646.80005 1567.80005 22.80000 0.00000 0.00000 0.00000
obj 3571 -3613.69995 1556.59998 18.90000 0.00000 0.00000 270.00000
obj 3572 -3611.89990 1551.26001 18.90000 0.00000 0.00000 0.00000
obj 3798 -3614.80005 1551.09998 20.20000 0.00000 0.00000 0.00000
obj 3798 -3611.39990 1559.69995 17.20000 0.00000 0.00000 0.00000
obj 3800 -3611.89990 1558.09998 17.20000 0.00000 0.00000 0.00000
obj 3799 -3582.69995 1555.40002 17.50000 0.00000 0.00000 0.00000
obj 3799 -3582.70288 1552.90295 17.50300 0.00000 0.00000 0.00000
obj 3799 -3582.70020 1555.40039 19.70000 0.00000 0.00000 0.00000
obj 3799 -3582.70313 1552.90039 19.70300 0.00000 0.00000 0.00000
obj 3799 -3585.69995 1555.40002 17.50000 0.00000 0.00000 0.00000
obj 3799 -3585.70288 1552.90002 17.50300 0.00000 0.00000 0.00000
obj 3799 -3585.70313 1555.40039 19.70300 0.00000 0.00000 0.00000
obj 3799 -3585.70020 1552.90039 19.70000 0.00000 0.00000 0.00000
obj 3799 -3697.19995 1546.80005 17.50000 0.00000 0.00000 0.00000
obj 3799 -3697.19995 1551.19995 17.50000 0.00000 0.00000 0.00000
obj 3799 -3697.20288 1549.00000 17.50300 0.00000 0.00000 0.00000
obj 3799 -3697.20020 1546.79980 19.70000 0.00000 0.00000 0.00000
obj 3799 -3697.20288 1549.00000 19.70300 0.00000 0.00000 0.00000
obj 3799 -3697.20020 1551.20020 19.70000 0.00000 0.00000 0.00000
obj 3799 -3694.30005 1546.80005 17.50000 0.00000 0.00000 0.00000
obj 3799 -3694.30298 1549.00000 17.50300 0.00000 0.00000 0.00000
obj 3799 -3694.30005 1551.19995 17.50000 0.00000 0.00000 0.00000
obj 3799 -3694.29980 1546.79980 19.70000 0.00000 0.00000 0.00000
obj 3799 -3694.30591 1549.00000 19.70500 0.00000 0.00000 0.00000
obj 3799 -3694.29980 1551.20020 19.70000 0.00000 0.00000 0.00000
obj 3799 -3609.10010 1541.59998 17.40000 0.00000 0.00000 0.00000
obj 2973 -3681.60010 1539.30005 17.60000 0.00000 0.00000 90.00000
obj 2973 -3643.50000 1549.09998 17.50000 0.00000 0.00000 90.00000
obj 2935 -3633.39941 1556.50000 19.00000 0.00000 0.00000 55.99700
obj 2935 -3630.69995 1546.19995 19.00000 0.00000 0.00000 296.99799
obj 3800 -3662.09961 1548.40039 17.60000 0.00000 0.00000 0.00000
obj 958 -3697.89990 1558.19995 18.50000 0.00000 0.00000 270.00000
obj 958 -3697.89990 1561.09998 18.50000 0.00000 0.00000 270.00000
obj 2973 -3700.19995 1559.19995 22.90000 0.00000 0.00000 0.00000
obj 2973 -3700.19995 1561.69995 22.90000 0.00000 0.00000 0.00000
obj 2973 -3700.29980 1538.90039 22.90000 0.00000 0.00000 0.00000
obj 2973 -3700.30005 1536.30005 22.90000 0.00000 0.00000 0.00000
obj 2973 -3579.80005 1544.90002 22.80000 0.00000 0.00000 0.00000
obj 2973 -3579.80298 1542.59961 22.80000 0.00000 0.00000 0.00000
obj 2973 -3579.70020 1563.40039 22.80000 0.00000 0.00000 0.00000
obj 2973 -3579.69995 1565.80005 22.80000 0.00000 0.00000 0.00000
obj 958 -3582.00000 1546.40002 18.50000 0.00000 0.00000 90.00000
obj 958 -3582.00000 1543.19995 18.50000 0.00000 0.00000 90.00000
obj 2690 -3581.60010 1557.30005 17.90000 0.00000 0.00000 0.00000
obj 2690 -3581.60010 1551.00000 17.90000 0.00000 0.00000 0.00000
obj 2690 -3698.50000 1545.00000 17.90000 0.00000 0.00000 0.00000
obj 2690 -3698.50000 1553.09998 17.90000 0.00000 0.00000 0.00000
obj 9761 -3662.19995 1552.19995 40.70000 0.00000 0.00000 0.00000
obj 2064 -3581.89990 1563.50000 18.20000 0.00000 0.00000 0.00000
obj 2064 -3581.80005 1561.59998 18.20000 0.00000 0.00000 0.00000
obj 2064 -3697.89990 1540.80005 18.20000 0.00000 0.00000 0.00000
obj 2064 -3698.10010 1538.90002 18.20000 0.00000 0.00000 0.00000
obj 2935 -3631.70020 1559.09961 19.00000 0.00000 0.00000 55.99200
obj 2932 -3629.29980 1543.40039 19.00000 0.00000 0.00000 296.98801
obj 3799 -3621.00000 1565.40002 17.60000 0.00000 0.00000 0.00000
obj 3799 -3650.70020 1539.09961 17.40000 0.00000 0.00000 0.00000
obj 2973 -3597.20288 1565.30005 17.60300 0.00000 0.00000 90.00000
obj 2634 -3698.10010 1543.80005 19.00000 0.00000 0.00000 324.25000
obj 2634 -3581.89990 1558.50000 19.00000 0.00000 0.00000 145.99699
obj 3572 -3597.20288 1555.80005 18.90300 0.00000 0.00000 270.00000
obj 3798 -3597.39990 1552.80005 20.20000 0.00000 0.00000 0.00000
obj 3798 -3597.39990 1554.80005 20.20000 0.00000 0.00000 0.00000
obj 3798 -3597.39990 1556.80005 20.20000 0.00000 0.00000 0.00000
obj 3572 -3681.50293 1548.40002 18.90300 0.00000 0.00000 90.00000
obj 3798 -3681.19995 1551.69995 20.20000 0.00000 0.00000 0.00000
obj 3798 -3681.19995 1549.69995 20.20000 0.00000 0.00000 0.00000
obj 3798 -3681.19995 1547.69995 20.20000 0.00000 0.00000 0.00000
obj 3799 -3621.00293 1563.59998 17.60300 0.00000 0.00000 0.00000
obj 3799 -3650.70288 1540.40002 17.40300 0.00000 0.00000 0.00000
obj 3470 -3652.10010 1538.09998 18.60000 0.00000 0.00000 0.00000
obj 3470 -3619.50000 1566.50000 18.70000 0.00000 0.00000 180.00000
obj 3799 -3694.29980 1551.20020 21.90000 0.00000 0.00000 0.00000
obj 3799 -3697.19995 1551.19995 21.90000 0.00000 0.00000 0.00000
obj 3799 -3585.69995 1552.90002 21.90000 0.00000 0.00000 0.00000
obj 3799 -3582.69995 1552.90002 21.90000 0.00000 0.00000 0.00000
obj 3571 -3640.89990 1536.30005 21.60000 0.00000 0.00000 0.00000
obj 3570 -3630.30005 1568.19995 21.60000 0.00000 0.00000 0.00000
obj 3571 -3590.30005 1538.80005 26.90000 0.00000 0.00000 0.00000
obj 3570 -3673.50000 1565.69995 26.90000 0.00000 0.00000 0.00000
obj 3570 -3697.80005 1564.30005 24.30000 0.00000 0.00000 0.00000
obj 3796 -3713.69995 1558.50000 17.50000 0.00000 0.00000 180.00000
obj 3796 -3557.10010 1552.69995 19.00000 0.00000 0.00000 0.00000
obj 2040 -3556.50000 1553.69995 19.20000 0.00000 0.00000 0.00000
obj 2040 -3556.50000 1553.19995 19.20000 0.00000 0.00000 0.00000
obj 2040 -3556.80005 1553.19995 19.20000 0.00000 0.00000 0.00000
obj 2040 -3556.80005 1553.59998 19.20000 0.00000 0.00000 0.00000
obj 2040 -3557.10010 1553.59998 19.20000 0.00000 0.00000 0.00000
obj 2040 -3557.10010 1553.19995 19.20000 0.00000 0.00000 0.00000
obj 2040 -3557.39990 1553.19995 19.20000 0.00000 0.00000 0.00000
obj 2040 -3557.39990 1553.59998 19.20000 0.00000 0.00000 0.00000
obj 2040 -3556.69995 1552.59998 19.20000 0.00000 0.00000 0.00000
obj 2040 -3556.89990 1552.59998 19.20000 0.00000 0.00000 0.00000
obj 2040 -3557.19995 1552.59998 19.20000 0.00000 0.00000 0.00000
obj 2040 -3557.39990 1552.59998 19.20000 0.00000 0.00000 0.00000
obj 2040 -3556.89990 1552.00000 19.20000 0.00000 0.00000 0.00000
obj 2041 -3556.00000 1552.09998 19.30000 0.00000 0.00000 0.00000
obj 2041 -3556.19995 1551.59998 19.30000 0.00000 0.00000 0.00000
obj 2041 -3556.60010 1551.50000 19.30000 0.00000 0.00000 0.00000
obj 2041 -3557.10010 1551.50000 19.30000 0.00000 0.00000 0.00000
obj 2041 -3556.10010 1552.69995 19.30000 0.00000 0.00000 0.00000
obj 2041 -3557.39990 1552.00000 19.30000 0.00000 0.00000 0.00000
obj 2041 -3557.60010 1551.50000 19.30000 0.00000 0.00000 0.00000
obj 2358 -3556.10010 1554.09998 19.20000 0.00000 0.00000 0.00000
obj 2358 -3555.89990 1553.50000 19.20000 0.00000 0.00000 0.00000
obj 2358 -3558.30005 1554.09998 19.20000 0.00000 0.00000 0.00000
obj 2358 -3558.30005 1553.09998 19.20000 0.00000 0.00000 0.00000
obj 2358 -3558.19995 1552.30005 19.20000 0.00000 0.00000 0.00000
obj 2358 -3558.19995 1551.59998 19.20000 0.00000 0.00000 0.00000
obj 2358 -3712.60010 1557.19995 17.70000 0.00000 0.00000 0.00000
obj 2358 -3713.39990 1557.19995 17.70000 0.00000 0.00000 0.00000
obj 2358 -3714.19995 1557.19995 17.70000 0.00000 0.00000 0.00000
obj 2358 -3715.00000 1557.19995 17.70000 0.00000 0.00000 0.00000
obj 2358 -3715.00000 1557.69995 17.70000 0.00000 0.00000 0.00000
obj 2358 -3714.30005 1557.69995 17.70000 0.00000 0.00000 0.00000
obj 2358 -3713.39990 1557.69995 17.70000 0.00000 0.00000 0.00000
obj 2358 -3712.60010 1557.80005 17.70000 0.00000 0.00000 0.00000
obj 2358 -3712.60010 1558.30005 17.70000 0.00000 0.00000 0.00000
obj 2040 -3713.39990 1558.30005 17.70000 0.00000 0.00000 0.00000
obj 2040 -3714.39990 1558.19995 17.70000 0.00000 0.00000 0.00000
obj 2040 -3713.80005 1558.40002 17.70000 0.00000 0.00000 0.00000
obj 2040 -3714.60010 1558.80005 17.70000 0.00000 0.00000 0.00000
obj 2040 -3715.10010 1558.40002 17.90000 0.00000 0.00000 0.00000
obj 2040 -3715.00000 1559.00000 17.70000 0.00000 0.00000 0.00000
obj 2040 -3713.80005 1559.09998 17.70000 0.00000 0.00000 0.00000
obj 2040 -3713.10010 1558.90002 17.70000 0.00000 0.00000 0.00000
obj 2040 -3712.60010 1558.90002 17.70000 0.00000 0.00000 0.00000
obj 2040 -3713.50000 1559.00000 17.70000 0.00000 0.00000 0.00000
obj 2040 -3714.19995 1559.30005 17.70000 0.00000 0.00000 0.00000
obj 2042 -3713.39990 1559.80005 17.70000 0.00000 0.00000 0.00000
obj 2042 -3713.89990 1559.80005 17.70000 0.00000 0.00000 0.00000
obj 2042 -3714.50000 1559.80005 17.70000 0.00000 0.00000 0.00000
obj 2042 -3712.69995 1559.59998 17.70000 0.00000 0.00000 0.00000
obj 2567 -3715.80005 1538.69995 19.50000 0.00000 0.00000 90.00000
obj 2567 -3715.89990 1544.59998 19.50000 0.00000 0.00000 90.00000
obj 2567 -3715.80005 1550.80005 19.50000 0.00000 0.00000 90.00000
obj 2567 -3715.69995 1563.59998 19.50000 0.00000 0.00000 90.00000
obj 2654 -3716.39990 1554.30005 17.80000 0.00000 0.00000 0.00000
obj 2654 -3715.39990 1555.30005 17.80000 0.00000 0.00000 0.00000
obj 2654 -3714.39990 1554.40002 17.80000 0.00000 0.00000 0.00000
obj 3577 -3712.19995 1564.69995 18.40000 0.00000 0.00000 0.00000
obj 3577 -3558.10010 1549.19995 19.80000 0.00000 0.00000 0.00000
obj 3577 -3561.10010 1557.59998 19.80000 0.00000 0.00000 0.00000
obj 2654 -3559.69995 1554.00000 19.20000 0.00000 0.00000 0.00000
obj 2654 -3561.10010 1549.69995 19.20000 0.00000 0.00000 0.00000
obj 2654 -3560.60010 1545.40002 19.20000 0.00000 0.00000 0.00000
obj 2654 -3561.80005 1547.50000 19.20000 0.00000 0.00000 0.00000
obj 3632 -3557.50000 1556.59998 19.50000 0.00000 0.00000 0.00000
obj 3632 -3556.39990 1555.50000 19.50000 0.00000 0.00000 0.00000
obj 3632 -3558.00000 1555.80005 19.50000 0.00000 0.00000 0.00000
obj 3632 -3554.80005 1549.80005 19.50000 0.00000 0.00000 0.00000
obj 3632 -3559.80005 1545.59998 19.50000 0.00000 0.00000 0.00000
obj 3632 -3560.50000 1547.59998 19.50000 0.00000 0.00000 0.00000
obj 2934 -3631.69995 1559.09998 21.90000 0.00000 0.00000 55.99200
obj 2935 -3629.30005 1543.40002 21.90000 0.00000 0.00000 296.98801
obj 3799 -3694.30005 1546.80005 21.90000 0.00000 0.00000 0.00000
obj 3799 -3697.19995 1546.80005 21.90000 0.00000 0.00000 0.00000
obj 3799 -3585.70288 1555.40039 21.90300 0.00000 0.00000 0.00000
obj 3799 -3582.69995 1555.40002 21.90000 0.00000 0.00000 0.00000
obj 7301 -3613.30005 1534.90002 28.10000 0.00000 0.00000 315.25000
obj 2659 -3674.50000 1537.69995 22.90000 0.00000 0.00000 0.00000
obj 7301 -3660.19995 1569.59998 28.20000 0.00000 0.00000 134.99699
obj 2659 -3609.10010 1540.09998 21.20000 0.00000 0.00000 0.00000
obj 2657 -3591.10010 1565.69995 21.80000 0.00000 0.00000 0.00000
obj 2657 -3629.10010 1566.80005 21.80000 0.00000 0.00000 0.00000
obj 18066 -3641.39990 1566.80005 21.30000 0.00000 0.00000 0.00000
obj 18066 -3604.89990 1566.80005 21.20000 0.00000 0.00000 0.00000
obj 11289 -3590.00000 1540.09998 21.40000 0.00000 0.00000 180.00000
obj 11289 -3647.39990 1537.59998 21.80000 0.00000 0.00000 179.99500
obj 2048 -3681.60010 1564.40002 18.50000 0.00000 0.00000 0.00000
obj 2048 -3695.89990 1563.00000 21.00000 0.00000 0.00000 0.00000
obj 2047 -3690.60010 1538.69995 21.90000 0.00000 0.00000 180.00000
obj 2047 -3657.30005 1538.09998 19.00000 0.00000 0.00000 179.99500
obj 2729 -3633.69995 1537.59998 19.70000 0.00000 0.00000 0.00000
obj 2729 -3615.60010 1540.59998 19.60000 0.00000 0.00000 0.00000
obj 2729 -3582.39990 1541.30005 20.30000 0.00000 0.00000 0.00000
obj 2730 -3646.30005 1566.30005 19.50000 0.00000 0.00000 0.00000
obj 2730 -3674.89990 1564.30005 19.50000 0.00000 0.00000 0.00000
obj 2973 -3700.00000 1541.59998 23.30000 0.00000 0.00000 0.00000
obj 2973 -3700.00000 1544.19995 23.30000 0.00000 0.00000 0.00000
obj 2973 -3579.69995 1560.80005 23.20000 0.00000 0.00000 0.00000
obj 2973 -3579.80005 1559.09998 23.20000 0.00000 0.00000 0.00000