3dtext {0088FF}[×°°ç]*{E5E5E5}/buyattire 1820.1029 -1419.1765 13.5939
removeobj 4606 1825.000000 -1413.929687 12.554697 0.250000
removeobj 4594 1825.000000 -1413.929687 12.554697 0.250000
removeobj 5517 1883.523 -1576.445 20.195 0.250
removeobj 5634 1931.312 -1574.843 16.460 0.250
removeobj 740 1887.195 -1565.898 9.781 0.250
removeobj 740 1863.312 -1568.648 11.773 0.250
removeobj 620 1908.218 -1622.984 10.804 0.250
removeobj 1226 1857.546 -1608.117 16.390 0.250
removeobj 1308 1870.257 -1602.804 12.781 0.250
removeobj 1226 1908.281 -1608.117 16.390 0.250
removeobj 5476 1883.523 -1576.445 20.195 0.250
removeobj 5630 1928.492 -1575.968 20.554 0.250
obj 19378 1836.714233 -1410.927001 12.548935 0.000000 0.000000 -0.839999
material 0 14534 ab_wooziea walp72S 0
obj 19378 1832.015258 -1406.244750 12.548895 0.000000 0.000000 90.000000
material 0 14534 ab_wooziea walp72S 0
obj 19378 1822.438354 -1406.192382 12.548895 0.000000 0.000000 90.000000
material 0 14534 ab_wooziea walp72S 0
obj 19378 1821.910156 -1406.251464 12.548895 0.000000 0.000000 90.000000
material 0 14534 ab_wooziea walp72S 0
obj 19378 1817.191894 -1411.075439 12.548895 0.000000 0.000000 0.000000
material 0 14534 ab_wooziea walp72S 0
obj 19378 1813.583251 -1426.349243 12.548895 0.000000 0.000000 0.000000
material 0 14534 ab_wooziea walp72S 0
obj 19452 1815.496459 -1421.664062 12.978796 90.000000 0.000000 90.000000
material 0 14534 ab_wooziea walp72S 0
obj 19378 1817.220947 -1416.946044 8.459095 0.000000 0.000000 0.000000
material 0 14534 ab_wooziea walp72S 0
obj 19325 1817.190917 -1418.318115 15.725317 0.000000 0.000000 0.000000
obj 19452 1815.396484 -1421.684082 12.978796 90.000000 0.000000 90.000000
material 0 14534 ab_wooziea walp72S 0
obj 19378 1808.859741 -1436.337158 12.548895 0.000000 0.000000 90.000000
material 0 14534 ab_wooziea walp72S 0
obj 19378 1813.616821 -1431.626831 8.459095 0.000000 0.000000 0.000000
material 0 14534 ab_wooziea walp72S 0
obj 19325 1813.619873 -1432.971191 15.725296 0.000000 0.000000 0.000000
obj 19452 1803.436401 -1436.374389 12.978796 90.000000 0.000000 90.000000
material 0 14534 ab_wooziea walp72S 0
obj 19378 1801.628417 -1441.078613 12.548895 0.000000 0.000000 -0.660000
material 0 14534 ab_wooziea walp72S 0
obj 19378 1801.629150 -1443.067138 12.548895 0.000000 0.000000 -0.660000
material 0 14534 ab_wooziea walp72S 0
obj 19378 1806.257812 -1448.541503 12.548895 0.000000 0.000000 79.859970
material 0 14534 ab_wooziea walp72S 0
obj 19378 1815.770263 -1449.388305 12.548895 0.000000 0.000000 90.000000
material 0 14534 ab_wooziea walp72S 0
obj 19378 1831.931396 -1449.335571 12.548895 0.000000 0.000000 90.000000
material 0 14534 ab_wooziea walp72S 0
obj 19378 1824.009643 -1449.380981 8.459110 0.000000 0.000000 90.000000
material 0 14534 ab_wooziea walp72S 0
obj 19325 1823.877563 -1449.359008 15.725296 0.000000 0.000000 90.000000
obj 1280 1833.979125 -1450.157348 12.989398 0.000000 0.000000 90.000000
material 0 14534 ab_wooziea walp72S 0
obj 1280 1828.488891 -1450.202880 12.989398 0.000000 0.000000 90.000000
obj 1280 1818.770751 -1450.190551 12.989398 0.000000 0.000000 90.000000
obj 19378 1836.690185 -1444.584838 12.548895 0.000000 0.000000 0.000000
material 0 14534 ab_wooziea walp72S 0
obj 19378 1836.666015 -1435.081665 8.459095 0.000000 0.000000 0.000000
material 0 14534 ab_wooziea walp72S 0
obj 19325 1836.663940 -1436.575927 15.725296 0.000000 0.000000 0.000000
obj 19378 1836.693969 -1428.482910 12.548895 0.000000 0.000000 0.000000
material 0 14534 ab_wooziea walp72S 0
obj 18981 1825.541748 -1417.219482 17.982059 0.000000 90.000000 0.000000
material 0 16640 a51 ws_metalpanel1 0
obj 18981 1825.520141 -1438.623413 18.002098 0.000000 90.000000 0.000000
material 0 16640 a51 ws_metalpanel1 0
obj 18981 1813.449951 -1438.651123 18.022100 0.000000 90.000000 0.000000
material 0 16640 a51 ws_metalpanel1 0
obj 18980 1836.690185 -1415.291137 8.625800 0.000000 0.000000 0.000000
material 0 14535 ab_wooziec ab_woodborder 0
obj 18980 1836.690185 -1424.099853 8.625800 0.000000 0.000000 0.000000
material 0 14535 ab_wooziec ab_woodborder 0
obj 19452 1836.729736 -1419.766601 19.306200 0.000000 0.000000 0.000000
material 0 10765 airportgnd_sfse white 0
obj 19378 1806.901489 -1441.270019 12.545295 0.000000 90.000000 0.000000
material 0 18031 cj_exp mp_furn_floor 0
obj 19378 1807.573974 -1443.921875 12.545295 0.000000 90.000000 -10.319995
material 0 18031 cj_exp mp_furn_floor 0
obj 19378 1806.889038 -1442.332275 12.547300 0.000000 90.000000 0.000000
material 0 18031 cj_exp mp_furn_floor 0
obj 19378 1817.142822 -1444.542602 12.549300 0.000000 90.000000 0.000000
material 0 18031 cj_exp mp_furn_floor 0
obj 19378 1827.614746 -1444.542602 12.549300 0.000000 90.000000 0.000000
material 0 18031 cj_exp mp_furn_floor 0
obj 19378 1831.339965 -1444.542602 12.547300 0.000000 90.000000 0.000000
material 0 18031 cj_exp mp_furn_floor 0
obj 19378 1831.350830 -1434.925048 12.549300 0.000000 90.000000 0.000000
material 0 18031 cj_exp mp_furn_floor 0
obj 19378 1831.354370 -1425.300048 12.549300 0.000000 90.000000 0.000000
material 0 18031 cj_exp mp_furn_floor 0
obj 19378 1831.358764 -1415.690673 12.549300 0.000000 90.000000 0.000000
material 0 18031 cj_exp mp_furn_floor 0
obj 19378 1822.436645 -1411.082031 12.545295 0.000000 90.000000 0.000000
material 0 18031 cj_exp mp_furn_floor 0
obj 19378 1822.492431 -1420.588378 12.547300 0.000000 90.000000 0.000000
material 0 18031 cj_exp mp_furn_floor 0
obj 19378 1818.914794 -1434.940429 12.549300 0.000000 90.000000 0.000000
material 0 18031 cj_exp mp_furn_floor 0
obj 19378 1825.716308 -1435.099121 12.547300 0.000000 90.000000 0.000000
material 0 18031 cj_exp mp_furn_floor 0
obj 19442 1812.917968 -1438.117553 12.533395 0.000000 90.000000 90.000000
material 0 18031 cj_exp mp_furn_floor 0
obj 19378 1831.597534 -1415.212524 8.236470 0.000000 0.000000 90.000000
material 0 18025 genintclothessport mp_diner_wood 0
obj 19378 1822.063232 -1415.212524 8.236495 0.000000 0.000000 90.000000
material 0 18025 genintclothessport mp_diner_wood 0
obj 19442 1826.871093 -1414.792602 13.284399 0.000000 90.000000 0.000000
material 0 18025 genintclothessport mp_diner_wood 0
obj 19442 1826.871093 -1415.032592 13.124400 0.000000 90.000000 0.000000
material 0 18025 genintclothessport mp_diner_wood 0
obj 19442 1826.871093 -1415.292602 12.944396 0.000000 90.000000 0.000000
material 0 18025 genintclothessport mp_diner_wood 0
obj 19442 1826.871093 -1415.532592 12.784399 0.000000 90.000000 0.000000
material 0 18025 genintclothessport mp_diner_wood 0
obj 19442 1826.871093 -1415.792602 12.624400 0.000000 90.000000 0.000000
material 0 18025 genintclothessport mp_diner_wood 0
obj 19452 1831.805053 -1413.559936 13.407400 0.000000 90.000000 90.000000
material 0 18025 genintclothessport mp_diner_wood 0
obj 19452 1822.176879 -1413.559936 13.407400 0.000000 90.000000 90.000000
material 0 18025 genintclothessport mp_diner_wood 0
obj 19452 1822.076904 -1413.539916 13.405400 0.000000 90.000000 90.000000
obj 19452 1831.805053 -1410.061889 13.407400 0.000000 90.000000 90.000000
material 0 18025 genintclothessport mp_diner_wood 0
obj 19452 1831.805053 -1407.981933 13.405400 0.000000 90.000000 90.000000
material 0 18025 genintclothessport mp_diner_wood 0
obj 19452 1822.176879 -1407.981933 13.405400 0.000000 90.000000 90.000000
material 0 18025 genintclothessport mp_diner_wood 0
obj 19452 1822.176879 -1410.061889 13.407400 0.000000 90.000000 90.000000
material 0 18025 genintclothessport mp_diner_wood 0
obj 970 1834.066772 -1415.222045 13.955495 0.000000 0.000000 0.000000
material 0 19325 lsmall_shops lsmall_window01 -1
obj 3462 1826.834472 -1406.972290 14.757495 0.000000 0.000000 90.000000
material 0 3080 adjumpx jumptop1_64 0
obj 970 1830.646728 -1415.218017 13.955495 0.000000 0.000000 0.000000
material 0 19325 lsmall_shops lsmall_window01 -1
obj 19442 1828.536132 -1416.337646 12.096695 -60.000000 0.000000 0.000000
material 0 18025 genintclothessport mp_diner_wood 0
obj 19442 1825.081665 -1416.337646 12.096695 -60.000000 0.000000 0.000000
material 0 18025 genintclothessport mp_diner_wood 0
obj 970 1822.960693 -1415.221557 13.955495 0.000000 0.000000 0.000000
material 0 19325 lsmall_shops lsmall_window01 -1
obj 970 1819.381958 -1415.217895 13.955495 0.000000 0.000000 0.000000
material 0 19325 lsmall_shops lsmall_window01 -1
obj 19378 1818.872070 -1426.510986 12.545295 0.000000 90.000000 0.000000
material 0 18031 cj_exp mp_furn_floor 0
obj 19378 1829.347045 -1427.775634 12.545295 0.000000 90.000000 0.000000
material 0 18031 cj_exp mp_furn_floor 0
obj 2387 1825.732055 -1448.803588 12.631223 0.000000 0.000000 0.000000
material 2 14534 ab_wooziea walp72S 0
material 3 14534 ab_wooziea walp72S 0
material 4 14534 ab_wooziea walp72S 0
obj 2387 1821.902954 -1448.784545 12.641228 0.000000 0.000000 0.000000
material 2 14534 ab_wooziea walp72S 0
material 3 14534 ab_wooziea walp72S 0
material 4 14534 ab_wooziea walp72S 0
obj 2387 1815.571411 -1427.320678 12.641244 0.000000 0.000000 0.000000
material 2 14534 ab_wooziea walp72S 0
material 3 14534 ab_wooziea walp72S 0
material 4 14534 ab_wooziea walp72S 0
obj 2387 1815.372436 -1424.170288 12.641227 0.000000 0.000000 0.000000
material 0 16146 des_ufoinn des_probesign 0
material 1 16146 des_ufoinn clukpost1_LAe2 0
material 2 14534 ab_wooziea walp72S 0
material 3 14534 ab_wooziea walp72S 0
material 4 14534 ab_wooziea walp72S 0
obj 2387 1815.589965 -1430.171752 12.641224 0.000000 0.000000 0.000000
material 0 14544 ab_woozieb otb_signs 0
material 1 14535 ab_wooziec wall4 0
material 2 14534 ab_wooziea walp72S 0
material 3 14534 ab_wooziea walp72S 0
material 4 14534 ab_wooziea walp72S 0
obj 2376 1804.971313 -1443.099853 12.595232 0.000000 0.000000 91.999977
material 0 14534 ab_wooziea walp72S 0
material 1 14534 ab_wooziea walp72S 0
material 2 14534 ab_wooziea walp72S 0
material 3 14534 ab_wooziea walp72S 0
obj 2376 1808.030151 -1438.148315 12.715227 0.000000 0.000000 0.000000
material 0 14534 ab_wooziea walp72S 0
material 1 14534 ab_wooziea walp72S 0
material 2 14534 ab_wooziea walp72S 0
material 3 14534 ab_wooziea walp72S 0
obj 2376 1808.571044 -1447.690795 12.655226 0.000000 0.000000 0.000000
material 0 14534 ab_wooziea walp72S 0
material 1 14534 ab_wooziea walp72S 0
material 2 14534 ab_wooziea walp72S 0
material 3 14534 ab_wooziea walp72S 0
obj 2376 1815.370239 -1434.718261 12.695238 0.000000 0.000000 91.900001
material 0 14534 ab_wooziea walp72S 0
material 1 14534 ab_wooziea walp72S 0
material 2 14534 ab_wooziea walp72S 0
material 3 14534 ab_wooziea walp72S 0
obj 2386 1815.314208 -1433.120971 13.135229 0.000000 0.000000 0.000000
obj 2386 1815.404296 -1434.070434 13.185230 0.000000 0.000000 0.000000
obj 2386 1809.700927 -1438.240478 13.145233 0.000000 0.000000 0.000000
obj 2386 1805.020141 -1441.428710 13.013278 0.799997 -0.799997 91.800025
obj 2386 1810.246582 -1446.960693 13.095232 0.000000 0.000000 179.100051
obj 2386 1808.663574 -1438.251342 13.155231 0.000000 0.000000 0.000000
obj 2386 1809.226928 -1446.973022 13.085234 0.000000 0.099999 178.499984
obj 2386 1805.013549 -1442.459350 13.025234 0.000000 0.000000 91.500015
obj 2375 1836.027832 -1446.657104 12.543231 0.000000 0.000000 88.799972
material 3 14534 ab_wooziea walp72S 0
material 4 14534 ab_wooziea walp72S 0
obj 2375 1813.992675 -1448.795288 12.543218 0.000000 0.000000 0.000000
material 0 14544 ab_woozieb ap_screens1 0
material 1 14544 ab_woozieb otb_mach1 0
material 2 14544 ab_woozieb otb_signs 0
material 3 14534 ab_wooziea walp72S 0
material 4 14534 ab_wooziea walp72S 0
obj 2375 1830.804687 -1448.744506 12.543231 0.000000 0.000000 0.000000
material 3 14534 ab_wooziea walp72S 0
material 4 14534 ab_wooziea walp72S 0
obj 2375 1823.659667 -1430.718139 12.605231 0.000000 0.000000 0.000000
material 1 14534 ab_wooziea walp72S -12289
obj 2708 1836.275390 -1428.864501 12.541229 0.000000 0.000000 -89.499992
material 1 14534 ab_wooziea walp72S -12289
obj 2375 1823.659667 -1433.269165 12.585222 0.000000 0.000000 0.000000
material 1 14534 ab_wooziea walp72S -12289
obj 2375 1823.659667 -1427.527709 12.665224 0.000000 0.000000 0.000000
material 1 14534 ab_wooziea walp72S -12289
obj 2375 1823.659667 -1435.968750 12.595223 0.000000 0.000000 0.000000
material 1 14534 ab_wooziea walp72S -12289
obj 2392 1836.133056 -1429.487915 14.345236 0.000000 0.000000 0.000000
obj 19327 1836.863159 -1420.786499 19.940628 0.000000 0.000000 90.099983
materialtext 0 {0088FF}ÓÅ 130 Ariel 255 0 -16777216 -1 0
obj 2386 1836.136352 -1429.644897 13.096507 1.000000 0.000000 -91.900024
material 1 14534 ab_wooziea walp72S -12289
obj 2386 1836.186279 -1430.213623 13.635235 0.000000 0.000000 -92.300025
obj 2386 1836.199340 -1428.873168 13.635234 0.000000 0.000000 -91.099945
obj 19327 1836.905883 -1417.760620 19.940626 0.000000 0.000000 89.999984
materialtext 0 {0088FF}ÒÂ 130 Ariel 255 0 -16777216 -1 0
obj 19327 1836.899902 -1419.340332 19.940635 0.000000 0.000000 90.000030
materialtext 0 {0088FF}¿â 130 Ariel 255 0 -16777216 -1 0
obj 2372 1831.466918 -1426.622802 12.625227 0.000000 0.000000 0.000000
obj 2372 1831.428588 -1437.483032 12.655234 0.000000 0.000000 0.000000
obj 2372 1831.468383 -1434.161743 12.665225 0.000000 0.000000 0.000000
obj 2372 1831.397827 -1430.512573 12.685232 0.000000 0.000000 0.000000
obj 2372 1831.447387 -1440.934204 12.675225 0.000000 0.000000 0.000000
obj 2382 1831.267211 -1433.503906 13.355231 0.000000 0.000000 0.000000
obj 2382 1831.226684 -1440.245971 13.355232 0.000000 0.000000 0.000000
obj 2382 1831.207519 -1429.922729 13.365235 0.000000 0.000000 0.000000
obj 2382 1831.257568 -1426.185058 13.315235 0.000000 0.000000 0.000000
obj 2382 1831.317016 -1436.955810 13.415234 0.000000 0.000000 0.000000
obj 2379 1830.091918 -1407.939575 13.513331 0.000000 0.000000 0.000000
obj 2379 1820.953002 -1407.938964 13.533329 0.000000 0.000000 0.000000
obj 2708 1836.309448 -1408.641845 13.503335 0.000000 0.000000 -90.800071
obj 2708 1817.550170 -1410.762329 13.443333 0.000000 0.000000 89.999984
obj 2689 1823.442749 -1408.390502 14.913331 0.000000 0.000000 0.000000
obj 2689 1820.932250 -1408.350463 14.923336 0.000000 0.000000 0.000000
obj 2689 1822.612182 -1408.351074 14.913337 0.000000 0.000000 0.000000
obj 2689 1821.771972 -1408.353027 14.913346 0.000000 0.000000 0.000000
obj 2704 1830.905029 -1408.324340 14.903335 0.000000 0.000000 0.000000
obj 2704 1830.075073 -1408.346679 14.893343 0.000000 0.000000 0.000000
obj 2704 1831.766235 -1408.325317 14.893341 0.000000 0.000000 0.000000
obj 2704 1832.566528 -1408.435791 14.903338 0.000000 0.000000 0.000000
obj 2654 1836.184814 -1409.379028 14.163332 0.000000 0.000000 176.400009
obj 2698 1818.223022 -1414.216796 14.493335 0.000000 0.000000 0.000000
obj 2698 1834.352539 -1413.737670 14.473338 0.000000 0.000000 0.000000
obj 2698 1822.533569 -1414.147338 14.493335 0.000000 0.000000 0.000000
obj 2698 1830.923828 -1413.647827 14.493335 0.000000 0.000000 0.000000
obj 2399 1835.330200 -1426.192504 13.635235 0.000000 0.000000 -89.300010
obj 2399 1822.670776 -1424.299194 13.605236 0.000000 0.000000 179.299896
obj 2396 1821.165039 -1424.900512 13.635235 0.000000 0.000000 0.000000
obj 2054 1820.436767 -1443.505981 13.735237 0.000000 0.000000 0.000000
obj 2388 1822.909667 -1424.346435 12.643231 0.000000 0.000000 0.000000
material 0 14534 ab_wooziea walp72S 0
obj 2388 1824.769775 -1424.326171 12.653228 0.000000 0.000000 0.000000
material 0 14534 ab_wooziea walp72S 0
obj 2388 1835.880615 -1425.955200 12.653241 0.000000 0.000000 0.000000
material 0 14534 ab_wooziea walp72S 0
obj 2388 1821.399291 -1424.376220 12.653233 0.000000 0.000000 0.000000
material 0 14534 ab_wooziea walp72S 0
obj 2435 1819.147949 -1418.629028 12.663240 0.000000 0.000000 89.399993
material 0 -1 none none 0
material 1 -1 none none 0
obj 2435 1819.136596 -1420.472290 12.663234 0.000000 0.000000 89.899971
obj 2435 1819.139648 -1419.549560 12.663228 0.000000 0.000000 89.599960
obj 2435 1819.151000 -1417.725341 12.663450 0.000000 0.399998 89.899993
obj 1514 1819.151123 -1418.552978 13.973243 0.000000 0.000000 90.400001
obj 19807 1819.255004 -1419.139526 13.803238 0.000000 0.000000 -88.800003
obj 18075 1811.272460 -1441.866455 17.445251 0.000000 0.000000 88.200019
obj 18075 1826.858398 -1438.450683 17.335231 0.000000 0.000000 0.000000
obj 18075 1826.899047 -1424.089599 17.415264 0.000000 0.000000 0.000000
obj 18075 1826.564086 -1412.460449 17.371265 0.000000 0.000000 89.699981
obj 2654 1817.591308 -1410.074584 14.083330 0.000000 0.000000 0.000000
obj 2372 1832.221679 -1410.406005 13.533329 0.000000 0.000000 89.099975
obj 2372 1822.193115 -1410.350341 13.523331 0.000000 0.000000 90.399971
obj 2698 1804.583251 -1446.318969 13.633235 0.000000 0.000000 0.000000
obj 2698 1803.842407 -1438.248901 13.633235 0.000000 0.000000 0.000000
obj 2394 1821.563110 -1410.573974 14.233329 0.000000 0.000000 0.000000
obj 2394 1831.588989 -1410.629272 14.253334 0.000000 0.000000 0.000000
obj 2382 1830.041503 -1407.396972 14.783341 0.000000 0.000000 0.000000
obj 2382 1832.629638 -1407.407714 14.773339 0.000000 0.000000 0.000000
obj 2382 1820.889038 -1407.348144 14.813339 0.000000 0.000000 0.000000
obj 2382 1823.498168 -1407.367919 14.803336 0.000000 0.000000 0.000000
obj 2392 1817.720336 -1410.139160 15.253343 0.000000 0.000000 0.000000
obj 2392 1836.153442 -1409.259033 15.303343 0.000000 0.000000 0.000000
obj 2386 1823.376708 -1406.947875 13.893337 0.000000 0.000000 89.700073
obj 2386 1832.464477 -1406.864746 13.853342 0.000000 0.000000 88.299980
obj 2386 1830.113403 -1406.916748 13.843336 0.000000 0.000000 -88.800041
obj 2386 1821.067871 -1406.841308 13.863335 0.000000 0.000000 -88.399955
obj 2386 1823.376586 -1407.880371 13.873337 0.000000 0.000000 90.400009
obj 2386 1830.126831 -1407.818237 13.843342 0.000000 0.000000 -90.899986
obj 2386 1832.463378 -1407.871459 13.843334 0.000000 0.000000 89.400016
obj 2386 1821.084228 -1407.839843 13.863334 0.000000 0.000000 -90.299964
obj 2396 1824.519287 -1424.852539 13.635236 0.000000 0.000000 0.000000
obj 2396 1822.658203 -1424.882568 13.635236 0.000000 0.000000 0.000000
obj 2399 1824.513061 -1424.307861 13.635236 0.000000 0.000000 -177.399993
obj 2399 1821.161987 -1424.322143 13.615237 0.000000 0.000000 179.700042
obj 2414 1825.619873 -1443.487426 12.655219 0.000000 0.000000 0.000000
material 0 14652 ab_trukstpa mp_diner_wood 0
material 1 14652 ab_trukstpa mp_diner_wood 0
material 2 14652 ab_trukstpa mp_diner_wood 0
obj 2414 1823.630493 -1443.487792 12.655240 0.000000 0.000000 0.000000
material 0 14652 ab_trukstpa mp_diner_wood 0
material 1 14652 ab_trukstpa mp_diner_wood 0
material 2 14652 ab_trukstpa mp_diner_wood 0
obj 2414 1821.629028 -1443.487670 12.655233 0.000000 0.000000 0.000000
material 0 14652 ab_trukstpa mp_diner_wood 0
material 1 14652 ab_trukstpa mp_diner_wood 0
material 2 14652 ab_trukstpa mp_diner_wood 0
obj 2414 1819.629516 -1443.487670 12.655241 0.000000 0.000000 0.000000
material 0 14652 ab_trukstpa mp_diner_wood 0
material 1 14652 ab_trukstpa mp_diner_wood 0
material 2 14652 ab_trukstpa mp_diner_wood 0
obj 2414 1820.664184 -1442.696411 12.655234 0.000000 0.000000 179.900161
material 0 14652 ab_trukstpa mp_diner_wood 0
material 1 14652 ab_trukstpa mp_diner_wood 0
material 2 14652 ab_trukstpa mp_diner_wood 0
obj 2414 1822.664672 -1442.706909 12.655239 0.000000 0.000000 179.700057
material 0 14652 ab_trukstpa mp_diner_wood 0
material 1 14652 ab_trukstpa mp_diner_wood 0
material 2 14652 ab_trukstpa mp_diner_wood 0
obj 2414 1824.650634 -1442.703491 12.655236 0.000000 0.000000 -179.700012
material 0 14652 ab_trukstpa mp_diner_wood 0
material 1 14652 ab_trukstpa mp_diner_wood 0
material 2 14652 ab_trukstpa mp_diner_wood 0
obj 2414 1826.651855 -1442.703857 12.655239 0.000000 0.000000 -179.899993
material 0 14652 ab_trukstpa mp_diner_wood 0
material 1 14652 ab_trukstpa mp_diner_wood 0
material 2 14652 ab_trukstpa mp_diner_wood 0
obj 18638 1826.283203 -1442.689208 13.858387 0.000000 -90.999893 0.000000
obj 18639 1820.455078 -1442.664306 13.773247 0.000000 -91.600051 1.499999
obj 18927 1826.272338 -1443.480590 13.775896 -7.899998 -90.099960 -177.900070
obj 18946 1824.455810 -1443.538208 13.765432 -6.499996 -89.799972 0.000000
obj 18948 1822.668701 -1443.526000 13.747914 -13.199999 -90.800018 177.099929
obj 19065 1824.408813 -1442.568237 13.756456 -0.299998 30.100000 90.800003
obj 19093 1822.693481 -1442.636718 13.742890 1.500000 -90.299949 0.000000