562 -5.0 0.0 -21.0
411 -5.0 0.0 -21.0
451 -5.0 0.0 -21.0
541 -5.0 0.0 -21.0
415 -5.0 0.0 -21.0
477 -5.0 0.0 -21.0
555 -5.0 0.0 -21.0
415 -5.0 0.0 -21.0
401 -5.0 0.0 -21.0
402 -5.0 0.0 -21.0
404 -5.0 0.0 -21.0
405 -5.0 0.0 -21.0
409 -5.0 0.0 -21.0
410 -5.0 0.0 -21.0
412 -5.0 0.0 -21.0
418 -5.0 0.0 -21.0
419 -5.0 0.0 -21.0
421 -5.0 0.0 -21.0
422 -5.0 0.0 -21.0
426 -5.0 0.0 -21.0
429 -5.0 0.0 -21.0
436 -5.0 0.0 -21.0
439 -5.0 0.0 -21.0
445 -5.0 0.0 -21.0
458 -5.0 0.0 -21.0
466 -5.0 0.0 -21.0
467 -5.0 0.0 -21.0
474 -5.0 0.0 -21.0
475 -5.0 0.0 -21.0
479 -5.0 0.0 -21.0
480 -5.0 0.0 -21.0
491 -5.0 0.0 -21.0
492 -5.0 0.0 -21.0
496 -5.0 0.0 -21.0
504 -5.0 0.0 -21.0
507 -5.0 0.0 -21.0
516 -5.0 0.0 -21.0
517 -5.0 0.0 -21.0
518 -5.0 0.0 -21.0
526 -5.0 0.0 -21.0
527 -5.0 0.0 -21.0
529 -5.0 0.0 -21.0
533 -5.0 0.0 -21.0
534 -5.0 0.0 -21.0
536 -5.0 0.0 -21.0
540 -5.0 0.0 -21.0
542 -5.0 0.0 -21.0
545 -5.0 0.0 -21.0
546 -5.0 0.0 -21.0
547 -5.0 0.0 -21.0
549 -5.0 0.0 -21.0
550 -5.0 0.0 -21.0
551 -5.0 0.0 -21.0
558 -5.0 0.0 -21.0
559 -5.0 0.0 -21.0
561 -5.0 0.0 -21.0
565 -5.0 0.0 -21.0
566 -5.0 0.0 -21.0
567 -5.0 0.0 -21.0
575 -5.0 0.0 -21.0
576 -5.0 0.0 -21.0
580 -5.0 0.0 -21.0
585 -5.0 0.0 -21.0
589 -5.0 0.0 -21.0
600 -5.0 0.0 -21.0
603 -5.0 0.0 -21.0
604 -5.0 0.0 -21.0
605 -5.0 0.0 -21.0
