changeobj 1506 -2437.9941, 2354.1694, 3.9817 0.0000, 0.0000, 10.5000 1502
changeobj 1506 -2445.8862, 2352.6294, 7.5774 0.0000, 0.0000, 9.0600 1502
sell 10819 -2422.0857, 2346.1912, 4.9150
area -2436.2600 2356.2151 25.0
obj 19454 -2427.553 2354.330 3.890 0.000 90.000 280.271
material 0 14711 vgshm2int2 HSV_carpet1 0
obj 19454 -2427.549 2354.572 7.557 0.000 90.000 281.489
material 0 3980 cityhall_lan citywall1 0
obj 19454 -2449.724 2350.234 5.687 0.000 0.000 12.029
material 0 3980 cityhall_lan citywall1 0
obj 19454 -2427.858 2356.135 5.687 0.000 0.000 280.431
material 0 3980 cityhall_lan citywall1 0
obj 19454 -2429.812 2365.399 3.948 0.000 90.000 100.946
material 0 7630 miragecasino1 cparkvgn4_256 0
obj 19454 -2424.567 2363.237 9.146 0.000 0.000 12.029
material 0 3980 cityhall_lan citywall1 0
obj 19454 -2426.866 2351.156 7.557 0.000 90.000 281.489
material 0 3980 cityhall_lan citywall1 0
obj 19454 -2427.081 2351.745 3.900 0.000 90.000 281.489
material 0 14711 vgshm2int2 HSV_carpet1 0
obj 19454 -2432.522 2347.158 3.913 0.000 90.000 281.489
material 0 14711 vgshm2int2 HSV_carpet1 0
obj 19454 -2426.423 2348.360 3.900 0.000 90.000 281.489
material 0 14711 vgshm2int2 HSV_carpet1 0
obj 19454 -2433.235 2350.583 3.913 0.000 90.000 281.489
material 0 14711 vgshm2int2 HSV_carpet1 0
obj 19454 -2424.237 2361.785 9.156 0.000 0.000 12.029
material 0 3980 cityhall_lan citywall1 0
obj 19454 -2439.200 2363.503 3.948 0.000 90.000 100.946
material 0 7630 miragecasino1 cparkvgn4_256 0
obj 19454 -2429.019 2361.296 3.915 0.000 90.000 100.946
material 0 7630 miragecasino1 cparkvgn4_256 0
obj 19454 -2438.473 2359.492 3.915 0.000 90.000 100.946
material 0 7630 miragecasino1 cparkvgn4_256 0
obj 19454 -2429.683 2364.684 3.915 0.000 90.000 100.946
material 0 7630 miragecasino1 cparkvgn4_256 0
obj 19454 -2439.124 2362.917 3.915 0.000 90.000 100.946
material 0 7630 miragecasino1 cparkvgn4_256 0
obj 19357 -2446.112 2357.287 5.746 0.000 0.000 281.070
material 0 14846 genintintpoliceb cop_cellwall 0
obj 19357 -2451.222 2357.837 5.746 0.000 0.000 192.011
material 0 14846 genintintpoliceb cop_cellwall 0
obj 19357 -2449.254 2356.659 5.746 0.000 0.000 281.070
material 0 14846 genintintpoliceb cop_cellwall 0
obj 19357 -2451.883 2360.957 5.746 0.000 0.000 192.011
material 0 14846 genintintpoliceb cop_cellwall 0
obj 19357 -2450.674 2362.885 5.746 0.000 0.000 281.070
material 0 14846 genintintpoliceb cop_cellwall 0
obj 19357 -2447.543 2363.500 5.746 0.000 0.000 281.070
material 0 14846 genintintpoliceb cop_cellwall 0
obj 19387 -2445.285 2360.658 5.770 0.000 0.000 11.958
material 0 14846 genintintpoliceb cop_cellwall 0
obj 19430 -2445.814 2362.998 5.745 0.000 0.000 12.612
material 0 14846 genintintpoliceb cop_cellwall 0
obj 19430 -2444.791 2358.374 5.745 0.000 0.000 12.612
material 0 14846 genintintpoliceb cop_cellwall 0
obj 19435 -2447.907 2345.776 5.704 0.000 0.000 281.377
material 0 3980 cityhall_lan citywall1 0
obj 19408 -2429.201 2367.260 9.192 0.000 0.000 101.823
material 0 3980 cityhall_lan citywall1 0
obj 19435 -2440.290 2352.896 5.704 0.000 0.000 10.211
material 0 3980 cityhall_lan citywall1 0
obj 19408 -2434.152 2354.950 5.699 0.000 0.000 280.883
material 0 3980 cityhall_lan citywall1 0
obj 19435 -2439.467 2348.168 5.704 0.000 0.000 189.902
material 0 3980 cityhall_lan citywall1 0
obj 19454 -2451.369 2358.036 5.687 0.000 0.000 12.029
material 0 3980 cityhall_lan citywall1 0
obj 19435 -2440.195 2347.293 5.704 0.000 0.000 281.377
material 0 3980 cityhall_lan citywall1 0
obj 19408 -2445.551 2346.265 5.699 0.000 0.000 281.279
material 0 3980 cityhall_lan citywall1 0
obj 19435 -2426.883 2367.727 9.142 0.000 0.000 280.690
material 0 3980 cityhall_lan citywall1 0
obj 19399 -2445.579 2346.279 5.704 0.000 0.000 280.872
material 0 14706 labig2int2 HS3_wall5 0
obj 19399 -2439.929 2350.647 5.704 0.000 0.000 10.960
material 0 14706 labig2int2 HS3_wall5 0
obj 19399 -2442.508 2346.884 5.704 0.000 0.000 280.872
material 0 14706 labig2int2 HS3_wall5 0
obj 19426 -2440.397 2352.943 5.727 0.000 0.000 189.891
material 0 14706 labig2int2 HS3_wall5 0
obj 19426 -2447.871 2345.866 5.727 0.000 0.000 280.176
material 0 14706 labig2int2 HS3_wall5 0
obj 19426 -2439.532 2348.336 5.727 0.000 0.000 189.891
material 0 14706 labig2int2 HS3_wall5 0
obj 19426 -2440.220 2347.350 5.727 0.000 0.000 280.176
material 0 14706 labig2int2 HS3_wall5 0
obj 19353 -2449.648 2350.354 5.719 0.000 0.000 11.838
material 0 14706 labig2int2 HS3_wall5 0
obj 19353 -2442.087 2353.357 5.719 0.000 0.000 281.054
material 0 14706 labig2int2 HS3_wall5 0
obj 19383 -2445.163 2352.744 5.683 0.000 0.000 281.241
material 0 14706 labig2int2 HS3_wall5 0
obj 19353 -2448.307 2352.156 5.719 0.000 0.000 281.054
material 0 14706 labig2int2 HS3_wall5 0
obj 19353 -2449.020 2347.363 5.719 0.000 0.000 11.838
material 0 14706 labig2int2 HS3_wall5 0
obj 19446 -2424.629 2363.185 5.737 0.000 0.000 12.049
material 0 13717 roads_lahills snpedtest1blend 0
obj 19450 -2427.905 2356.261 5.774 0.000 0.000 281.697
material 0 14710 vgshm3int2 HSV_3wall2 0
obj 19354 -2432.329 2366.606 5.713 0.000 0.000 281.389
material 0 13717 roads_lahills snpedtest1blend 0
obj 19384 -2438.394 2360.832 5.716 0.000 0.000 43.786
material 0 13717 roads_lahills snpedtest1blend 0
obj 19427 -2436.599 2359.297 5.691 0.000 0.000 61.553
material 0 13717 roads_lahills snpedtest1blend 0
obj 19427 -2439.957 2364.232 5.691 0.000 0.000 11.159
material 0 13717 roads_lahills snpedtest1blend 0
obj 19427 -2439.664 2362.724 5.691 0.000 0.000 12.092
material 0 13717 roads_lahills snpedtest1blend 0
obj 19358 -2446.095 2357.182 5.738 0.000 0.000 101.267
material 0 14710 vgshm3int2 HSV_3wall2 0
obj 19431 -2445.343 2364.001 5.712 0.000 0.000 100.981
material 0 14710 vgshm3int2 HSV_3wall2 0
obj 19431 -2441.156 2353.580 5.745 0.000 0.000 101.451
material 0 14710 vgshm3int2 HSV_3wall2 0
obj 19431 -2440.018 2364.235 5.679 0.000 0.000 11.273
material 0 14710 vgshm3int2 HSV_3wall2 0
obj 19388 -2437.241 2354.384 5.757 0.000 0.000 100.740
material 0 14710 vgshm3int2 HSV_3wall2 0
obj 19408 -2439.871 2350.526 5.699 0.000 0.000 191.055
material 0 3980 cityhall_lan citywall1 0
obj 19362 -2450.884 2362.990 9.165 0.000 0.000 101.265
material 0 3980 cityhall_lan citywall1 0
obj 19408 -2450.668 2354.817 9.170 0.000 0.000 192.316
material 0 3980 cityhall_lan citywall1 0
obj 19362 -2435.542 2366.043 9.190 0.000 0.000 101.265
material 0 3980 cityhall_lan citywall1 0
obj 19435 -2439.632 2353.875 5.704 0.000 0.000 282.533
material 0 3980 cityhall_lan citywall1 0
obj 19435 -2426.256 2367.859 9.152 0.000 0.000 280.690
material 0 3980 cityhall_lan citywall1 0
obj 19400 -2429.200 2367.191 5.697 0.000 0.000 281.162
material 0 13717 roads_lahills snpedtest1blend 0
obj 19354 -2438.437 2365.338 5.713 0.000 0.000 281.389
material 0 13717 roads_lahills snpedtest1blend 0
obj 19400 -2435.446 2365.961 5.697 0.000 0.000 281.162
material 0 13717 roads_lahills snpedtest1blend 0
obj 19427 -2426.307 2367.794 5.689 0.000 0.000 280.631
material 0 13717 roads_lahills snpedtest1blend 0
obj 19427 -2426.882 2367.668 5.689 0.000 0.000 280.631
material 0 13717 roads_lahills snpedtest1blend 0
obj 19408 -2442.513 2346.847 5.699 0.000 0.000 280.883
material 0 3980 cityhall_lan citywall1 0
obj 19362 -2438.602 2365.335 5.690 0.000 0.000 101.265
material 0 3980 cityhall_lan citywall1 0
obj 19362 -2426.949 2358.855 7.505 0.000 90.000 101.769
material 0 14847 mp_policesf mp_cop_lectern 0
obj 19362 -2451.332 2357.941 9.161 0.000 0.000 11.972
material 0 3980 cityhall_lan citywall1 0
obj 19358 -2434.398 2359.117 5.738 0.000 0.000 101.267
material 0 14710 vgshm3int2 HSV_3wall2 0
obj 19358 -2441.963 2353.395 5.738 0.000 0.000 280.714
material 0 14710 vgshm3int2 HSV_3wall2 0
obj 19358 -2449.190 2356.565 5.738 0.000 0.000 101.267
material 0 14710 vgshm3int2 HSV_3wall2 0
obj 19358 -2450.441 2354.685 5.738 0.000 0.000 191.250
material 0 14710 vgshm3int2 HSV_3wall2 0
obj 19358 -2450.176 2353.352 5.738 0.000 0.000 191.250
material 0 14710 vgshm3int2 HSV_3wall2 0
obj 19358 -2448.230 2352.200 5.738 0.000 0.000 280.714
material 0 14710 vgshm3int2 HSV_3wall2 0
obj 19388 -2438.445 2360.730 5.724 0.000 0.000 43.471
material 0 14710 vgshm3int2 HSV_3wall2 0
obj 19391 -2445.147 2352.739 9.344 0.000 0.000 281.178
material 0 3980 cityhall_lan citywall1 0
obj 19362 -2443.752 2364.310 9.167 0.000 0.000 101.265
material 0 3980 cityhall_lan citywall1 0
obj 19388 -2445.249 2360.665 5.724 0.000 0.000 12.044
material 0 14710 vgshm3int2 HSV_3wall2 0
obj 19431 -2445.770 2363.001 5.712 0.000 0.000 12.722
material 0 14710 vgshm3int2 HSV_3wall2 0
obj 19431 -2439.594 2353.927 5.745 0.000 0.000 101.411
material 0 14710 vgshm3int2 HSV_3wall2 0
obj 19388 -2445.112 2352.777 5.724 0.000 0.000 100.740
material 0 14710 vgshm3int2 HSV_3wall2 0
obj 19431 -2436.641 2359.213 5.712 0.000 0.000 61.002
material 0 14710 vgshm3int2 HSV_3wall2 0
obj 19431 -2444.733 2358.200 5.712 0.000 0.000 12.722
material 0 14710 vgshm3int2 HSV_3wall2 0
obj 19431 -2444.868 2358.819 5.712 0.000 0.000 12.722
material 0 14710 vgshm3int2 HSV_3wall2 0
obj 19404 -2438.650 2365.278 9.257 0.000 0.000 282.452
material 0 14710 vgshm3int2 HSV_3wall2 0
obj 19431 -2439.698 2362.675 5.679 0.000 0.000 11.273
material 0 14710 vgshm3int2 HSV_3wall2 0
obj 19431 -2441.006 2364.837 5.712 0.000 0.000 100.981
material 0 14710 vgshm3int2 HSV_3wall2 0
obj 19404 -2443.078 2364.424 5.707 0.000 0.000 281.002
material 0 14710 vgshm3int2 HSV_3wall2 0
obj 19450 -2428.832 2360.260 5.741 0.000 0.000 281.697
material 0 14710 vgshm3int2 HSV_3wall2 0
obj 19355 -2449.421 2358.141 4.035 0.000 90.000 11.640
material 0 18081 cj_barb CJ_TILES_5 0
obj 19355 -2446.748 2358.828 4.002 0.000 90.000 11.640
material 0 18081 cj_barb CJ_TILES_5 0
obj 19355 -2447.379 2361.987 4.002 0.000 90.000 11.640
material 0 18081 cj_barb CJ_TILES_5 0
obj 19355 -2450.073 2361.283 4.035 0.000 90.000 11.640
material 0 18081 cj_barb CJ_TILES_5 0
obj 19449 -2444.838 2351.129 4.001 0.000 90.000 280.046
material 0 14387 dr_gsnew la_flair1 0
obj 19449 -2444.341 2348.336 4.034 0.000 90.000 280.046
material 0 14387 dr_gsnew la_flair1 0
obj 19462 -2445.441 2354.577 4.000 0.000 90.000 280.534
material 0 14825 genintint2_gym plywood3_gym 0
obj 19370 -2444.014 2361.954 4.001 0.000 90.000 100.518
material 0 14825 genintint2_gym plywood3_gym 0
obj 19370 -2440.199 2359.081 4.001 0.000 90.000 100.681
material 0 14825 genintint2_gym plywood3_gym 0
obj 19370 -2443.355 2358.508 4.001 0.000 90.000 100.681
material 0 14825 genintint2_gym plywood3_gym 0
obj 19443 -2448.808 2355.780 3.998 0.000 90.000 11.020
material 0 14825 genintint2_gym plywood3_gym 0
obj 19443 -2445.425 2356.449 3.998 0.000 90.000 11.020
material 0 14825 genintint2_gym plywood3_gym 0
obj 19443 -2435.023 2358.091 3.998 0.000 90.000 11.020
material 0 14825 genintint2_gym plywood3_gym 0
obj 19443 -2436.560 2358.085 3.932 0.000 90.000 329.390
material 0 14825 genintint2_gym plywood3_gym 0
obj 19443 -2440.578 2362.531 3.998 0.000 90.000 280.914
material 0 14825 genintint2_gym plywood3_gym 0
obj 19443 -2442.140 2362.238 3.998 0.000 90.000 280.914
material 0 14825 genintint2_gym plywood3_gym 0
obj 19443 -2438.455 2357.415 3.998 0.000 90.000 11.020
material 0 14825 genintint2_gym plywood3_gym 0
obj 19443 -2439.114 2360.088 3.965 0.000 90.000 313.612
material 0 14825 genintint2_gym plywood3_gym 0
obj 19435 -2422.593 2350.360 9.233 0.000 0.000 281.738
material 0 3980 cityhall_lan citywall1 0
obj 19435 -2422.095 2351.384 9.233 0.000 0.000 191.915
material 0 3980 cityhall_lan citywall1 0
obj 19435 -2430.469 2348.735 9.266 0.000 0.000 281.738
material 0 3980 cityhall_lan citywall1 0
obj 19435 -2423.142 2356.422 9.233 0.000 0.000 191.915
material 0 3980 cityhall_lan citywall1 0
obj 19358 -2428.423 2356.114 9.250 0.000 0.000 281.820
material 0 14710 vgshm3int2 HSV_3wall2 0
obj 19435 -2431.352 2349.447 9.266 0.000 0.000 191.915
material 0 3980 cityhall_lan citywall1 0
obj 19431 -2432.333 2354.529 9.252 0.000 0.000 191.926
material 0 14533 pleas_dome club_zeb_SFW2 0
obj 19431 -2425.536 2363.522 9.252 0.000 0.000 281.584
material 0 14710 vgshm3int2 HSV_3wall2 0
obj 19431 -2423.156 2356.403 9.252 0.000 0.000 191.988
material 0 14533 pleas_dome club_zeb_SFW2 0
obj 19431 -2422.132 2351.407 9.252 0.000 0.000 191.988
material 0 14533 pleas_dome club_zeb_SFW2 0
obj 19431 -2422.665 2350.379 9.252 0.000 0.000 281.685
material 0 14533 pleas_dome club_zeb_SFW2 0
obj 19431 -2430.423 2348.772 9.252 0.000 0.000 281.685
material 0 14533 pleas_dome club_zeb_SFW2 0
obj 19354 -2427.963 2356.138 9.216 0.000 0.000 281.678
material 0 14533 pleas_dome club_zeb_SFW2 0
obj 19354 -2430.830 2355.551 9.216 0.000 0.000 281.678
material 0 14533 pleas_dome club_zeb_SFW2 0
obj 19384 -2425.680 2356.615 9.221 0.000 0.000 281.596
material 0 14533 pleas_dome club_zeb_SFW2 0
obj 19427 -2424.052 2356.964 9.211 0.000 0.000 281.302
material 0 14533 pleas_dome club_zeb_SFW2 0
obj 19462 -2435.979 2356.325 4.000 0.000 90.000 280.534
material 0 14825 genintint2_gym plywood3_gym 0
obj 19462 -2447.044 2361.223 7.554 0.000 90.000 281.566
material 0 14707 labig3int2 HS2_3Wall7 0
obj 19435 -2427.926 2355.460 9.241 0.000 0.000 11.007
material 0 5267 lashops91_las2 laspowrec2 0
obj 19435 -2429.135 2355.149 9.943 0.000 90.000 11.007
material 0 5267 lashops91_las2 laspowrec2 0
obj 19435 -2429.253 2355.704 8.504 90.000 0.000 281.181
material 0 5267 lashops91_las2 laspowrec2 0
obj 19435 -2430.376 2354.976 9.241 0.000 0.000 11.007
material 0 5267 lashops91_las2 laspowrec2 0
obj 19435 -2429.135 2355.149 7.633 0.000 90.000 11.007
material 0 5267 lashops91_las2 laspowrec2 0
obj 19435 -2429.253 2355.737 9.098 90.000 0.000 281.181
material 0 5267 lashops91_las2 laspowrec2 0
obj 19435 -2450.168 2352.472 9.167 0.000 0.000 11.246
material 0 3980 cityhall_lan citywall1 0
obj 19435 -2432.349 2354.547 9.266 0.000 0.000 191.915
material 0 3980 cityhall_lan citywall1 0
obj 19391 -2437.277 2354.349 5.717 0.000 0.000 281.178
material 0 3980 cityhall_lan citywall1 0
obj 19435 -2441.234 2353.550 9.266 0.000 0.000 280.307
material 0 3980 cityhall_lan citywall1 0
obj 19462 -2444.338 2348.192 7.531 0.000 90.000 281.668
material 0 18029 genintintsmallrest GB_restaursmll09 0
obj 19462 -2444.881 2351.002 7.521 0.000 90.000 281.566
material 0 18029 genintintsmallrest GB_restaursmll09 0
obj 19462 -2445.569 2354.419 7.554 0.000 90.000 281.566
material 0 14707 labig3int2 HS2_3Wall7 0
obj 19462 -2446.308 2357.823 7.554 0.000 90.000 281.566
material 0 14707 labig3int2 HS2_3Wall7 0
obj 19358 -2440.830 2355.174 9.264 0.000 0.000 191.602
material 0 14710 vgshm3int2 HSV_3wall2 0
obj 19388 -2434.370 2363.232 9.258 0.000 0.000 191.943
material 0 14710 vgshm3int2 HSV_3wall2 0
obj 19388 -2427.215 2363.164 9.258 0.000 0.000 281.700
material 0 14710 vgshm3int2 HSV_3wall2 0
obj 19431 -2431.266 2349.485 9.252 0.000 0.000 191.926
material 0 14533 pleas_dome club_zeb_SFW2 0
obj 19431 -2441.187 2356.927 9.252 0.000 0.000 190.989
material 0 14710 vgshm3int2 HSV_3wall2 0
obj 19388 -2441.583 2359.056 9.258 0.000 0.000 191.328
material 0 14710 vgshm3int2 HSV_3wall2 0
obj 19431 -2434.752 2364.989 9.252 0.000 0.000 192.328
material 0 14710 vgshm3int2 HSV_3wall2 0
obj 19358 -2435.915 2365.864 9.264 0.000 0.000 101.916
material 0 14710 vgshm3int2 HSV_3wall2 0
obj 19431 -2441.957 2360.975 9.252 0.000 0.000 190.989
material 0 14710 vgshm3int2 HSV_3wall2 0
obj 19431 -2434.818 2365.220 9.252 0.000 0.000 192.328
material 0 14710 vgshm3int2 HSV_3wall2 0
obj 19358 -2431.043 2355.577 9.264 0.000 0.000 281.488
material 0 14710 vgshm3int2 HSV_3wall2 0
obj 19408 -2429.201 2367.260 5.699 0.000 0.000 101.823
material 0 3980 cityhall_lan citywall1 0
obj 19362 -2432.352 2366.606 5.690 0.000 0.000 101.265
material 0 3980 cityhall_lan citywall1 0
obj 19454 -2424.237 2361.785 5.687 0.000 0.000 12.029
material 0 3980 cityhall_lan citywall1 0
obj 19454 -2424.567 2363.237 5.687 0.000 0.000 12.029
material 0 3980 cityhall_lan citywall1 0
obj 19362 -2450.884 2362.990 5.690 0.000 0.000 101.265
material 0 3980 cityhall_lan citywall1 0
obj 19362 -2449.367 2363.252 5.690 0.000 0.000 101.265
material 0 3980 cityhall_lan citywall1 0
obj 19362 -2446.232 2363.875 5.690 0.000 0.000 101.265
material 0 3980 cityhall_lan citywall1 0
obj 19408 -2443.085 2364.457 5.699 0.000 0.000 280.883
material 0 3980 cityhall_lan citywall1 0
obj 19362 -2440.621 2364.955 5.690 0.000 0.000 101.265
material 0 3980 cityhall_lan citywall1 0
obj 19408 -2435.474 2365.979 5.699 0.000 0.000 101.823
material 0 3980 cityhall_lan citywall1 0
obj 19362 -2432.352 2366.606 9.189 0.000 0.000 101.265
material 0 3980 cityhall_lan citywall1 0
obj 19408 -2438.666 2365.395 9.203 0.000 0.000 101.823
material 0 3980 cityhall_lan citywall1 0
obj 19408 -2446.357 2363.812 9.170 0.000 0.000 101.397
material 0 3980 cityhall_lan citywall1 0
obj 19362 -2449.367 2363.252 9.161 0.000 0.000 101.265
material 0 3980 cityhall_lan citywall1 0
obj 19408 -2452.004 2361.067 9.170 0.000 0.000 192.316
material 0 3980 cityhall_lan citywall1 0
obj 19435 -2449.173 2351.979 9.266 0.000 0.000 280.307
material 0 3980 cityhall_lan citywall1 0
obj 19462 -2447.176 2361.883 7.567 0.000 90.000 281.566
material 0 14707 labig3int2 HS2_3Wall7 0
obj 19358 -2423.671 2358.790 9.264 0.000 0.000 191.644
material 0 14710 vgshm3int2 HSV_3wall2 0
obj 19362 -2441.116 2364.889 9.181 0.000 0.000 101.265
material 0 3980 cityhall_lan citywall1 0
obj 19362 -2425.281 2358.618 7.489 0.000 90.000 101.769
material 0 14847 mp_policesf mp_cop_lectern 0
obj 19362 -2426.850 2358.327 7.499 0.000 90.000 101.769
material 0 14847 mp_policesf mp_cop_lectern 0
obj 19362 -2425.347 2359.146 7.479 0.000 90.000 101.769
material 0 14847 mp_policesf mp_cop_lectern 0
obj 19388 -2425.686 2356.679 9.258 0.000 0.000 281.700
material 0 14710 vgshm3int2 HSV_3wall2 0
obj 19431 -2424.017 2360.504 9.252 0.000 0.000 10.335
material 0 14710 vgshm3int2 HSV_3wall2 0
obj 19358 -2432.405 2362.083 9.264 0.000 0.000 281.488
material 0 14710 vgshm3int2 HSV_3wall2 0
obj 19463 -2429.700 2364.391 7.556 0.000 90.000 281.602
material 0 7426 vgncorp1 elcid3_256 0
obj 19463 -2429.823 2365.159 7.566 0.000 90.000 281.602
material 0 7426 vgncorp1 elcid3_256 0
obj 19452 -2429.281 2361.907 7.521 0.000 90.000 281.286
material 0 14847 mp_policesf mp_cop_lectern 0
obj 19452 -2437.566 2363.794 7.533 0.000 90.000 281.995
material 0 14847 mp_policesf mp_cop_lectern 0
obj 19452 -2436.936 2360.391 7.533 0.000 90.000 281.286
material 0 14847 mp_policesf mp_cop_lectern 0
obj 19358 -2442.382 2362.993 9.264 0.000 0.000 192.010
material 0 14710 vgshm3int2 HSV_3wall2 0
obj 19358 -2441.195 2364.727 9.264 0.000 0.000 101.916
material 0 14710 vgshm3int2 HSV_3wall2 0
obj 19404 -2434.143 2354.985 5.773 0.000 0.000 281.002
material 0 14710 vgshm3int2 HSV_3wall2 0
obj 19358 -2430.328 2362.516 9.264 0.000 0.000 281.488
material 0 14710 vgshm3int2 HSV_3wall2 0
obj 19358 -2424.339 2362.064 9.264 0.000 0.000 191.644
material 0 14710 vgshm3int2 HSV_3wall2 0
obj 19431 -2424.022 2357.009 9.252 0.000 0.000 281.584
material 0 14710 vgshm3int2 HSV_3wall2 0
obj 19393 -2434.368 2363.261 9.249 0.000 0.000 191.983
material 0 6867 vgnpwrmainbld sw_wallbrick_02 0
obj 19364 -2425.051 2365.297 9.158 0.000 0.000 192.025
material 0 6867 vgnpwrmainbld sw_wallbrick_02 0
obj 19364 -2429.582 2362.760 9.290 0.000 0.000 281.011
material 0 6867 vgnpwrmainbld sw_wallbrick_02 0
obj 19364 -2432.454 2362.194 9.290 0.000 0.000 281.011
material 0 6867 vgnpwrmainbld sw_wallbrick_02 0
obj 19364 -2433.319 2366.224 9.257 0.000 0.000 281.011
material 0 6867 vgnpwrmainbld sw_wallbrick_02 0
obj 19393 -2427.241 2363.205 9.282 0.000 0.000 281.485
material 0 6867 vgnpwrmainbld sw_wallbrick_02 0
obj 19410 -2429.190 2367.190 9.215 0.000 0.000 281.631
material 0 6867 vgnpwrmainbld sw_wallbrick_02 0
obj 19437 -2425.465 2367.175 9.226 0.000 0.000 192.496
material 0 6867 vgnpwrmainbld sw_wallbrick_02 0
obj 19437 -2431.166 2366.782 9.226 0.000 0.000 282.551
material 0 6867 vgnpwrmainbld sw_wallbrick_02 0
obj 19437 -2425.596 2363.541 9.226 0.000 0.000 281.639
material 0 6867 vgnpwrmainbld sw_wallbrick_02 0
obj 19437 -2426.442 2367.753 9.226 0.000 0.000 281.831
material 0 6867 vgnpwrmainbld sw_wallbrick_02 0
obj 19437 -2434.806 2365.257 9.226 0.000 0.000 192.317
material 0 6867 vgnpwrmainbld sw_wallbrick_02 0
obj 19437 -2426.871 2367.654 9.226 0.000 0.000 281.639
material 0 6867 vgnpwrmainbld sw_wallbrick_02 0
obj 2296 -2441.770 2357.026 7.641 0.000 0.000 281.638
material 0 1701 cj_med_beds CJ_DUVET1 0
obj 19354 -2440.876 2355.303 9.231 0.000 0.000 191.852
material 0 1701 cj_med_beds CJ_DUVET1 0
obj 19400 -2446.382 2363.779 9.179 0.000 0.000 281.266
material 0 1701 cj_med_beds CJ_DUVET1 0
obj 19400 -2450.635 2354.827 9.179 0.000 0.000 12.280
material 0 1701 cj_med_beds CJ_DUVET1 0
obj 19354 -2451.311 2357.951 9.165 0.000 0.000 11.604
material 0 1701 cj_med_beds CJ_DUVET1 0
obj 19400 -2451.953 2361.090 9.179 0.000 0.000 12.280
material 0 1701 cj_med_beds CJ_DUVET1 0
obj 19354 -2449.146 2363.254 9.165 0.000 0.000 280.866
material 0 1701 cj_med_beds CJ_DUVET1 0
obj 19354 -2450.667 2362.958 9.165 0.000 0.000 280.866
material 0 1701 cj_med_beds CJ_DUVET1 0
obj 19354 -2443.919 2364.251 9.198 0.000 0.000 280.866
material 0 1701 cj_med_beds CJ_DUVET1 0
obj 19354 -2442.359 2362.833 9.198 0.000 0.000 191.852
material 0 1701 cj_med_beds CJ_DUVET1 0
obj 19384 -2445.145 2352.759 9.349 0.000 0.000 281.008
material 0 1701 cj_med_beds CJ_DUVET1 0
obj 19354 -2442.227 2362.107 9.198 0.000 0.000 191.852
material 0 1701 cj_med_beds CJ_DUVET1 0
obj 19354 -2441.009 2355.864 9.231 0.000 0.000 191.852
material 0 1701 cj_med_beds CJ_DUVET1 0
obj 19384 -2441.602 2359.008 9.217 0.000 0.000 11.239
material 0 1701 cj_med_beds CJ_DUVET1 0
obj 19427 -2450.135 2352.567 9.188 0.000 0.000 11.830
material 0 1701 cj_med_beds CJ_DUVET1 0
obj 19427 -2441.246 2353.599 9.254 0.000 0.000 100.293
material 0 1701 cj_med_beds CJ_DUVET1 0
obj 19427 -2449.172 2352.055 9.254 0.000 0.000 100.293
material 0 1701 cj_med_beds CJ_DUVET1 0
obj 19454 -2433.801 2353.322 3.900 0.000 90.000 281.489
material 0 14711 vgshm2int2 HSV_carpet1 0
obj 19428 -2435.696 2346.500 3.966 0.000 90.000 280.744
material 0 13673 mullho03a_lahills sw_wall02 0
obj 19428 -2436.868 2352.549 3.933 0.000 90.000 280.744
material 0 13673 mullho03a_lahills sw_wall02 0
obj 19428 -2436.222 2349.126 3.933 0.000 90.000 280.744
material 0 13673 mullho03a_lahills sw_wall02 0
obj 18688 -2429.11401 2355.05371 6.17686  0.00000 0.00000 0.00000
obj 19466 -2428.61 2349.06 10.04  0.00 0.00 282.62
material 0 10871 blacksky_sfse ws_glass_balustrade 0
obj 19466 -2426.45 2349.56 10.04  0.00 0.00 282.62
material 0 10871 blacksky_sfse ws_glass_balustrade 0
obj 19466 -2424.29 2350.04 10.04  0.00 0.00 282.62
material 0 10871 blacksky_sfse ws_glass_balustrade 0
obj 19435 -2425.06 2349.81 8.38  90.00 90.00 11.56
material 0 3980 cityhall_lan citywall1 0
obj 19435 -2428.42 2349.13 8.38  90.00 90.00 11.56
material 0 3980 cityhall_lan citywall1 0
obj 2945 -2422.58 2353.80 8.93  0.00 0.00 -77.88
material 0 10871 blacksky_sfse ws_glass_balustrade 0
obj 2945 -2431.84 2351.82 8.93  0.00 0.00 -77.88
material 0 10871 blacksky_sfse ws_glass_balustrade 0
obj 19325 -2437.25 2354.39 9.01  0.00 0.00 101.22
obj 19325 -2430.74 2355.68 9.01  0.00 0.00 101.22
obj 1693 -2428.15 2358.85 12.67  0.00 0.00 -80.00
obj 1693 -2442.29 2359.15 12.67  0.00 0.00 11.32
obj 3499 -2422.590 2350.914 2.072 0.000 0.000 0.000
obj 3499 -2430.667 2349.270 2.039 0.000 0.000 0.000
obj 19454 -2447.195 2361.880 7.525 0.000 90.000 281.390
obj 19454 -2428.360 2357.857 3.915 0.000 90.000 100.946
obj 19454 -2447.055 2350.935 3.882 0.000 90.000 10.585
obj 19454 -2437.814 2356.072 3.915 0.000 90.000 100.946
obj 19454 -2441.971 2351.790 3.892 0.000 90.000 10.585
obj 19454 -2448.483 2358.568 3.915 0.000 90.000 10.585
obj 19454 -2445.079 2359.265 3.915 0.000 90.000 10.585
obj 19454 -2443.613 2351.477 3.882 0.000 90.000 10.585
obj 19454 -2449.545 2358.246 3.979 0.000 90.000 11.631
obj 19454 -2447.979 2350.670 3.948 0.000 90.000 11.631
obj 14416 -2430.249 2357.851 4.270 0.000 0.000 281.913
obj 19354 -2434.382 2359.252 5.713 0.000 0.000 281.389
obj 19446 -2428.884 2360.393 5.737 0.000 0.000 281.692
obj 19462 -2426.850 2351.177 7.587 0.000 90.000 281.668
obj 19443 -2441.777 2363.804 3.965 0.000 90.000 11.301
obj 19443 -2443.980 2363.327 3.965 0.000 90.000 11.301
obj 1778 -2440.651 2354.208 4.087 0.000 0.000 0.000
obj 1789 -2442.089 2353.784 4.623 0.000 0.000 10.575
obj 2029 -2445.512 2349.597 4.088 0.000 0.000 10.830
obj 2029 -2443.592 2349.964 4.088 0.000 0.000 10.830
obj 2029 -2445.340 2348.660 4.088 0.000 0.000 10.830
obj 2029 -2443.405 2349.023 4.088 0.000 0.000 10.830
obj 2142 -2449.640 2350.662 6.135 0.000 0.000 101.731
obj 2160 -2449.446 2350.929 4.121 0.000 0.000 102.308
obj 2157 -2448.937 2348.289 4.088 0.000 0.000 101.449
obj 2159 -2449.196 2349.607 4.104 0.000 0.000 101.205
obj 2417 -2448.521 2347.361 4.121 0.000 0.000 101.172
obj 2131 -2442.011 2352.781 4.081 0.000 0.000 10.703
obj 2124 -2441.913 2349.751 4.950 0.000 0.000 9.787
obj 2124 -2444.877 2348.162 4.950 0.000 0.000 280.611
obj 2124 -2443.631 2348.386 4.950 0.000 0.000 279.565
obj 2124 -2442.546 2348.602 4.950 0.000 0.000 279.565
obj 2124 -2442.917 2350.694 4.950 0.000 0.000 100.534
obj 2124 -2444.187 2350.566 4.950 0.000 0.000 100.534
obj 2124 -2445.404 2350.331 4.950 0.000 0.000 100.534
obj 2124 -2446.113 2349.016 4.950 0.000 0.000 189.425
obj 1235 -2448.905 2349.531 4.617 0.000 0.000 0.000
obj 19076 -2416.114 2354.625 3.664 0.000 0.000 0.000
obj 2146 -2447.322 2362.812 4.617 0.000 0.000 281.763
obj 2517 -2449.446 2357.207 4.122 0.000 0.000 102.021
obj 2526 -2451.316 2360.929 4.122 0.000 0.000 102.332
obj 2528 -2446.830 2357.752 4.090 0.000 0.000 191.025
obj 2835 -2451.327 2362.046 4.123 0.000 0.000 284.523
obj 2523 -2447.641 2357.558 4.123 0.000 0.000 190.952
obj 2133 -2451.067 2359.387 4.123 0.000 0.000 101.941
obj 14455 -2429.508 2360.484 5.662 0.000 0.000 11.364
obj 14455 -2435.125 2359.349 5.662 0.000 0.000 11.364
obj 1742 -2431.968 2366.721 4.026 0.000 0.000 11.399
obj 1742 -2437.877 2365.484 4.026 0.000 0.000 11.618
obj 1742 -2433.409 2366.435 4.026 0.000 0.000 10.462
obj 1742 -2439.283 2365.205 4.026 0.000 0.000 10.462
obj 1702 -2430.072 2366.362 4.036 0.000 0.000 11.047
obj 1702 -2436.306 2365.161 4.036 0.000 0.000 11.047
obj 2847 -2428.637 2362.399 4.034 0.000 0.000 11.604
obj 2847 -2432.425 2361.606 4.034 0.000 0.000 11.604
obj 2847 -2430.525 2362.000 4.034 0.000 0.000 11.604
obj 2847 -2429.006 2364.295 4.034 0.000 0.000 11.604
obj 2847 -2430.901 2363.883 4.034 0.000 0.000 11.604
obj 2847 -2432.811 2363.490 4.034 0.000 0.000 11.604
obj 2847 -2434.726 2363.085 4.034 0.000 0.000 11.604
obj 2847 -2434.533 2362.143 4.034 0.000 0.000 11.604
obj 2847 -2434.336 2361.187 4.034 0.000 0.000 11.604
obj 2847 -2432.635 2362.537 4.034 0.000 0.000 11.604
obj 2847 -2428.826 2363.352 4.034 0.000 0.000 11.604
obj 2847 -2430.715 2362.919 4.034 0.000 0.000 11.604
obj 2185 -2425.204 2362.920 4.036 0.000 0.000 102.540
obj 2185 -2425.760 2365.612 4.036 0.000 0.000 102.540
obj 1715 -2426.188 2363.683 4.036 0.000 0.000 137.095
obj 1715 -2426.775 2366.232 4.036 0.000 0.000 98.925
obj 1705 -2436.138 2359.810 4.003 0.000 0.000 150.095
obj 2180 -2433.083 2362.474 4.044 0.000 0.000 101.393
obj 2180 -2428.414 2363.430 4.044 0.000 0.000 101.394
obj 2180 -2430.697 2362.958 4.044 0.000 0.000 101.393
obj 2120 -2429.027 2363.302 4.647 0.000 0.000 191.385
obj 2120 -2434.009 2363.358 4.647 0.000 0.000 191.385
obj 2120 -2433.781 2362.327 4.647 0.000 0.000 191.385
obj 2120 -2431.358 2362.922 4.647 0.000 0.000 191.385
obj 2120 -2431.609 2363.843 4.647 0.000 0.000 191.385
obj 2120 -2429.247 2364.422 4.647 0.000 0.000 191.385
obj 1208 -2445.323 2358.958 4.090 0.000 0.000 101.286
obj 2813 -2433.192 2363.486 4.843 0.000 0.000 0.000
obj 2853 -2433.110 2362.699 4.843 0.000 0.000 0.000
obj 2854 -2430.841 2363.968 4.844 0.000 0.000 0.000
obj 2894 -2428.454 2363.990 4.843 0.000 0.000 280.629
obj 1808 -2439.497 2363.382 4.036 0.000 0.000 98.983
obj 2856 -2425.962 2365.845 4.844 0.000 0.000 0.000
obj 2867 -2425.397 2363.395 4.843 0.000 0.000 53.016
obj 1703 -2442.491 2363.911 4.054 0.000 0.000 11.052
obj 2010 -2450.023 2355.782 4.088 0.000 0.000 0.000
obj 2010 -2449.374 2352.562 4.088 0.000 0.000 0.000
obj 1703 -2449.505 2353.237 4.087 0.000 0.000 101.179
obj 1703 -2445.364 2363.352 4.054 0.000 0.000 11.052
obj 2260 -2445.558 2356.704 5.960 0.000 0.000 8.532
obj 2261 -2448.593 2356.091 5.971 0.000 0.000 10.741
obj 2262 -2439.562 2354.531 5.983 0.000 0.000 191.795
obj 2263 -2441.428 2354.140 5.754 0.000 0.000 190.857
obj 2264 -2443.073 2353.784 5.933 0.000 0.000 190.878
obj 2257 -2450.202 2354.108 6.197 0.000 0.000 101.188
obj 2841 -2437.745 2354.373 4.087 0.000 0.000 9.814
obj 2255 -2448.599 2362.693 5.841 0.000 0.000 9.672
obj 732 -2441.647 2358.861 -13.211 0.000 0.000 0.000
obj 19054 -2442.542 2359.081 3.983 0.000 0.000 11.091
obj 19058 -2441.081 2358.187 4.088 0.000 0.000 0.000
obj 19056 -2441.147 2359.783 4.087 0.000 0.000 0.000
obj 2267 -2446.304 2357.382 6.102 0.000 0.000 191.136
obj 2269 -2434.581 2358.470 6.153 0.000 0.000 8.745
obj 2276 -2444.198 2358.567 5.885 0.000 0.000 102.808
obj 2275 -2448.627 2348.354 6.214 0.000 0.000 101.235
obj 2287 -2436.968 2358.757 5.940 0.000 0.000 330.127
obj 1502 -2438.994 2361.304 3.988 0.000 0.000 313.783
obj 1491 -2445.893 2352.641 4.087 0.000 0.000 11.069
obj 1491 -2445.401 2361.429 4.087 0.000 0.000 281.908
obj 19454 -2447.407 2362.011 11.003 0.000 90.000 281.385
obj 19454 -2444.317 2348.252 7.514 0.000 90.000 281.276
obj 19454 -2444.991 2351.664 7.514 0.000 90.000 281.387
obj 19454 -2439.307 2363.450 7.514 0.000 90.000 281.390
obj 19454 -2429.159 2361.947 7.514 0.000 90.000 281.390
obj 19454 -2429.866 2365.357 7.514 0.000 90.000 281.390
obj 19454 -2445.810 2355.052 7.525 0.000 90.000 281.390
obj 19454 -2446.489 2358.462 7.525 0.000 90.000 281.390
obj 19454 -2438.584 2360.062 7.514 0.000 90.000 281.390
obj 1828 -2426.796 2352.377 7.675 0.000 0.000 0.000
obj 1463 -2429.133 2355.160 8.060 0.000 0.000 10.910
obj 2290 -2423.030 2352.526 7.674 0.000 0.000 242.281
obj 2290 -2429.138 2349.663 7.674 0.000 0.000 149.729
obj 1827 -2424.947 2352.199 7.675 0.000 0.000 0.000
obj 1827 -2429.467 2351.709 7.675 0.000 0.000 0.000
obj 2823 -2424.941 2351.889 8.104 0.000 0.000 0.000
obj 2857 -2429.424 2351.811 8.101 0.000 0.000 0.000
obj 2858 -2424.948 2352.583 8.101 0.000 0.000 0.000
obj 1786 -2429.181 2355.0501 10.030 10.000 0.000 9.909
obj 2074 -2427.1848 2352.6489 10.7015 0 0 0
obj 2099 -2423.871 2356.615 7.685 0.000 0.000 332.062
obj 19173 -2425.051 2364.675 5.949 0.000 0.000 282.189
obj 2028 -2428.870 2354.025 7.751 0.000 0.000 0.000
obj 970 -2446.624 2346.004 8.127 0.000 0.000 11.312
obj 970 -2449.406 2349.722 8.127 0.000 0.000 100.617
obj 970 -2441.297 2347.082 8.127 0.000 0.000 11.312
obj 970 -2440.086 2351.511 8.127 0.000 0.000 101.326
obj 19466 -2447.398 2352.226 8.525 0.000 0.000 280.954
obj 19462 -2427.493 2354.339 7.597 0.000 90.000 281.668
obj 19435 -2426.256 2367.859 5.704 0.000 0.000 280.690
obj 19435 -2426.883 2367.727 5.704 0.000 0.000 280.690
obj 19358 -2433.380 2366.258 9.264 0.000 0.000 281.488
obj 2627 -2427.650 2366.111 7.653 0.000 0.000 10.884
obj 2627 -2426.045 2366.456 7.653 0.000 0.000 10.884
obj 2628 -2430.808 2365.562 7.654 0.000 0.000 10.925
obj 2629 -2429.273 2366.014 7.654 0.000 0.000 11.417
obj 2630 -2433.202 2365.246 7.654 0.000 0.000 101.901
obj 14722 -2432.851 2360.701 6.304 0.000 0.000 100.614
obj 14722 -2438.538 2359.583 6.304 0.000 0.000 100.960
obj 14722 -2431.613 2358.503 6.304 0.000 0.000 281.123
obj 14722 -2435.969 2360.076 6.304 0.000 0.000 100.960
obj 2571 -2439.877 2363.472 7.632 0.000 0.000 10.113
obj 2564 -2449.358 2360.552 7.639 0.000 0.000 11.531
obj 1708 -2451.214 2361.378 7.653 0.000 0.000 70.014
obj 1713 -2449.164 2353.571 7.641 0.000 0.000 101.524
obj 1826 -2447.541 2355.397 7.641 0.000 0.000 281.980
obj 2028 -2442.495 2355.817 7.708 0.000 0.000 0.000
obj 1738 -2451.298 2359.767 8.257 0.000 0.000 281.486
obj 1783 -2441.591 2355.693 9.213 0.000 0.000 101.620
obj 1783 -2441.591 2355.693 9.335 0.000 0.000 101.620
obj 2103 -2450.874 2357.447 8.429 0.000 0.000 99.325
obj 2836 -2445.650 2358.042 7.642 0.000 0.000 11.487
obj 2836 -2445.425 2356.978 7.642 0.000 0.000 11.487
obj 2836 -2447.808 2358.735 7.642 0.000 0.000 11.487
obj 2836 -2445.874 2359.127 7.642 0.000 0.000 11.487
obj 2836 -2447.583 2357.658 7.642 0.000 0.000 11.487
obj 2836 -2447.374 2356.576 7.642 0.000 0.000 11.487
obj 14705 -2451.072 2358.232 8.684 0.000 0.000 0.000
obj 3031 -2441.799 2363.032 9.223 0.000 0.000 327.228
obj 3017 -2450.442 2357.571 8.452 0.000 0.000 100.422
obj 2238 -2450.751 2356.720 8.861 0.000 0.000 0.000
obj 2239 -2449.488 2352.535 7.640 0.000 0.000 0.000
obj 2115 -2450.779 2358.068 7.640 0.000 0.000 281.298
obj 2020 -2443.361 2361.823 7.654 0.000 0.000 282.088
obj 2025 -2443.260 2363.819 7.654 0.000 0.000 282.039
obj 2295 -2435.503 2365.387 7.619 0.000 0.000 347.161
obj 2964 -2437.898 2361.471 7.619 0.000 0.000 11.038
obj 338 -2436.888 2361.929 7.620 0.000 0.000 0.000
obj 338 -2436.888 2361.863 7.620 0.000 0.000 0.000
obj 2965 -2438.416 2361.404 8.549 0.000 0.000 10.255
obj 2474 -2446.089 2358.769 7.650 0.000 0.000 254.324
obj 2469 -2447.165 2359.198 7.683 0.000 0.000 55.575
obj 2828 -2442.685 2361.961 8.940 0.000 0.000 80.393
obj 2251 -2442.528 2360.909 9.783 0.000 0.000 0.000
obj 2838 -2447.510 2354.621 8.464 0.000 0.000 291.104
obj 2823 -2447.523 2355.306 8.497 0.000 0.000 0.000
obj 2859 -2447.300 2354.658 7.642 0.000 0.000 0.000
obj 1486 -2447.772 2355.555 8.595 0.000 0.000 0.000
obj 1486 -2447.895 2355.622 8.595 0.000 0.000 0.000
obj 1486 -2447.797 2355.648 8.595 0.000 0.000 0.000
obj 1544 -2447.198 2354.172 8.464 0.000 0.000 0.000
obj 1544 -2447.381 2353.929 8.464 0.000 0.000 0.000
obj 1543 -2447.152 2353.949 8.464 0.000 0.000 0.000
obj 2001 -2440.660 2364.453 7.618 0.000 0.000 0.000
obj 2001 -2436.392 2365.427 7.618 0.000 0.000 0.000
obj 2245 -2438.553 2364.579 8.384 0.000 0.000 0.000
obj 970 -2439.704 2349.547 8.127 0.000 0.000 101.326
obj 970 -2449.030 2347.668 8.127 0.000 0.000 100.617
obj 970 -2445.360 2346.255 8.127 0.000 0.000 11.312
obj 1753 -2424.749 2361.235 7.565 0.000 0.000 281.337
obj 19172 -2424.074 2360.325 9.680 0.000 0.000 281.041
obj 19174 -2431.767 2362.126 9.720 0.000 0.000 11.081
obj 2254 -2431.179 2362.548 9.527 0.000 0.000 191.766
obj 1491 -2426.423 2356.555 7.609 0.000 0.000 11.947
obj 1491 -2434.569 2363.948 7.620 0.000 0.000 281.849
obj 1491 -2427.932 2362.955 7.609 0.000 0.000 11.947
obj 1491 -2441.728 2359.812 7.620 0.000 0.000 281.849
obj 1736 -2445.160 2353.201 10.609 0.000 0.000 189.705
obj 2074 -2448.797 2359.675 7.202 0.000 0.000 0.000
obj 2026 -2444.458 2349.549 7.423 0.000 0.000 0.000
obj 1734 -2430.562 2363.208 7.422 0.000 0.000 0.000
obj 3802 -2443.531 2352.345 10.036 0.000 0.000 278.887
obj 3802 -2446.528 2351.747 10.036 0.000 0.000 278.887
obj 14804 -2443.827 2352.416 8.423 0.000 0.000 34.929
obj 14804 -2446.047 2351.958 8.423 0.000 0.000 34.929
obj 19454 -2445.698 2354.316 11.036 0.000 90.000 281.385
obj 19454 -2446.401 2357.728 11.036 0.000 90.000 281.385
obj 19454 -2437.427 2356.906 10.970 0.000 90.000 281.385
obj 19454 -2436.260 2356.215 11.069 0.000 90.000 281.385
obj 19454 -2427.580 2354.589 11.036 0.000 90.000 281.688
obj 19454 -2429.078 2362.093 11.003 0.000 90.000 281.385
obj 19454 -2429.784 2365.515 11.003 0.000 90.000 281.385
obj 19454 -2438.472 2363.815 10.970 0.000 90.000 281.385
obj 19454 -2437.177 2360.529 10.970 0.000 90.000 281.385
obj 19454 -2428.387 2358.672 11.036 0.000 90.000 281.385
obj 19454 -2426.879 2351.171 11.036 0.000 90.000 281.688
obj 19454 -2427.712 2355.249 11.003 0.000 90.000 281.688
obj 19454 -2436.260 2356.116 10.904 0.000 90.000 281.385
obj 19454 -2447.097 2361.155 11.036 0.000 90.000 281.385
obj 808 -2421.892 2364.548 5.514 0.000 0.000 0.000
obj 762 -2455.607 2372.023 5.248 0.000 0.000 111.524
obj 762 -2423.094 2375.169 5.248 0.000 0.000 0.000
obj 762 -2431.031 2375.515 5.248 0.000 0.000 111.524
obj 762 -2441.280 2375.708 5.248 0.000 0.000 111.524
obj 762 -2447.453 2372.383 5.248 0.000 0.000 111.524
obj 1408 -2439.578 2343.999 4.480 0.000 0.000 10.989
obj 808 -2415.065 2351.556 5.006 0.000 0.000 306.368
obj 808 -2420.980 2351.962 5.514 0.000 0.000 0.000
obj 808 -2419.970 2354.354 5.004 0.000 0.000 0.000
obj 808 -2421.348 2354.958 5.302 0.000 0.000 0.000
obj 808 -2421.085 2357.617 5.296 0.000 0.000 0.000
obj 808 -2421.953 2360.306 5.514 0.000 0.000 0.000
obj 808 -2420.968 2362.402 5.514 0.000 0.000 0.000
obj 800 -2418.423 2368.991 5.753 0.000 0.000 0.000
obj 800 -2417.880 2364.120 5.753 0.000 0.000 0.000
obj 640 -2433.470 2354.555 4.671 0.000 0.000 281.134
obj 800 -2416.698 2359.562 5.753 0.000 0.000 0.000
obj 14402 -2447.845 2344.005 4.691 0.000 0.000 120.595
obj 808 -2420.496 2349.098 5.514 0.000 0.000 306.368
obj 808 -2418.263 2351.613 5.006 0.000 0.000 306.368
obj 808 -2413.537 2353.640 5.006 0.000 0.000 306.368
obj 14402 -2440.226 2345.377 4.691 0.000 0.000 120.595
obj 14402 -2444.174 2344.549 4.691 0.000 0.000 120.595
obj 1215 -2437.166 2344.235 4.469 0.000 0.000 0.000
obj 1215 -2449.799 2341.680 4.469 0.000 0.000 0.000
obj 1215 -2447.635 2342.126 4.469 0.000 0.000 0.000
obj 1215 -2445.404 2342.572 4.469 0.000 0.000 0.000
obj 1215 -2442.750 2343.093 4.469 0.000 0.000 0.000
obj 1215 -2440.108 2343.592 4.469 0.000 0.000 0.000
obj 1297 -2422.152 2347.277 7.346 0.000 0.000 13.766
obj 19467 -2427.426 2354.759 3.470 701174.937 0.000 10.658
obj 640 -2439.277 2350.447 4.671 0.000 0.000 10.743
obj 19466 -2445.477 2346.206 5.985 0.000 0.000 280.833
obj 19466 -2442.723 2353.171 8.525 0.000 0.000 282.616
obj 19466 -2429.387 2367.297 9.194 0.000 0.000 281.556
obj 19466 -2442.723 2353.161 10.043 0.000 0.000 282.616
obj 19466 -2434.169 2354.885 5.985 0.000 0.000 100.994
obj 19466 -2442.385 2346.792 5.985 0.000 0.000 280.626
obj 19466 -2439.818 2350.688 5.985 0.000 0.000 191.259
obj 19466 -2447.340 2352.252 10.043 0.000 0.000 281.196
obj 19466 -2450.711 2354.731 9.501 0.000 0.000 12.301
obj 19466 -2452.129 2361.233 9.501 0.000 0.000 12.301
obj 19466 -2446.205 2363.912 9.501 0.000 0.000 280.750
obj 19466 -2442.875 2364.586 5.956 0.000 0.000 280.750
obj 19466 -2438.809 2365.433 9.134 0.000 0.000 280.750
obj 19466 -2435.597 2366.034 5.903 0.000 0.000 281.556
obj 19466 -2429.387 2367.297 6.113 0.000 0.000 281.556
obj 16779 -2442.477 2361.104 7.556 0.000 0.000 0.000
obj 1734 -2445.820 2358.493 10.946 0.000 0.000 0.000
obj 3408 -2436.606 2344.781 3.998 0.000 0.000 5.962
obj 3262 -2422.184 2347.435 3.984 0.000 0.000 11.489
obj 1264 -2413.071 2348.949 4.359 0.000 0.000 0.000
obj 1264 -2412.224 2349.105 4.359 0.000 0.000 0.000
obj 1227 -2410.446 2349.440 4.798 0.000 0.000 12.317
obj 1328 -2436.755 2345.467 4.501 0.000 0.000 0.000