changeobj 1506 -1536.0900 689.7900 6.1800 0.0000 0.0000 90.0000 1502
moveobj 16775 -1510.3600 693.7500 10.1500 0.0000 0.0000 0.0000 2 -1510.3600 693.7500 2.1071 0.0000 0.0000 0.0000 2 -1 20
sell 10818 -1511.2784, 719.4691, 7.3820
area -1513.6400 688.3100 30.0
obj 19375 -1517.53 688.87 11.44   0.00 0.00 0.00
obj 19375 -1517.60 670.16 11.44   0.00 0.00 0.00
obj 19375 -1493.71 665.38 11.44   0.00 -1.00 90.00
obj 19375 -1512.84 665.39 11.44   0.00 -1.00 90.00
obj 19375 -1503.30 665.39 11.44   0.00 -1.00 90.00
obj 19375 -1488.93 688.72 11.45   0.00 0.00 0.00
obj 19375 -1488.94 670.14 11.47   0.00 0.00 0.00
obj 19375 -1488.95 679.16 11.48   0.00 0.00 0.00
obj 19375 -1494.15 670.17 16.67   0.00 -90.00 0.00
obj 19375 -1512.40 670.07 16.63   0.00 -90.00 0.00
obj 19375 -1494.26 688.84 16.69   0.00 -90.00 0.00
obj 19375 -1512.35 688.85 16.63   0.00 -90.00 0.00
obj 19375 -1494.16 679.63 16.69   0.00 -90.00 0.00
obj 19375 -1501.95 670.09 16.63   0.00 -90.00 0.00
obj 19375 -1503.67 679.73 16.63   0.00 -90.00 0.00
obj 19375 -1512.34 679.68 16.63   0.00 -90.00 0.00
obj 19375 -1504.02 688.83 16.63   0.00 -90.00 0.00
obj 19375 -1517.54 679.32 11.44   0.00 0.00 0.00
obj 19375 -1493.71 693.61 11.43   0.00 0.00 -90.00
obj 19377 -1512.26 670.26 6.11   0.00 90.00 0.00
obj 19377 -1501.94 670.31 6.11   0.00 90.00 0.00
obj 19377 -1504.08 688.80 6.11   0.00 90.00 0.00
obj 19377 -1513.40 689.01 6.09   0.00 90.00 0.00
obj 19377 -1494.22 688.73 6.12   0.00 90.00 0.00
obj 19377 -1494.14 679.67 6.11   0.00 90.00 0.00
obj 19377 -1512.35 679.29 6.11   0.00 90.00 0.00
obj 19377 -1512.26 670.26 6.11   0.00 90.00 0.00
obj 19377 -1512.29 688.88 6.11   0.00 90.00 0.00
obj 19377 -1494.28 670.33 6.11   0.00 90.00 0.00
obj 19375 -1498.31 693.62 11.43   0.00 0.00 -90.00
obj 19366 -1504.53 693.76 15.84   0.00 0.00 90.00
obj 19366 -1507.73 693.78 15.85   0.00 0.00 90.00
obj 19366 -1516.10 693.76 15.84   0.00 0.00 89.52
obj 19366 -1510.89 693.77 15.81   0.00 0.00 90.00
obj 19366 -1514.02 693.78 15.83   0.00 0.00 90.00
obj 18647 -1508.79 693.77 16.18   90.00 37.00 -15.00
obj 1736 -1510.34 694.19 15.56   0.00 0.00 180.00
obj 3499 -1500.35 681.25 22.37   0.00 26.00 3.00
obj 3499 -1505.29 680.87 22.27   0.00 -26.00 3.00
obj 3499 -1507.91 680.74 22.20   0.00 -1.00 0.00
obj 3499 -1497.65 681.45 22.26   0.00 -1.00 0.00
obj 3499 -1497.65 681.45 22.26   0.00 -1.00 0.00
obj 1348 -1492.67 692.37 6.89   0.00 0.00 0.00
obj 1348 -1490.81 692.49 6.89   0.00 0.00 0.00
obj 1348 -1490.78 691.39 6.89   0.00 0.00 0.00
obj 1348 -1492.71 691.38 6.87   0.00 0.00 0.00
obj 1685 -1495.24 692.45 6.92   0.00 0.00 0.00
obj 1685 -1495.24 692.45 8.43   0.00 0.00 0.00
obj 1593 -1502.80 688.91 6.29   0.00 0.00 2.00
obj 1593 -1502.92 692.55 6.29   0.00 0.00 2.00
obj 1650 -1494.76 690.91 6.51   0.00 0.00 0.00
obj 1650 -1494.77 691.17 6.50   0.00 0.00 0.00
obj 19816 -1495.52 690.64 6.44   0.00 0.00 0.00
obj 19816 -1495.56 691.19 6.44   0.00 0.00 0.00
obj 19878 -1489.73 689.74 6.27   0.00 0.00 -21.00
obj 19878 -1490.46 690.22 6.27   0.00 0.00 42.00
obj 19878 -1491.57 689.82 6.25   0.00 0.00 46.00
obj 19878 -1491.09 689.33 6.27   0.00 0.00 43.00
obj 1299 -1491.58 684.57 6.68   0.00 0.00 0.00
obj 19467 -1490.33 670.65 6.19   -180.00 0.00 -90.00
obj 19467 -1490.47 677.92 6.17   -180.00 0.00 -90.00
obj 14449 -1495.27 670.59 5.37   0.00 0.00 -90.00
obj 19899 -1491.05 674.42 6.19   0.00 0.00 -269.00
obj 19899 -1491.05 673.46 6.19   0.00 0.00 -90.00
obj 19620 -1490.86 674.62 8.83   0.00 0.00 0.00
obj 19627 -1490.94 674.35 7.44   0.00 0.00 -47.00
obj 19627 -1491.31 674.34 7.44   0.00 0.00 -162.00
obj 19631 -1491.48 674.71 7.48   0.00 -86.00 82.00
obj 368 -1490.16 674.50 7.41   1.00 -88.00 4.00
obj 19834 -1506.47 693.92 14.69   0.00 0.00 0.00
obj 19903 -1490.58 681.13 6.13   0.00 0.00 -164.00
obj 19918 -1490.17 674.66 7.81   0.00 0.00 0.00
obj 19900 -1491.03 667.10 6.19   0.00 0.00 0.00
obj 19900 -1491.00 667.99 6.19   0.00 0.00 0.00
obj 2650 -1492.62 666.99 7.07   0.00 0.00 -360.00
obj 2650 -1492.59 667.26 7.07   0.00 0.00 -180.00
obj 2606 -1495.48 665.75 6.97   0.00 0.00 -180.00
obj 2606 -1495.48 665.75 7.40   0.00 0.00 -180.00
obj 3799 -1498.25 692.09 6.04   0.00 0.00 0.00
obj 1814 -1493.45 680.39 6.15   0.00 0.00 0.00
obj 19917 -1492.91 680.89 6.68   0.00 0.00 -90.00
obj 1760 -1508.21 667.12 6.20   0.00 0.00 180.00
obj 1760 -1513.87 667.12 6.20   0.00 0.00 180.00
obj 1760 -1510.98 667.13 6.20   0.00 0.00 180.00
obj 918 -1494.68 680.67 6.55   0.00 0.00 0.00
obj 1823 -1509.33 668.22 6.16   0.00 0.00 0.00
obj 1823 -1516.32 668.22 6.16   0.00 0.00 0.00
obj 1823 -1515.16 668.21 6.16   0.00 0.00 0.00
obj 1823 -1513.99 668.21 6.16   0.00 0.00 0.00
obj 1823 -1512.81 668.22 6.16   0.00 0.00 0.00
obj 1823 -1511.66 668.22 6.16   0.00 0.00 0.00
obj 1823 -1510.48 668.21 6.16   0.00 0.00 0.00
obj 19941 -1515.60 668.55 6.65   0.00 0.00 -50.00
obj 19941 -1515.95 668.60 6.65   0.00 0.00 0.00
obj 19941 -1516.14 668.85 6.65   0.00 0.00 52.00
obj 19941 -1516.23 668.58 6.65   0.00 0.00 -44.00
obj 19941 -1514.91 668.72 6.65   0.00 0.00 10.00
obj 19941 -1515.52 668.94 6.65   0.00 0.00 28.00
obj 19941 -1515.81 668.79 6.65   0.00 0.00 -12.00
obj 19941 -1515.31 668.71 6.65   0.00 0.00 9.00
obj 19941 -1514.98 668.52 6.65   0.00 0.00 10.00
obj 19941 -1515.03 668.92 6.65   0.00 0.00 10.00
obj 19941 -1514.59 668.67 6.65   0.00 0.00 10.00
obj 19941 -1513.90 668.48 6.65   0.00 0.00 -90.00
obj 19941 -1514.63 668.97 6.65   0.00 0.00 -11.00
obj 19941 -1512.41 668.94 6.65   0.00 0.00 -90.00
obj 19941 -1514.20 668.43 6.65   0.00 0.00 -90.00
obj 19941 -1514.19 668.95 6.65   0.00 0.00 -114.00
obj 19941 -1513.13 669.01 6.65   0.00 0.00 -110.00
obj 19941 -1513.49 668.55 6.65   0.00 0.00 -110.00
obj 19941 -1511.86 668.98 6.65   0.00 0.00 -110.00
obj 19941 -1512.73 668.51 6.65   0.00 0.00 -110.00
obj 19941 -1508.77 668.40 6.65   0.00 0.00 -110.00
obj 19941 -1511.89 668.58 6.65   0.00 0.00 -110.00
obj 19941 -1511.58 668.57 6.65   0.00 0.00 -110.00
obj 19941 -1508.46 668.97 6.65   0.00 0.00 -110.00
obj 19941 -1510.87 668.95 6.65   0.00 0.00 -110.00
obj 19941 -1511.05 668.71 6.65   0.00 0.00 -110.00
obj 19941 -1511.66 668.80 6.65   0.00 0.00 -110.00
obj 19941 -1510.49 668.69 6.65   0.00 0.00 -110.00
obj 19897 -1510.24 668.49 6.65   0.00 0.00 0.00
obj 19897 -1510.07 668.73 6.65   0.00 0.00 0.00
obj 19941 -1510.39 668.99 6.65   0.00 0.00 -110.00
obj 19941 -1510.22 668.88 6.65   0.00 0.00 -110.00
obj 1760 -1510.98 667.13 6.20   0.00 0.00 180.00
obj 19941 -1509.79 668.94 6.65   0.00 0.00 -110.00
obj 19941 -1509.54 668.59 6.65   0.00 0.00 -110.00
obj 19941 -1509.50 668.89 6.65   0.00 0.00 -110.00
obj 19160 -1509.16 668.93 6.65   0.00 -85.00 0.00
obj 19160 -1509.12 668.61 6.65   0.00 -85.00 0.00
obj 19036 -1508.63 668.72 6.65   0.00 -58.00 0.00
obj 19314 -1509.65 668.67 6.25   0.00 90.00 -5.00
obj 11704 -1508.25 665.81 7.08   0.00 1.00 180.00
obj 11704 -1507.47 665.69 7.08   0.00 1.00 180.00
obj 19941 -1509.68 668.37 6.65   0.00 0.00 -110.00
obj 19941 -1511.46 669.00 6.65   0.00 0.00 -110.00
obj 19366 -1510.56 671.61 6.69   0.00 -90.00 0.00
obj 19366 -1512.27 671.59 5.02   0.00 0.00 0.00
obj 19366 -1508.89 671.59 5.02   0.00 0.00 0.00
obj 19787 -1510.73 672.18 7.21   0.00 0.00 180.00
obj 19787 -1511.46 671.46 7.21   0.00 0.00 -90.00
obj 19787 -1510.03 671.49 7.21   0.00 0.00 90.00
obj 19787 -1510.73 670.76 7.21   0.00 0.00 0.00
obj 3462 -1510.88 671.45 8.18   0.00 0.00 90.00
obj 3761 -1498.09 686.75 8.10   0.00 0.00 0.00
obj 3497 -1517.12 680.26 11.11   0.00 0.00 -90.00
obj 3633 -1497.33 674.85 6.67   0.00 0.00 0.00
obj 3633 -1495.22 674.64 6.67   0.00 0.00 0.00
obj 958 -1496.74 680.40 7.09   0.00 0.00 -180.00
obj 959 -1496.77 680.41 7.11   0.00 0.00 180.00
obj 3810 -1516.81 675.92 10.52   0.00 0.00 0.00
obj 14455 -1504.53 665.70 7.83   0.00 0.00 0.00
obj 3015 -1516.23 675.39 6.30   0.00 0.00 0.00
obj 3015 -1516.20 673.96 6.30   0.00 0.00 0.00
obj 3015 -1516.33 674.74 6.30   0.00 0.00 0.00
obj 3015 -1515.21 674.32 6.30   0.00 0.00 0.00
obj 3015 -1515.28 675.39 6.30   0.00 0.00 0.00
obj 3015 -1515.71 674.53 6.30   0.00 0.00 0.00
obj 19377 -1512.35 679.29 6.12   0.00 90.00 0.00
obj 3014 -1516.27 676.26 6.20   0.00 0.00 0.00
obj 3016 -1516.29 677.00 6.33   0.00 0.00 0.00
obj 3016 -1515.23 676.85 6.33   0.00 0.00 0.00
obj 3016 -1515.68 677.44 6.33   0.00 0.00 0.00
obj 3016 -1515.12 676.20 6.33   0.00 0.00 0.00
obj 1896 -1511.34 675.28 7.02   0.00 0.00 0.00
obj 1824 -1512.01 678.32 6.58   0.00 0.00 0.00
obj 2064 -1513.87 676.53 6.80   0.00 0.00 -95.00
obj 2064 -1516.41 678.44 6.75   0.00 0.00 41.00
obj 3383 -1514.56 670.93 6.19   0.00 0.00 0.00
obj 2036 -1515.40 670.98 7.25   0.00 0.00 0.00
obj 2036 -1515.50 670.63 7.25   0.00 0.00 0.00
obj 2036 -1515.58 671.22 7.25   0.00 0.00 0.00
obj 2035 -1513.21 670.85 7.25   0.00 0.00 -58.00
obj 2035 -1512.96 671.17 7.25   0.00 0.00 -58.00
obj 2044 -1513.62 671.56 7.26   0.00 0.00 0.00
obj 2034 -1513.78 670.55 7.25   0.00 0.00 0.00
obj 2034 -1513.83 670.98 7.25   0.00 0.00 0.00
obj 2033 -1514.35 671.54 7.25   0.00 0.00 0.00
obj 3383 -1514.56 670.93 6.19   0.00 0.00 0.00
obj 2037 -1514.23 671.34 7.29   0.00 0.00 0.00
obj 2037 -1514.47 670.87 7.29   0.00 0.00 0.00
obj 2037 -1514.27 671.09 7.29   0.00 0.00 0.00
obj 2037 -1514.49 671.16 7.29   0.00 0.00 0.00
obj 1654 -1514.15 670.58 7.43   0.00 0.00 0.00
obj 1654 -1514.13 670.87 7.43   0.00 0.00 0.00
obj 1654 -1514.51 670.54 7.43   0.00 0.00 0.00
obj 1654 -1514.74 670.90 7.43   0.00 0.00 0.00
obj 19807 -1513.09 670.21 7.34   0.00 0.00 0.00
obj 19807 -1513.41 670.21 7.34   0.00 0.00 0.00
obj 19815 -1489.04 670.82 7.35   0.00 0.00 -90.00
obj 19815 -1489.04 677.90 7.35   0.00 0.00 -90.00
obj 1550 -1506.88 666.39 6.49   0.00 0.00 0.00
obj 1550 -1507.41 666.65 6.49   0.00 0.00 0.00
obj 1550 -1507.65 666.19 6.49   0.00 0.00 0.00
obj 1550 -1507.13 666.03 6.49   0.00 0.00 0.00
obj 1550 -1507.35 667.28 6.49   0.00 0.00 0.00
obj 1550 -1506.87 666.89 6.49   0.00 0.00 0.00
obj 3385 -1508.05 671.45 6.23   0.00 0.00 0.00
obj 3385 -1508.06 670.67 6.23   0.00 0.00 0.00
obj 11726 -1503.50 677.09 15.48   0.00 0.00 0.00
obj 11728 -1502.05 693.64 9.67   0.00 0.00 180.00
obj 1829 -1505.87 666.39 6.68   0.00 0.00 180.00
obj 2567 -1493.75 686.61 7.92   0.00 0.00 -95.00
obj 1978 -1508.22 676.09 7.17   0.00 0.00 0.00
obj 19941 -1513.99 668.97 6.65   0.00 0.00 -90.00
obj 19941 -1513.60 669.07 6.65   0.00 0.00 -90.00
obj 19941 -1510.86 668.44 6.65   0.00 0.00 -110.00
obj 19941 -1512.26 668.52 6.65   0.00 0.00 -110.00
obj 19872 -1494.91 677.51 4.31   0.00 0.00 -270.00
obj 1182 -1494.08 667.72 6.30   0.00 0.00 0.00
obj 19998 -1490.31 673.59 7.56   0.00 0.00 0.00
obj 19998 -1490.50 673.22 7.56   0.00 0.00 0.00
obj 19998 -1490.60 673.57 7.56   0.00 0.00 -27.00
obj 1010 -1491.78 673.58 7.83   0.00 0.00 0.00
obj 1010 -1491.80 673.69 8.27   0.00 0.00 0.00
obj 19377 -1504.50 679.26 6.11   0.00 90.00 0.00
obj 19378 -1525.60 686.50 11.31   0.00 0.00 0.00
obj 19378 -1525.61 677.53 11.25   0.00 0.00 0.00
obj 19378 -1531.24 672.79 11.24   0.00 0.00 -90.00
obj 19378 -1531.26 691.36 11.21   0.00 0.00 -90.00
obj 19378 -1536.07 686.54 13.93   0.00 0.00 0.00
obj 19378 -1530.79 677.50 16.48   0.00 -90.00 0.00
obj 19378 -1530.82 686.51 6.13   0.00 -90.00 0.00
obj 19378 -1530.86 677.60 6.11   0.00 -90.00 0.00
obj 19378 -1530.39 672.79 11.25   0.00 0.00 -90.00
obj 3804 -1525.41 687.74 13.31   0.00 0.00 0.00
obj 3804 -1525.41 687.74 12.22   0.00 0.00 0.00
obj 19378 -1530.41 691.35 11.20   0.00 0.00 -90.00
obj 19378 -1536.10 684.95 11.29   0.00 0.00 0.00
obj 19378 -1530.86 686.54 16.48   0.00 -90.00 0.00
obj 19378 -1536.06 677.48 11.29   0.00 0.00 0.00
obj 19425 -1504.63 694.78 6.21   0.00 0.00 0.00
obj 19425 -1507.83 694.79 6.21   0.00 0.00 0.00
obj 19425 -1511.09 694.79 6.21   0.00 0.00 0.00
obj 19425 -1514.33 694.80 6.21   0.00 0.00 0.00
obj 3528 -1537.04 687.31 20.56   0.00 0.00 180.00
obj 3267 -1531.17 689.58 16.13   0.00 0.00 0.00
obj 3267 -1532.14 675.93 16.13   0.00 0.00 153.00
obj 3461 -1518.79 693.39 7.76   0.00 0.00 0.00
obj 3461 -1487.49 693.24 7.61   0.00 0.00 0.00
obj 1593 -1502.86 690.72 6.29   0.00 0.00 2.00
obj 3877 -1513.64 688.31 6.17   0.00 0.00 0.00
obj 1218 -1493.46 675.14 6.65   0.00 0.00 0.00
obj 1218 -1493.59 674.17 6.65   0.00 0.00 0.00
obj 19872 -1514.83 686.20 4.31   0.00 0.00 90.00
obj 3877 -1515.95 688.36 6.17   0.00 0.00 0.00
obj 3850 -1515.66 684.86 6.70   0.00 0.00 -90.00
obj 19923 -1499.41 674.69 6.19   0.00 0.00 0.00
obj 19601 -1502.50 685.80 6.59   0.00 0.00 274.00
obj 19079 -1508.39 693.72 17.62   0.00 -90.00 0.00
obj 19143 -1489.18 670.96 10.50   0.00 0.00 90.00
obj 19466 -1511.14 673.14 5.68   0.00 0.00 90.00
obj 19466 -1509.94 673.15 5.69   0.00 0.00 90.00
obj 2464 -1510.86 670.79 6.32   0.00 0.00 0.00
obj 3384 -1489.86 666.96 7.43   0.00 0.00 0.00
obj 2224 -1493.46 672.68 6.18   0.00 0.00 -17.00
obj 2229 -1511.81 673.22 6.75   0.00 0.00 0.00
obj 2229 -1508.67 673.19 6.75   0.00 0.00 0.00
obj 3794 -1491.91 682.79 6.68   0.00 0.00 0.00
obj 1790 -1511.71 670.31 6.26   0.00 0.00 0.00
obj 19378 -1496.06 700.07 11.43   0.00 0.00 -90.00
obj 19378 -1495.66 704.82 16.65   0.00 -90.00 0.00
obj 19378 -1490.44 704.81 11.43   0.00 0.00 0.00
obj 19378 -1496.06 709.65 11.43   0.00 0.00 -90.00
obj 19381 -1495.64 704.93 6.18   0.00 90.00 0.00
obj 11489 -1508.98 719.14 6.15   0.00 0.00 -90.00
obj 3810 -1491.30 700.77 13.41   0.00 0.00 178.00
obj 3810 -1491.24 708.99 13.41   0.00 0.00 178.00
obj 19578 -1492.93 707.36 6.22   0.00 0.00 29.00
obj 19578 -1493.21 707.18 6.22   0.00 0.00 43.00
obj 19578 -1493.29 706.86 6.22   0.00 0.00 29.00
obj 19578 -1493.46 707.36 6.22   0.00 0.00 106.00
obj 19574 -1492.91 707.06 6.23   0.00 0.00 0.00
obj 19574 -1492.96 706.84 6.23   0.00 0.00 0.00
obj 19574 -1492.76 706.90 6.23   0.00 0.00 0.00
obj 19575 -1493.12 707.05 6.22   0.00 0.00 0.00
obj 19575 -1493.53 707.08 6.22   0.00 0.00 0.00
obj 19575 -1493.65 707.35 6.22   0.00 0.00 0.00
obj 1255 -1495.08 708.66 6.74   0.00 0.00 190.00
obj 1255 -1497.84 708.72 6.76   0.00 0.00 190.00
obj 1814 -1497.75 705.13 6.14   0.00 0.00 0.00
obj 19579 -1494.50 705.89 6.65   0.00 0.00 -27.00
obj 19579 -1494.90 705.80 6.65   0.00 0.00 -27.00
obj 19564 -1494.53 705.57 6.65   0.00 0.00 0.00
obj 19564 -1494.85 705.47 6.65   0.00 0.00 0.00
obj 19569 -1494.55 705.35 6.65   0.00 0.00 0.00
obj 19569 -1494.77 705.27 6.65   0.00 0.00 0.00
obj 19580 -1493.65 705.43 6.65   0.00 0.00 0.00
obj 19580 -1494.15 705.47 6.65   0.00 0.00 0.00
obj 19562 -1494.07 705.87 6.65   0.00 0.00 0.00
obj 1726 -1496.11 704.03 6.15   0.00 0.00 180.00
obj 19831 -1493.49 702.76 6.15   0.00 0.00 -180.00
obj 19873 -1494.28 706.95 6.25   0.00 0.00 0.00
obj 19811 -1493.70 705.86 6.70   0.00 0.00 0.00
obj 19836 -1515.06 679.16 6.21   0.00 0.00 0.00
obj 19582 -1492.12 705.81 6.98   0.00 0.00 29.00
obj 19582 -1491.81 705.53 6.98   0.00 0.00 4.00
obj 19632 -1491.98 705.54 6.53   0.00 0.00 -40.00
obj 19630 -1491.96 705.39 6.98   90.00 0.00 -54.00
obj 19621 -1494.00 707.60 6.27   0.00 0.00 0.00
obj 19636 -1492.78 708.84 6.17   0.00 0.00 0.00
obj 19175 -1494.53 700.15 9.07   0.00 0.00 -180.00
obj 11709 -1490.87 702.52 6.19   0.00 0.00 -90.00
obj 19630 -1492.21 705.60 6.98   90.00 0.00 -54.00
obj 1547 -1492.20 701.49 6.19   0.00 0.00 0.00
obj 625 -1498.25 697.61 7.03   0.00 0.00 0.00
obj 19921 -1492.23 706.37 6.30   0.00 0.00 0.00
obj 19921 -1491.64 707.01 6.30   0.00 0.00 0.00
obj 19830 -1492.63 700.26 6.17   0.00 0.00 180.00
obj 1814 -1494.75 705.05 6.14   0.00 0.00 0.00
obj 1726 -1493.28 704.11 6.15   0.00 0.00 180.00
obj 19831 -1491.97 705.57 6.15   0.00 0.00 -38.00
obj 19847 -1491.74 704.19 7.03   0.00 0.00 0.00
obj 19847 -1491.52 704.14 7.03   0.00 0.00 0.00
obj 19823 -1497.60 705.39 6.65   0.00 0.00 0.00
obj 19823 -1497.82 705.41 6.65   0.00 0.00 0.00
obj 19824 -1497.60 705.61 6.68   0.00 0.00 0.00
obj 19824 -1497.90 705.64 6.68   0.00 0.00 0.00
obj 19835 -1497.56 705.85 6.76   0.00 0.00 0.00
obj 19835 -1497.40 705.59 6.76   0.00 0.00 0.00
obj 19819 -1497.02 705.34 6.72   0.00 0.00 0.00
obj 19819 -1497.33 705.38 6.72   0.00 0.00 0.00
obj 19590 -1496.61 706.00 6.65   0.00 -90.00 -90.00
obj 19581 -1496.58 705.43 6.65   0.00 0.00 -121.00
obj 19582 -1496.92 705.67 6.66   0.00 0.00 0.00
obj 19630 -1497.06 705.66 6.66   -90.00 0.00 -90.00
obj 19776 -1497.49 705.82 6.67   0.00 0.00 0.00
obj 19776 -1497.35 705.80 6.67   0.00 0.00 0.00
obj 19774 -1497.39 705.95 6.65   -90.00 0.00 0.00
obj 1491 -1536.01 688.91 6.22   0.00 0.00 0.00
obj 3361 -1530.69 690.19 8.49   0.00 0.00 -180.00
obj 19378 -1534.33 679.23 4.98   0.00 0.00 0.00
obj 19378 -1534.33 684.21 4.96   0.00 0.00 0.00
obj 1491 -1534.35 672.91 6.17   0.00 0.00 90.00
obj 19378 -1530.85 684.33 10.30   0.00 -90.00 0.00
obj 19378 -1530.86 677.60 10.30   0.00 -90.00 0.00
obj 14781 -1531.47 685.23 6.83   0.00 0.00 0.00
obj 2627 -1526.26 687.47 6.22   0.00 0.00 0.00
obj 2627 -1527.41 687.46 6.22   0.00 0.00 0.00
obj 2631 -1532.28 675.62 6.20   0.00 0.00 0.00
obj 2631 -1532.25 680.90 6.16   0.00 0.00 0.00
obj 2631 -1532.24 678.21 6.20   0.00 0.00 0.00
obj 2628 -1533.18 678.05 6.24   0.00 0.00 90.00
obj 2628 -1533.26 680.77 6.18   0.00 0.00 90.00
obj 2630 -1531.52 675.62 6.27   0.00 0.00 0.00
obj 2630 -1533.50 675.61 6.26   0.00 0.00 0.00
obj 1716 -1528.36 688.52 6.63   0.00 0.00 0.00
obj 1716 -1533.23 683.64 6.63   0.00 0.00 0.00
obj 955 -1526.14 675.09 6.56   0.00 0.00 -90.00
obj 955 -1526.20 673.44 6.56   0.00 0.00 -90.00
obj 1776 -1528.73 673.29 7.32   0.00 0.00 180.00
obj 11726 -1528.69 677.95 9.25   0.00 0.00 0.00
obj 1985 -1526.54 678.86 10.20   0.00 0.00 0.00
obj 1985 -1526.69 680.10 10.18   0.00 0.00 0.00
obj 1491 -1527.21 688.99 10.38   0.00 0.00 0.00
obj 19366 -1534.43 689.09 12.09   0.00 0.00 90.00
obj 19366 -1528.83 689.07 12.09   0.00 0.00 90.00
obj 19366 -1532.04 689.09 12.09   0.00 0.00 90.00
obj 19366 -1534.43 689.09 14.67   0.00 0.00 90.00
obj 19366 -1532.04 689.09 14.69   0.00 0.00 90.00
obj 19366 -1527.24 689.02 14.65   0.00 0.00 90.00
obj 19366 -1528.83 689.07 14.67   0.00 0.00 90.00
obj 1814 -1530.37 677.18 10.35   0.00 0.00 0.00
obj 954 -1526.85 674.38 11.15   180.00 0.00 0.00
obj 19142 -1526.89 674.38 11.63   0.00 -90.00 0.00
obj 18963 -1526.88 674.36 11.95   0.00 0.00 90.00
obj 19136 -1526.87 674.36 11.95   0.00 -89.00 0.00
obj 2035 -1527.36 674.29 11.68   90.00 0.00 180.00
obj 2035 -1526.41 674.28 11.68   90.00 0.00 0.00
obj 11737 -1529.01 675.26 10.39   0.00 0.00 -180.00
obj 1820 -1529.60 674.04 10.41   0.00 0.00 0.00
obj 19787 -1529.15 674.37 11.33   0.00 0.00 180.00
obj 19808 -1529.08 674.75 10.91   0.00 0.00 180.00
obj 19807 -1527.47 674.56 10.92   0.00 0.00 -180.00
obj 2298 -1535.21 685.04 10.38   0.00 0.00 0.00
obj 19920 -1532.71 688.77 10.90   0.00 0.00 -1.00
obj 19893 -1535.19 688.69 10.89   0.00 0.00 7.00
obj 11737 -1526.92 675.42 10.39   0.00 0.00 -180.00
obj 19806 -1530.06 678.86 15.60   0.00 0.00 0.00
obj 18976 -1534.25 688.84 11.29   1.00 -10.00 -44.00
obj 18865 -1532.49 688.68 10.89   0.00 0.00 -2.00
obj 18961 -1533.84 688.84 11.21   0.00 0.00 -41.00
obj 19172 -1535.98 684.42 12.93   0.00 0.00 90.00
obj 19786 -1533.38 673.00 15.20   0.00 0.00 180.00
obj 2100 -1530.75 673.79 10.39   0.00 0.00 -153.00
obj 2311 -1530.08 686.51 10.36   0.00 0.00 0.00
obj 2812 -1528.91 686.43 10.87   0.00 0.00 0.00
obj 2812 -1529.96 686.49 10.87   0.00 0.00 0.00
obj 2002 -1531.18 688.50 10.38   0.00 0.00 0.00
obj 2690 -1535.52 688.27 10.74   0.00 0.00 89.00
obj 1364 -1537.54 686.16 6.95   0.00 0.00 -90.00
obj 1814 -1527.35 673.87 10.35   0.00 0.00 0.00
obj 19631 -1529.86 677.37 10.87   0.00 90.00 96.00
obj 19627 -1529.87 677.74 10.85   0.00 0.00 -39.00
obj 19627 -1529.71 677.87 10.85   0.00 0.00 -39.00
obj 19305 -1530.46 677.64 10.85   -90.00 0.00 -10.00
obj 19804 -1530.20 677.92 10.94   0.00 0.00 -68.00
obj 19804 -1530.01 677.99 10.94   0.00 0.00 -33.00
obj 19792 -1530.30 677.76 10.85   0.00 0.00 0.00
obj 19792 -1530.38 677.82 10.85   0.00 0.00 0.00
obj 19806 -1530.10 689.84 15.45   0.00 0.00 0.00
obj 1731 -1534.32 688.82 12.27   0.00 0.00 90.00
obj 19914 -1530.08 677.68 10.92   0.00 0.00 0.00
obj 1491 -1534.44 687.06 6.21   0.00 0.00 -90.00
obj 19896 -1532.73 688.56 10.90   0.00 0.00 0.00
obj 19978 -1537.78 682.89 6.16   0.00 0.00 -90.00
obj 19617 -1533.00 680.57 10.37   -90.00 0.00 0.00
obj 19610 -1530.61 674.20 11.32   0.00 0.00 0.00
obj 2985 -1528.36 677.74 10.39   0.00 0.00 55.00
obj 2985 -1527.29 677.54 10.39   0.00 0.00 55.00
obj 11739 -1533.43 688.78 11.17   0.00 0.00 0.00
obj 2416 -1533.73 675.48 10.40   0.00 0.00 0.00
obj 3092 -1493.92 689.39 7.26   0.00 0.00 0.00
obj 3092 -1493.33 689.41 7.26   0.00 0.00 0.00
obj 2983 -1492.65 675.82 6.60   0.00 0.00 0.00
obj 2983 -1491.36 675.95 6.60   0.00 0.00 0.00
obj 330 -1530.39 678.12 10.84   90.00 0.00 -90.00
obj 2515 -1525.99 681.57 7.03   0.00 0.00 -90.00
obj 11711 -1501.73 693.58 6.91   0.00 0.00 0.00
obj 19869 -1466.22 702.71 -0.05   0.00 0.00 0.00
obj 19869 -1466.35 684.69 0.00   0.00 0.00 0.00
obj 19869 -1471.43 702.75 -0.05   0.00 0.00 0.00
obj 19869 -1476.69 702.67 0.00   0.00 0.00 0.00
obj 19869 -1471.54 684.64 0.00   0.00 0.00 0.00
obj 19869 -1476.64 684.50 0.00   0.00 0.00 0.00
obj 19870 -1482.74 684.91 2.03   0.00 0.00 0.00
obj 19870 -1463.74 684.72 1.78   0.00 0.00 90.00
obj 18728 -1480.05 685.38 0.32   0.00 0.00 0.00
obj 967 -1523.81 704.42 6.15   0.00 0.00 180.00
obj 966 -1522.73 703.59 6.18   0.00 0.00 90.00
obj 1251 -1522.73 699.93 7.03   0.00 -34.00 0.00
obj 1895 -1530.49 673.03 9.05   0.00 0.00 180.00
obj 1770 -1535.09 679.67 10.38   0.00 0.00 0.00
obj 3388 -1535.52 686.63 10.39   0.00 0.00 0.00
obj 2028 -1529.91 674.99 10.42   0.00 0.00 0.00
obj 2047 -1511.04 665.49 10.04   0.00 0.00 180.00
obj 1381 -1494.12 670.50 16.58   0.00 0.00 0.00
obj 931 -1490.85 688.01 7.27   0.00 0.00 0.00
obj 2803 -1490.22 687.91 6.77   0.00 0.00 0.00
obj 2803 -1491.41 688.14 6.77   0.00 0.00 0.00
obj 2905 -1491.27 688.18 7.49   0.00 0.00 -18.00
obj 2905 -1491.71 687.92 7.48   0.00 0.00 24.00
obj 2906 -1490.68 688.13 7.47   0.00 0.00 0.00
obj 2906 -1490.28 688.06 7.47   0.00 0.00 0.00
obj 3012 -1490.38 687.47 6.82   -26.00 0.00 -180.00
obj 2943 -1504.88 666.98 6.91   0.00 0.00 -180.00
obj 1583 -1514.77 665.62 8.26   0.00 0.00 0.00
obj 1131 -1496.34 667.53 5.53   -15.00 0.00 0.00
obj 1075 -1496.52 673.48 6.62   0.00 0.00 0.00
obj 1075 -1495.34 673.43 6.62   0.00 0.00 0.00
obj 1025 -1496.39 675.51 6.67   0.00 0.00 0.00
obj 1025 -1494.57 675.89 6.67   0.00 0.00 0.00
obj 3860 -1500.51 681.15 7.32   0.00 0.00 0.00
obj 1001 -1500.49 680.76 6.96   0.00 0.00 180.00
obj 1003 -1500.52 680.11 6.96   0.00 0.00 -180.00
obj 19831 -1491.56 704.02 6.15   0.00 0.00 -100.00
obj 2804 -1493.37 702.65 7.03   0.00 0.00 -90.00
obj 2806 -1494.60 702.61 6.80   0.00 0.00 0.00
obj 1823 -1495.33 702.08 6.18   0.00 0.00 0.00
obj 3017 -1497.33 680.93 8.06   0.00 0.00 0.00
obj 3111 -1493.76 666.42 6.21   0.00 0.00 0.00
obj 2915 -1533.21 682.35 6.34   0.00 0.00 0.00
obj 2915 -1533.27 681.94 6.34   0.00 0.00 0.00
obj 2311 -1534.70 684.29 10.38   0.00 0.00 0.00
obj 2829 -1533.22 684.21 10.92   0.00 0.00 0.00
obj 2829 -1534.23 684.22 10.92   0.00 0.00 0.00
obj 2710 -1529.14 677.40 10.95   0.00 0.00 0.00
obj 2710 -1529.16 677.91 10.95   0.00 0.00 0.00
obj 2692 -1525.99 684.20 11.13   0.00 0.00 -90.00
obj 2691 -1533.15 688.89 13.24   0.00 0.00 0.00
obj 2484 -1533.19 675.49 13.41   0.00 0.00 0.00
obj 2023 -1532.05 687.86 10.38   0.00 0.00 0.00
obj 1585 -1529.62 672.92 14.19   0.00 0.00 0.00
obj 19366 -1475.33 705.42 -0.62   0.00 -60.00 0.00
obj 19366 -1477.94 705.41 0.98   0.00 -57.00 0.00
obj 19378 -1474.67 702.92 -2.78   0.00 0.00 90.00
obj 19378 -1475.25 707.67 -5.21   0.00 90.00 0.00
obj 19378 -1479.39 707.77 -3.34   0.00 0.00 0.00
obj 19378 -1474.59 712.47 -2.78   0.00 0.00 90.00
obj 1607 -1477.21 707.80 -1.09   0.00 0.00 -18.00
obj 1609 -1473.28 706.48 -3.51   0.00 0.00 0.00
obj 1609 -1472.47 709.65 -3.51   0.00 0.00 0.00
obj 3111 -1491.35 679.66 6.21   0.00 0.00 0.00
obj 2231 -1531.74 680.80 10.40   0.00 0.00 -180.00
obj 19836 -1493.35 690.03 6.21   0.00 0.00 0.00
obj 19321 -1521.81 688.06 7.67   0.00 0.00 -180.00
obj 19425 -1517.47 694.78 6.21   0.00 0.00 0.00
obj 19425 -1520.72 694.77 6.21   0.00 0.00 0.00
obj 19378 -1469.80 707.72 -2.77   0.00 0.00 0.00
obj 1636 -1478.92 699.18 -0.57   0.00 0.00 -90.00
obj 1636 -1478.95 700.22 -0.57   0.00 0.00 -90.00
obj 2985 -1480.19 686.02 0.30   0.00 0.00 31.00
obj 2984 -1524.35 690.93 7.53   0.00 0.00 91.00
obj 2600 -1485.38 722.46 6.96   0.00 0.00 90.00
obj 2600 -1485.44 724.81 6.96   0.00 0.00 90.00
obj 3499 -1486.92 722.09 1.16   0.00 0.00 0.00
obj 3499 -1486.83 724.72 1.17   0.00 0.00 0.00
obj 19787 -1494.22 709.59 10.13   0.00 0.00 0.00
obj 19378 -1495.33 709.68 11.43   0.00 0.00 -90.00
obj 19378 -1495.35 700.06 11.43   0.00 0.00 -90.00
