sell 10909 86.4393, 1702.9292, 17.6405
area 106.4500 1694.7100 30.0
changeobj 1506 87.9411, 1703.5472, 17.2282 0.0000, 0.0000, -89.2800 1502
moveobj 18844 97.8349 1698.7430 4.0058 0.00 90.0000 0.00 0.02 97.8449 1698.8430 4.0158 0.00 -73.0000 12.9000 0.02 -1 100
obj 19379 104.368 1716.054 16.562 0.000 90.000 0.000
material 0 14786 ab_sfgymbeams knot_wood128 0
obj 19379 114.818 1716.081 16.562 0.000 90.000 0.000
material 0 14786 ab_sfgymbeams knot_wood128 0
obj 19378 117.641 1716.097 16.648 0.000 0.000 0.000
material 0 10765 airportgnd_sfse white 0
obj 19458 113.011 1720.667 17.367 0.000 90.000 90.000
material 0 4828 airport3_las gnhotelwall02_128 0
obj 19458 113.013 1718.998 15.695 0.000 0.000 90.000
material 0 4828 airport3_las gnhotelwall02_128 0
obj 19458 109.644 1719.873 16.648 90.000 -45.000 -14.159
material 0 4828 airport3_las gnhotelwall02_128 0
obj 19379 114.837 1706.455 16.562 0.000 90.000 0.000
material 0 14786 ab_sfgymbeams knot_wood128 0
obj 19379 104.343 1706.431 16.562 0.000 90.000 0.000
material 0 14786 ab_sfgymbeams knot_wood128 0
obj 19378 117.631 1706.469 16.648 0.000 0.000 0.000
material 0 10765 airportgnd_sfse white 0
obj 19325 114.277 1720.765 19.429 0.000 0.000 91.620
material 0 3925 weemap skyclouds 0
obj 3032 117.508 1709.947 19.343 0.000 0.000 89.879
material 0 3031 wngdishx metal_leg 0
obj 19458 117.301 1714.272 15.695 0.000 0.000 -15.000
material 0 4828 airport3_las gnhotelwall02_128 0
obj 19458 117.309 1705.022 15.695 0.000 0.000 15.000
material 0 4828 airport3_las gnhotelwall02_128 0
obj 19458 118.923 1713.844 17.367 0.000 90.000 -15.000
material 0 4828 airport3_las gnhotelwall02_128 0
obj 19458 118.931 1705.446 17.382 0.000 90.000 15.000
material 0 4828 airport3_las gnhotelwall02_128 0
obj 19439 118.331 1713.626 19.023 0.000 90.000 75.000
material 0 10765 airportgnd_sfse ws_runwaytarmac 0
obj 19439 117.967 1713.711 18.195 0.000 90.000 75.000
material 0 10765 airportgnd_sfse ws_runwaytarmac 0
obj 19439 117.878 1706.166 18.195 0.000 90.000 105.000
material 0 10765 airportgnd_sfse ws_runwaytarmac 0
obj 19439 118.252 1706.245 19.023 0.000 90.000 105.000
material 0 10765 airportgnd_sfse ws_runwaytarmac 0
obj 19378 103.376 1718.990 16.648 0.000 0.000 90.000
material 0 10765 airportgnd_sfse white 0
obj 19463 118.259 1715.811 16.648 90.000 0.000 45.000
material 0 10765 airportgnd_sfse ws_runwaytarmac 0
obj 19463 118.240 1718.293 16.648 90.000 0.000 -45.000
material 0 10765 airportgnd_sfse ws_runwaytarmac 0
obj 19378 117.614 1696.839 16.648 0.000 0.000 0.000
material 0 10765 airportgnd_sfse white 0
obj 19379 114.880 1696.869 16.562 0.000 90.000 0.000
material 0 14786 ab_sfgymbeams knot_wood128 0
obj 19463 118.059 1700.914 16.648 90.000 0.000 45.000
material 0 10765 airportgnd_sfse ws_runwaytarmac 0
obj 19463 118.137 1703.435 16.648 90.000 0.000 -45.000
material 0 10765 airportgnd_sfse ws_runwaytarmac 0
obj 19379 104.416 1696.851 16.562 0.000 90.000 0.000
material 0 14786 ab_sfgymbeams knot_wood128 0
obj 1713 109.429 1708.998 16.648 0.000 0.000 90.000
material 0 14629 ab_chande ab_goldpipe 0
obj 1713 110.046 1712.456 16.648 0.000 0.000 45.000
material 0 14629 ab_chande ab_goldpipe 0
obj 1713 111.096 1705.958 16.648 0.000 0.000 135.000
material 0 14629 ab_chande ab_goldpipe 0
obj 1713 112.841 1714.147 16.648 0.000 0.000 0.000
material 0 14629 ab_chande ab_goldpipe 0
obj 1713 114.409 1705.497 16.648 0.000 0.000 180.000
material 0 14629 ab_chande ab_goldpipe 0
obj 19438 112.069 1709.812 15.429 0.000 0.000 0.000
material 0 14629 ab_chande ab_goldpipe 0
obj 19438 114.164 1708.769 15.429 0.000 0.000 0.000
material 0 14629 ab_chande ab_goldpipe 0
obj 19438 114.195 1710.769 15.429 0.000 0.000 0.000
material 0 14629 ab_chande ab_goldpipe 0
obj 19438 112.693 1709.274 17.273 0.000 90.000 45.000
material 0 14629 ab_chande ab_goldpipe 0
obj 19438 112.737 1710.287 17.265 0.000 90.000 -45.000
material 0 14629 ab_chande ab_goldpipe 0
obj 19378 117.962 1699.357 16.648 0.000 0.000 90.000
material 0 10765 airportgnd_sfse white 0
obj 19458 108.356 1697.686 17.367 0.000 90.000 90.000
material 0 4828 airport3_las gnhotelwall02_128 0
obj 19458 108.340 1699.362 15.695 0.000 0.000 90.000
material 0 4828 airport3_las gnhotelwall02_128 0
obj 19458 113.222 1697.681 17.367 90.000 0.000 0.000
material 0 4828 airport3_las gnhotelwall02_128 0
obj 19458 106.887 1697.722 17.367 90.000 0.000 0.000
material 0 4828 airport3_las gnhotelwall02_128 0
obj 19378 102.036 1699.369 16.648 0.000 0.000 90.000
material 0 10765 airportgnd_sfse white 0
obj 19458 110.082 1698.272 17.140 0.000 90.000 90.000
material 0 4828 airport3_las gnhotelwall02_128 0
obj 19458 110.079 1699.608 16.765 0.000 90.000 90.000
material 0 4828 airport3_las gnhotelwall02_128 0
obj 19458 110.087 1698.833 16.937 0.000 90.000 90.000
material 0 4828 airport3_las gnhotelwall02_128 0
obj 19381 110.298 1691.164 17.546 0.000 90.000 0.000
material 0 14738 whorebar AH_blueceiling 0
obj 19325 113.182 1692.035 19.617 0.000 0.000 0.000
material 0 3925 weemap skyclouds 0
obj 19325 106.886 1692.063 19.617 0.000 0.000 0.000
material 0 3925 weemap skyclouds 0
obj 2774 110.243 1695.160 16.921 0.000 90.000 0.000
material 0 18065 ab_sfammumain breezewall 0
obj 2774 110.295 1694.421 17.312 0.000 90.000 0.000
material 0 18065 ab_sfammumain breezewall 0
obj 2774 113.674 1682.603 17.281 0.000 90.000 90.000
material 0 18065 ab_sfammumain breezewall 0
obj 2774 106.397 1682.609 17.281 0.000 90.000 90.000
material 0 18065 ab_sfammumain breezewall 0
obj 19325 110.185 1688.491 19.617 0.000 0.000 90.000
material 0 3925 weemap skyclouds 0
obj 2774 110.923 1688.453 17.312 0.000 90.000 0.000
material 0 18065 ab_sfammumain breezewall 0
obj 19379 93.874 1716.044 16.562 0.000 90.000 0.000
material 0 14786 ab_sfgymbeams knot_wood128 0
obj 19379 93.849 1706.445 16.562 0.000 90.000 0.000
material 0 14786 ab_sfgymbeams knot_wood128 0
obj 19379 93.932 1696.813 16.562 0.000 90.000 0.000
material 0 14786 ab_sfgymbeams knot_wood128 0
obj 19378 92.069 1705.953 16.648 0.000 0.000 90.000
material 0 10765 airportgnd_sfse white 0
obj 19378 93.800 1718.995 16.648 0.000 0.000 90.000
material 0 10765 airportgnd_sfse white 0
obj 2132 102.216 1718.379 16.640 0.000 0.000 0.000
material 0 14629 ab_chande ab_goldpipe 0
obj 2131 104.215 1718.391 16.648 0.000 0.000 0.000
material 0 14629 ab_chande ab_goldpipe 0
obj 2133 101.221 1718.387 16.648 0.000 0.000 0.000
material 0 14629 ab_chande ab_goldpipe 0
obj 2134 100.239 1718.406 16.648 0.000 0.000 0.000
material 0 14629 ab_chande ab_goldpipe 0
obj 2133 99.237 1718.393 16.648 0.000 0.000 0.000
material 0 14629 ab_chande ab_goldpipe 0
obj 2141 98.257 1718.400 16.648 0.000 0.000 0.000
material 0 14629 ab_chande ab_goldpipe 0
obj 19458 95.166 1710.832 17.367 0.000 90.000 0.000
material 0 4828 airport3_las gnhotelwall02_128 0
obj 19458 95.164 1720.457 17.367 0.000 90.000 0.000
material 0 4828 airport3_las gnhotelwall02_128 0
obj 19458 96.835 1710.759 15.695 0.000 0.000 0.000
material 0 4828 airport3_las gnhotelwall02_128 0
obj 19458 96.846 1720.379 15.695 0.000 0.000 0.000
material 0 4828 airport3_las gnhotelwall02_128 0
obj 19458 92.956 1711.646 17.367 90.000 0.000 -47.000
material 0 4828 airport3_las gnhotelwall02_128 0
obj 19458 92.898 1713.866 17.367 90.000 0.000 50.000
material 0 4828 airport3_las gnhotelwall02_128 0
obj 19325 93.449 1716.384 19.429 0.000 0.000 0.000
material 0 3925 weemap skyclouds 0
obj 19325 93.457 1709.283 19.429 0.000 0.000 0.000
material 0 3925 weemap skyclouds 0
obj 19378 92.414 1699.362 16.648 0.000 0.000 90.000
material 0 10765 airportgnd_sfse white 0
obj 19458 91.314 1701.112 16.726 0.000 90.000 0.000
material 0 4828 airport3_las gnhotelwall02_128 0
obj 19458 90.674 1701.109 16.882 0.000 90.000 0.000
material 0 4828 airport3_las gnhotelwall02_128 0
obj 19458 90.193 1701.140 17.023 0.000 90.000 0.000
material 0 4828 airport3_las gnhotelwall02_128 0
obj 19458 89.672 1701.190 17.187 0.000 90.000 0.000
material 0 4828 airport3_las gnhotelwall02_128 0
obj 951 94.185 1710.795 18.156 0.000 0.000 -73.559
material 0 14629 ab_chande ab_goldpipe 0
obj 2435 104.071 1715.283 16.648 0.000 0.000 -0.300
material 0 4828 airport3_las alax1_las 0
obj 2434 104.986 1715.283 16.648 0.000 0.000 0.000
material 0 4828 airport3_las alax1_las 0
obj 2435 103.147 1715.282 16.648 0.000 0.000 -0.300
material 0 4828 airport3_las alax1_las 0
obj 2435 102.223 1715.284 16.648 0.000 0.000 -0.300
material 0 4828 airport3_las alax1_las 0
obj 2435 101.291 1715.293 16.648 0.000 0.000 -0.300
material 0 4828 airport3_las alax1_las 0
obj 2435 100.371 1715.303 16.648 0.000 0.000 -0.300
material 0 4828 airport3_las alax1_las 0
obj 2434 99.239 1715.472 16.648 0.000 0.000 -90.000
material 0 4828 airport3_las alax1_las 0
obj 2085 99.436 1709.585 16.648 0.000 0.000 0.000
material 0 16093 a51_ext ws_whitewall2_top 0
obj 2085 101.421 1709.586 16.648 0.000 0.000 0.000
material 0 16093 a51_ext ws_whitewall2_top 0
obj 2085 103.406 1709.595 16.648 0.000 0.000 0.000
material 0 16093 a51_ext ws_whitewall2_top 0
obj 18077 102.748 1712.140 17.179 0.000 0.000 89.100
material 0 4828 airport3_las alax1_las 0
obj 19463 107.899 1719.568 16.648 90.000 0.000 -45.000
material 0 10765 airportgnd_sfse ws_runwaytarmac 0
obj 19463 105.459 1719.671 16.648 90.000 0.000 45.000
material 0 10765 airportgnd_sfse ws_runwaytarmac 0
obj 19463 101.800 1719.335 20.343 5.000 -30.000 90.000
material 0 10765 airportgnd_sfse ws_runwaytarmac 0
obj 19463 119.247 1714.051 20.734 120.000 90.000 0.000
material 0 10765 airportgnd_sfse ws_runwaytarmac 0
obj 19463 119.221 1705.544 20.609 56.000 90.000 0.000
material 0 10765 airportgnd_sfse ws_runwaytarmac 0
obj 19380 115.996 1718.211 21.421 0.000 90.000 0.000
material 0 14581 ab_mafiasuitea ab_blind 0
obj 19325 112.804 1710.085 21.406 0.000 90.000 0.000
material 0 3925 weemap skyclouds 0
obj 19380 120.113 1708.581 21.421 0.000 90.000 0.000
material 0 14581 ab_mafiasuitea ab_blind 0
obj 19380 109.612 1701.947 21.421 0.000 90.000 0.000
material 0 14581 ab_mafiasuitea ab_blind 0
obj 19380 120.112 1698.962 21.421 0.000 90.000 0.000
material 0 14581 ab_mafiasuitea ab_blind 0
obj 19380 109.481 1692.328 21.421 0.000 90.000 0.000
material 0 14581 ab_mafiasuitea ab_blind 0
obj 19380 105.501 1711.576 21.421 0.000 90.000 0.000
material 0 14581 ab_mafiasuitea ab_blind 0
obj 19380 105.497 1721.209 21.421 0.000 90.000 0.000
material 0 14581 ab_mafiasuitea ab_blind 0
obj 19380 99.113 1701.940 21.421 0.000 90.000 0.000
material 0 14581 ab_mafiasuitea ab_blind 0
obj 19380 88.608 1701.953 21.421 0.000 90.000 0.000
material 0 14581 ab_mafiasuitea ab_blind 0
obj 19380 95.012 1711.526 21.421 0.000 90.000 0.000
material 0 14581 ab_mafiasuitea ab_blind 0
obj 19380 95.002 1721.147 21.421 0.000 90.000 0.000
material 0 14581 ab_mafiasuitea ab_blind 0
obj 19433 102.701 1699.525 21.765 0.000 0.000 90.000
material 0 7555 bballcpark1 ws_carparknew1 0
obj 19433 97.386 1699.530 21.765 0.000 0.000 90.000
material 0 7555 bballcpark1 ws_carparknew1 0
obj 19433 97.386 1699.530 18.273 0.000 0.000 90.000
material 0 7555 bballcpark1 ws_carparknew1 0
obj 19433 102.701 1699.525 18.273 0.000 0.000 90.000
material 0 7555 bballcpark1 ws_carparknew1 0
obj 19433 100.031 1699.393 20.562 -90.000 0.000 90.000
material 0 7555 bballcpark1 ws_carparknew1 0
obj 18075 103.330 1709.690 21.328 0.000 0.000 0.000
material 0 14629 ab_chande ab_goldpipe 0
obj 18075 112.888 1694.500 21.320 0.000 0.000 0.000
material 0 14629 ab_chande ab_goldpipe 0
obj 3440 113.184 1695.616 19.710 0.000 0.000 0.000
obj 3440 106.866 1695.656 19.710 0.000 0.000 0.000
obj 3440 113.245 1688.525 19.710 0.000 0.000 0.000
obj 3440 106.790 1688.461 19.710 0.000 0.000 0.000
obj 10444 107.5966 1687.8779 18.1170 0.000 0.000 90.0000
obj 2572 96.805 1707.450 17.460 0.000 0.000 130.320
obj 2572 95.350 1715.298 17.460 0.000 0.000 62.640
obj 2225 100.156 1699.949 16.648 0.000 0.000 0.000
obj 2233 100.229 1699.209 16.648 0.000 0.000 -176.819
obj 2233 99.068 1699.261 16.648 0.000 0.000 -181.619
obj 2613 97.732 1719.325 16.648 0.000 0.000 0.000
obj 2869 94.392 1712.794 17.453 0.000 0.000 51.960
obj 2617 112.988 1719.044 17.914 0.000 0.000 -0.119
obj 953 110.040 1719.532 17.726 0.000 0.000 35.699
obj 2123 99.917 1710.452 17.234 0.000 0.000 90.000
obj 2123 101.779 1710.468 17.234 0.000 0.000 90.000
obj 2123 103.639 1710.525 17.234 0.000 0.000 90.000
obj 2123 105.452 1709.636 17.234 0.000 0.000 0.000
obj 2123 103.724 1708.707 17.234 0.000 0.000 -90.000
obj 2123 101.824 1708.718 17.234 0.000 0.000 -90.000
obj 2123 99.958 1708.607 17.234 0.000 0.000 -90.000
obj 2123 98.550 1709.607 17.234 0.000 0.000 180.000
obj 2258 95.117 1718.863 19.437 0.000 0.000 0.000
obj 2263 95.423 1706.550 19.250 0.000 0.000 180.059
obj 2267 117.521 1719.322 19.312 0.000 0.000 -90.359
obj 2260 117.040 1700.195 18.867 0.000 0.000 -89.640
obj 2266 115.556 1699.950 19.484 0.000 0.000 180.000
obj 1719 116.787 1711.213 17.500 0.000 0.000 -107.519
obj 1785 116.672 1708.412 17.554 0.000 0.000 105.000
obj 2028 116.579 1709.723 17.554 0.000 0.000 -91.440
obj 2230 118.022 1709.484 17.781 0.000 90.000 -90.000
obj 2230 118.029 1710.845 17.781 0.000 90.000 -90.000
obj 2230 118.043 1712.146 17.781 0.000 90.000 -90.839
obj 2344 111.400 1711.008 17.351 0.000 0.000 0.000
obj 2813 111.851 1708.550 17.367 0.000 0.000 0.000
obj 2816 110.488 1712.717 17.164 0.000 0.000 34.560
obj 2828 117.088 1712.637 18.281 0.000 0.000 55.560
obj 2828 117.092 1707.271 18.281 0.000 0.000 55.560
obj 2841 109.659 1696.984 17.453 0.000 0.000 0.000
obj 2868 102.081 1715.327 17.703 0.000 0.000 0.000
obj 14705 117.166 1707.041 17.703 0.000 0.000 0.000
obj 14705 117.067 1712.545 17.703 0.000 0.000 0.000
obj 2287 110.014 1719.420 19.664 0.000 0.000 30.839
obj 2284 105.119 1699.942 19.070 0.000 0.000 180.299
obj 2233 103.438 1699.306 16.648 0.000 0.000 -176.819
obj 2282 92.714 1705.393 19.273 0.000 0.000 0.000
obj 2233 95.993 1699.274 16.648 0.000 0.000 -181.619
obj 2279 93.127 1699.939 19.109 0.000 0.000 178.860
obj 1565 117.336 1714.800 17.070 0.000 90.000 -17.620
obj 1565 116.738 1712.586 17.070 0.000 90.000 -17.620
obj 1565 116.088 1710.303 17.070 0.000 90.000 -17.620
obj 1565 116.117 1709.078 17.070 0.000 90.000 12.619
obj 1565 116.665 1706.983 17.070 0.000 90.000 12.619
obj 1565 117.328 1704.520 17.070 0.000 90.000 12.619
obj 2092 110.916 1720.512 17.453 0.000 0.000 106.500
obj 2289 101.130 1718.871 19.046 0.000 0.000 0.000
obj 2856 100.248 1718.467 17.687 0.000 0.000 0.000
obj 2867 99.382 1718.526 17.695 0.000 0.000 -45.240
obj 2251 113.059 1709.767 18.203 0.000 0.000 0.000
obj 19395 88.00 1702.76 19.02 0.00 0.00 0.00
obj 19378 88.01 1696.37 20.38 0.00 0.00 0.00
obj 19378 87.85 1696.37 20.38 0.00 0.00 0.00
obj 19378 87.69 1696.37 20.38 0.00 0.00 0.00
obj 19378 89.50 1687.12 20.36 0.00 0.00 22.00
obj 19378 93.11 1678.20 20.38 0.00 0.00 22.00
obj 19378 94.84 1673.95 20.38 0.00 0.00 22.00
obj 19378 101.36 1669.53 20.38 0.00 0.00 90.00
obj 19378 110.99 1669.53 20.38 0.00 0.00 90.00
obj 19378 120.61 1669.52 20.38 0.00 0.00 90.00
obj 19378 125.42 1674.25 20.38 0.00 0.00 0.00
obj 19378 125.42 1683.87 20.38 0.00 0.00 0.00
obj 19378 125.42 1693.49 20.38 0.00 0.00 0.00
obj 19378 125.43 1703.11 20.38 0.00 0.00 0.00
obj 19378 125.43 1712.71 20.38 0.00 0.00 0.00
obj 19378 125.43 1722.33 20.38 0.00 0.00 0.00
obj 19378 88.00 1709.17 20.38 0.00 0.00 0.00
obj 19378 87.84 1709.17 20.38 0.00 0.00 0.00
obj 19378 87.68 1709.17 20.38 0.00 0.00 0.00
obj 19378 87.52 1709.17 20.38 0.00 0.00 0.00
obj 19378 87.34 1709.17 20.38 0.00 0.00 0.00
obj 19378 87.33 1718.68 20.38 0.00 0.00 0.00
obj 19378 120.56 1727.04 20.38 0.00 0.00 90.00
obj 19378 110.94 1727.04 20.38 0.00 0.00 90.00
obj 19378 101.32 1727.02 20.38 0.00 0.00 90.00
obj 19378 92.07 1726.96 20.38 0.00 0.00 90.00
obj 19378 87.35 1722.20 20.38 0.00 0.00 0.00
obj 19458 87.38 1703.02 23.23 0.00 0.00 0.00
obj 19458 87.36 1705.70 23.85 0.00 0.00 0.00
obj 19458 88.04 1701.69 22.25 0.00 0.00 0.00
obj 14407 86.09 1703.14 14.08 0.00 0.00 90.00
obj 19378 87.53 1696.37 20.38 0.00 0.00 0.00
obj 19378 87.35 1696.37 20.38 0.00 0.00 0.00
obj 19378 120.23 1674.28 25.56 0.00 90.00 0.00
obj 19378 120.22 1683.90 25.56 0.00 90.00 0.00
obj 19378 120.22 1693.53 25.56 0.00 90.00 0.00
obj 19378 120.22 1703.16 25.56 0.00 90.00 0.00
obj 19378 120.21 1712.79 25.56 0.00 90.00 0.00
obj 19378 120.20 1722.40 25.56 0.00 90.00 0.00
obj 19378 109.70 1722.40 25.56 0.00 90.00 0.00
obj 19378 109.70 1674.28 25.56 0.00 90.00 0.00
obj 19378 109.70 1683.90 25.56 0.00 90.00 0.00
obj 19378 109.70 1693.53 25.56 0.00 90.00 0.00
obj 19378 109.70 1703.16 25.56 0.00 90.00 0.00
obj 19378 109.70 1712.79 25.56 0.00 90.00 0.00
obj 19378 99.22 1722.40 25.56 0.00 90.00 0.00
obj 19378 99.22 1712.79 25.56 0.00 90.00 0.00
obj 19378 99.22 1703.16 25.56 0.00 90.00 0.00
obj 19378 99.22 1693.53 25.56 0.00 90.00 0.00
obj 19378 99.22 1683.90 25.56 0.00 90.00 0.00
obj 19378 101.80 1674.27 25.58 0.00 90.00 0.00
obj 19378 99.62 1675.90 25.54 0.00 90.00 22.00
obj 19378 96.04 1684.79 25.54 0.00 90.00 22.00
obj 19378 94.25 1689.16 25.52 0.00 90.00 22.00
obj 19378 92.52 1722.40 25.58 0.00 90.00 0.00
obj 19378 92.52 1712.79 25.58 0.00 90.00 0.00
obj 19378 92.52 1703.16 25.58 0.00 90.00 0.00
obj 19378 92.51 1696.39 25.54 0.00 90.00 0.00
obj 19381 85.00 1696.37 16.70 0.00 90.00 0.00
obj 19381 85.00 1709.18 16.70 0.00 90.00 0.00
obj 19381 84.99 1718.81 16.70 0.00 90.00 0.00
obj 19381 85.00 1722.21 16.68 0.00 90.00 0.00
obj 3499 95.78 1669.82 12.42 0.00 0.00 0.00
obj 3498 91.12 1669.83 17.32 0.00 90.00 0.00
obj 3498 82.14 1669.82 17.32 0.00 90.00 0.00
obj 3499 77.91 1669.87 12.42 0.00 0.00 0.00
obj 3498 77.94 1674.81 17.32 0.00 90.00 90.00
obj 3499 78.09 1679.53 12.42 0.00 0.00 0.00
obj 970 85.51 1691.54 17.16 0.00 0.00 0.00
obj 970 81.76 1691.54 17.16 0.00 0.00 0.00
obj 970 79.71 1693.63 17.16 0.00 0.00 90.00
obj 970 79.71 1697.75 17.16 0.00 0.00 90.00
obj 970 79.73 1699.18 17.16 0.00 0.00 90.00
obj 970 81.80 1701.22 17.16 0.00 0.00 0.00
obj 970 85.95 1701.22 17.16 0.00 0.00 0.00
obj 970 81.84 1704.31 17.16 0.00 0.00 0.00
obj 970 85.94 1704.31 17.16 0.00 0.00 0.00
obj 970 79.74 1706.38 17.16 0.00 0.00 90.00
obj 970 79.74 1710.51 17.16 0.00 0.00 90.00
obj 970 79.74 1714.63 17.16 0.00 0.00 90.00
obj 970 79.73 1718.75 17.16 0.00 0.00 90.00
obj 970 79.73 1722.85 17.16 0.00 0.00 90.00
obj 970 79.75 1724.97 17.16 0.00 0.00 90.00
obj 970 81.82 1727.05 17.16 0.00 0.00 0.00
obj 970 85.96 1727.02 17.16 0.00 0.00 0.00
obj 700 82.92 1693.53 16.92 0.00 0.00 0.00
obj 732 82.26 1698.05 1.59 0.00 0.00 45.24
obj 870 85.65 1698.14 16.97 0.00 0.00 0.00
obj 870 81.47 1699.18 16.97 0.00 0.00 0.00
obj 870 83.69 1699.37 16.97 0.00 0.00 0.00
obj 870 85.38 1694.33 16.97 0.00 0.00 0.00
obj 729 83.23 1709.26 16.41 0.00 0.00 45.24
obj 730 83.39 1717.05 -1.72 0.00 0.00 45.24
obj 729 83.07 1724.51 16.41 0.00 0.00 45.24
obj 732 82.78 1707.61 1.59 0.00 0.00 45.24
obj 732 82.06 1713.25 1.59 0.00 0.00 45.24
obj 732 81.99 1722.06 1.59 0.00 0.00 45.24
obj 1734 85.22 1697.97 21.33 0.00 0.00 0.00
obj 1734 85.22 1700.00 21.33 0.00 0.00 0.00
obj 1734 85.22 1703.00 21.33 0.00 0.00 0.00
obj 1734 85.22 1706.00 21.33 0.00 0.00 0.00
obj 1731 87.74 1701.69 19.52 0.00 0.00 0.00
obj 1731 87.74 1703.97 19.52 0.00 0.00 0.00
obj 2836 87.28 1702.34 16.64 0.00 0.00 90.00
obj 2841 89.23 1702.25 17.29 0.00 0.00 90.00
obj 19452 125.59 1723.24 20.05 -60.00 0.00 0.00
obj 19452 125.64 1715.56 20.05 60.00 0.00 0.00
obj 19452 125.69 1708.08 20.05 -60.00 0.00 0.00
obj 19452 125.64 1700.47 20.05 60.00 0.00 0.00
obj 19452 125.71 1685.75 20.05 60.00 0.00 0.00
obj 19452 125.65 1693.17 20.05 -60.00 0.00 0.00
obj 19452 125.76 1678.24 20.05 -60.00 0.00 0.00
obj 19452 125.79 1671.91 18.97 80.00 0.00 0.00
obj 4227 103.12 1727.22 19.76 0.00 0.00 0.00
obj 4227 109.84 1727.13 18.64 0.00 20.00 180.00
obj 5778 100.83 1669.42 23.85 0.00 90.00 90.00
obj 5778 100.83 1669.42 20.22 0.00 90.00 90.00
obj 5778 100.83 1669.42 16.59 0.00 90.00 90.00
obj 5778 102.57 1669.41 23.85 -55.00 90.00 90.00
obj 5778 104.80 1669.37 21.99 -45.00 90.00 90.00
obj 5778 106.70 1669.35 19.42 -30.00 90.00 90.00
obj 5778 107.75 1669.36 16.92 -15.00 90.00 90.00
obj 13728 100.18 1675.72 25.60 0.00 0.00 0.00
obj 17969 94.90 1673.32 18.78 0.00 0.00 22.00
obj 17877 126.42 1669.24 3.00 45.00 90.00 -90.60
obj 8947 90.09 1676.85 13.60 0.00 0.00 90.00
obj 8947 91.56 1688.14 13.62 0.00 0.00 75.00
obj 1568 77.88 1669.90 17.43 0.00 0.00 0.00
obj 1568 95.88 1669.81 17.43 0.00 0.00 0.00
obj 1568 78.10 1679.48 17.43 0.00 0.00 0.00
obj 1568 87.18 1690.79 16.39 0.00 0.00 0.00
obj 1568 79.48 1701.08 16.39 0.00 0.00 0.00
obj 1568 79.54 1704.42 16.39 0.00 0.00 0.00
obj 1689 115.54 1674.51 26.84 0.00 0.00 0.00
obj 1693 115.02 1685.85 27.21 0.00 0.00 0.00
obj 1693 114.81 1702.91 27.21 0.00 0.00 0.00
obj 1693 114.46 1717.37 27.21 0.00 0.00 0.00
obj 1693 98.10 1694.05 27.21 0.00 0.00 90.00
obj 1693 98.47 1710.42 27.21 0.00 0.00 90.00
obj 1694 101.27 1720.99 34.29 0.00 0.00 90.00
obj 1697 107.19 1710.14 27.28 0.00 0.00 90.00
obj 1697 106.45 1694.71 27.28 0.00 0.00 90.00
obj 19378 259.19 1893.28 7.30 0.00 90.00 0.00
obj 970 264.37 1890.54 7.89 0.00 0.00 90.00