sell 10917 150.7311 -1831.5697 3.6163
changeobj 1506 109.5000 -1826.7200 3.2500 0.0000 0.0000 -2.0000 1502
area 104.7589 -1831.0229 40.0
obj 14394 110.47 -1827.84 2.37   0.00 0.00 88.00
obj 19463 99.74 -1845.56 0.19   0.00 0.00 88.00
obj 19463 95.21 -1840.66 0.21   0.00 0.00 178.00
obj 19463 109.37 -1845.87 0.18   0.00 0.00 88.00
obj 19463 95.54 -1831.04 0.23   0.00 0.00 178.00
obj 19377 100.36 -1840.84 2.00   0.00 90.00 -2.00
obj 19377 100.71 -1831.25 2.00   0.00 90.00 -2.00
obj 19377 109.12 -1841.14 1.99   0.00 90.00 -2.00
obj 19377 109.46 -1831.54 1.99   0.00 90.00 -2.00
obj 19463 114.26 -1841.15 0.21   0.00 0.00 178.00
obj 19463 114.59 -1831.59 0.21   0.00 0.00 178.00
obj 19378 109.14 -1841.13 2.20   0.00 90.00 -2.00
obj 19378 109.51 -1831.51 2.18   0.00 90.00 -2.00
obj 19378 100.70 -1831.21 2.20   0.00 90.00 -2.00
obj 19378 100.40 -1840.69 2.18   0.00 90.00 -2.00
obj 19435 113.66 -1826.87 1.45   0.00 0.00 88.00
obj 19435 112.08 -1826.81 1.45   0.00 0.00 88.00
obj 19435 110.48 -1826.75 1.45   0.00 0.00 88.00
obj 19435 108.88 -1826.69 1.45   0.00 0.00 88.00
obj 19435 107.30 -1826.63 1.45   0.00 0.00 88.00
obj 19377 109.38 -1821.95 3.13   0.00 90.00 -2.00
obj 19435 105.78 -1826.58 1.45   0.00 0.00 88.00
obj 19435 104.82 -1826.56 1.45   0.00 0.00 88.00
obj 19454 109.97 -1817.21 4.84   0.00 0.00 88.00
obj 19377 109.34 -1821.91 6.54   0.00 90.00 -2.00
obj 19377 100.99 -1821.71 3.12   0.00 90.00 -2.00
obj 19375 109.18 -1821.97 3.17   0.00 90.00 -2.00
obj 19439 114.42 -1827.73 1.53   0.00 0.00 -3.00
obj 19435 114.07 -1826.78 0.27   0.00 0.00 88.00
obj 19439 106.29 -1827.46 1.53   0.00 0.00 -3.00
obj 19325 114.58 -1820.69 4.56   0.00 0.00 -2.00
obj 19325 114.47 -1823.50 4.55   0.00 0.00 -2.00
obj 3498 114.35 -1822.29 2.75   90.00 0.00 178.00
obj 3498 114.39 -1821.85 2.75   90.00 0.00 178.00
obj 19435 113.60 -1826.82 4.89   0.00 0.00 88.00
obj 19435 107.12 -1826.60 4.89   0.00 0.00 88.00
obj 19435 108.72 -1826.64 4.91   0.00 0.00 88.00
obj 19435 112.01 -1826.79 4.90   0.00 0.00 88.00
obj 19435 111.82 -1826.73 4.90   0.00 0.00 88.00
obj 19454 109.53 -1828.40 6.58   0.00 90.00 88.00
obj 14394 106.45 -1827.70 2.36   0.00 0.00 88.00
obj 19454 100.42 -1826.46 1.27   0.00 0.00 88.00
obj 19439 102.53 -1827.31 1.47   0.00 0.00 -3.00
obj 19375 101.32 -1821.91 3.15   0.00 90.00 -2.00
obj 19435 105.11 -1839.67 3.71   0.00 0.00 88.00
obj 19325 101.18 -1839.60 3.39   0.00 0.00 -92.00
obj 19435 97.16 -1839.46 3.71   0.00 0.00 88.00
obj 19435 95.98 -1839.43 3.71   0.00 0.00 88.00
obj 19325 106.25 -1829.94 3.42   0.00 0.00 -2.00
obj 19325 106.01 -1836.40 3.42   0.00 0.00 -2.00
obj 19377 100.86 -1834.85 5.51   0.00 90.00 -2.00
obj 19325 95.29 -1836.11 3.42   0.00 0.00 -2.00
obj 19377 100.45 -1834.84 5.52   0.00 90.00 -2.00
obj 19325 95.52 -1829.67 3.42   0.00 0.00 -2.00
obj 19454 100.58 -1816.89 4.84   0.00 0.00 88.00
obj 19325 95.82 -1820.10 4.47   0.00 0.00 -2.00
obj 19377 100.84 -1821.59 6.57   0.00 90.00 -2.00
obj 19325 95.73 -1822.98 4.47   0.00 0.00 -2.00
obj 3498 95.61 -1826.38 2.12   0.00 0.00 0.00
obj 3498 95.79 -1821.22 2.73   90.00 0.00 178.00
obj 3498 95.79 -1821.66 2.73   90.00 0.00 178.00
obj 19463 106.00 -1834.82 1.22   0.00 0.00 178.00
obj 19463 106.07 -1832.93 1.22   0.00 0.00 178.00
obj 19463 100.94 -1839.52 1.22   0.00 0.00 88.00
obj 19463 100.02 -1839.43 1.22   0.00 0.00 88.00
obj 19463 95.29 -1834.65 1.00   0.00 0.00 178.00
obj 19463 95.53 -1831.34 1.00   0.00 0.00 178.00
obj 14411 97.74 -1827.49 2.39   0.00 0.00 178.00
obj 19439 99.92 -1827.05 3.67   0.00 0.00 -4.00
obj 19439 99.88 -1827.49 3.67   0.00 0.00 -4.00
obj 19439 99.80 -1828.81 3.70   0.00 0.00 -4.00
obj 19439 99.77 -1829.21 3.82   0.00 0.00 -4.00
obj 19439 99.02 -1829.90 3.81   0.00 0.00 -92.00
obj 19439 97.44 -1829.85 3.81   0.00 0.00 -92.00
obj 19439 96.50 -1829.83 3.78   0.00 0.00 -92.00
obj 19435 95.70 -1827.24 3.75   0.00 0.00 -2.00
obj 19435 95.64 -1828.72 3.76   0.00 0.00 -2.00
obj 19435 95.61 -1829.16 3.76   0.00 0.00 -2.00
obj 19454 104.49 -1831.33 5.52   0.00 90.00 -2.00
obj 19454 101.00 -1831.22 5.52   0.00 90.00 -2.00
obj 970 99.47 -1828.54 6.07   0.00 0.00 88.00
obj 19379 100.65 -1834.62 5.54   0.00 90.00 -2.00
obj 19462 104.28 -1831.34 5.57   0.00 90.00 -2.00
obj 19462 101.02 -1831.24 5.53   0.00 90.00 -2.00
obj 19443 102.69 -1827.14 6.05   40.00 90.00 -2.00
obj 970 101.59 -1826.55 5.99   0.00 0.00 178.00
obj 970 104.08 -1826.61 5.99   0.00 0.00 178.00
obj 19377 101.79 -1834.94 8.83   0.00 90.00 -2.00
obj 19454 95.42 -1834.63 6.84   0.00 0.00 -2.00
obj 19454 95.57 -1831.44 6.84   0.00 0.00 -2.00
obj 19377 102.01 -1831.32 8.90   0.00 90.00 -2.00
obj 19435 105.67 -1826.69 9.75   90.00 0.00 88.00
obj 19454 95.57 -1831.46 7.07   0.00 0.00 -2.00
obj 19454 95.40 -1834.66 7.08   0.00 0.00 -2.00
obj 19377 100.49 -1834.87 8.85   0.00 90.00 -2.00
obj 19377 100.60 -1831.25 8.88   0.00 90.00 -2.00
obj 19435 102.18 -1826.59 9.75   90.00 0.00 88.00
obj 19435 98.72 -1826.44 9.75   90.00 0.00 88.00
obj 19435 97.30 -1826.39 9.73   90.00 0.00 88.00
obj 19454 95.72 -1821.48 8.15   0.00 0.00 -2.00
obj 19454 95.74 -1821.49 8.68   0.00 0.00 -2.00
obj 19325 99.27 -1816.85 8.41   0.00 0.00 -92.00
obj 19435 103.11 -1817.01 8.73   0.00 0.00 88.00
obj 19435 103.10 -1816.97 8.23   0.00 0.00 88.00
obj 19435 104.68 -1817.03 8.23   0.00 0.00 88.00
obj 19435 104.67 -1817.04 8.73   0.00 0.00 88.00
obj 19435 105.62 -1817.08 8.23   0.00 0.00 88.00
obj 19435 105.56 -1817.07 8.72   0.00 0.00 88.00
obj 3498 95.59 -1826.38 6.04   0.00 0.00 0.00
obj 19435 106.30 -1825.81 8.29   0.00 0.00 -2.00
obj 19377 100.90 -1821.63 10.43   0.00 90.00 -2.00
obj 19325 95.82 -1820.10 4.47   0.00 0.00 -2.00
obj 3498 95.94 -1816.65 2.12   0.00 0.00 0.00
obj 3498 114.63 -1817.41 2.12   0.00 0.00 0.00
obj 3498 114.66 -1826.75 2.06   0.00 0.00 0.00
obj 3498 114.46 -1826.68 2.06   0.00 0.00 0.00
obj 898 97.75 -1825.53 -3.47   0.00 0.00 -47.00
obj 898 109.68 -1824.38 -3.47   0.00 0.00 25.00
obj 19454 101.06 -1839.49 7.10   0.00 0.00 -92.00
obj 14446 97.62 -1821.48 7.21   0.00 0.00 88.00
obj 19454 104.49 -1831.33 5.52   0.00 90.00 -2.00
obj 19454 106.11 -1831.43 6.84   0.00 0.00 -2.00
obj 19454 105.99 -1834.95 6.84   0.00 0.00 -2.00
obj 19454 100.16 -1839.45 7.10   0.00 0.00 -92.00
obj 19454 105.97 -1834.97 7.04   0.00 0.00 -2.00
obj 19454 106.13 -1831.44 7.12   0.00 0.00 -2.00
obj 19375 101.14 -1821.73 6.59   0.00 90.00 -2.00
obj 19435 106.35 -1824.23 8.29   0.00 0.00 -2.00
obj 19435 106.46 -1817.81 8.29   0.00 0.00 -2.00
obj 19435 106.41 -1817.82 8.65   0.00 0.00 -2.00
obj 19435 106.39 -1819.39 8.29   0.00 0.00 -2.00
obj 19435 106.38 -1819.39 8.65   0.00 0.00 -2.00
obj 19435 106.34 -1825.80 8.71   0.00 0.00 -2.00
obj 19377 101.32 -1821.63 10.47   0.00 90.00 -2.00
obj 19435 106.41 -1824.23 8.69   0.00 0.00 -2.00
obj 2251 105.20 -1827.89 7.51   0.00 0.00 0.00
obj 2321 96.98 -1830.41 2.27   0.00 0.00 -2.00
obj 1782 97.88 -1830.45 2.85   0.00 0.00 0.00
obj 2230 96.42 -1830.18 2.27   0.00 0.00 0.00
obj 2230 99.80 -1830.43 2.27   0.00 0.00 -6.00
obj 2632 97.84 -1833.40 2.28   0.00 0.00 0.00
obj 1726 99.46 -1838.76 2.19   0.00 0.00 -182.00
obj 1821 100.18 -1827.69 2.27   0.00 0.00 -2.00
obj 2245 100.64 -1827.09 2.99   0.00 0.00 0.00
obj 2254 99.95 -1828.34 4.03   0.00 0.00 88.00
obj 2370 96.04 -1838.78 2.21   0.00 0.00 -2.00
obj 1510 96.69 -1838.22 3.08   0.00 0.00 0.00
obj 1485 96.52 -1838.13 3.11   0.00 0.00 0.00
obj 2244 95.93 -1838.75 3.33   0.00 0.00 0.00
obj 2815 104.04 -1829.05 2.28   0.00 0.00 -2.00
obj 2816 98.86 -1833.33 2.34   0.00 0.00 -2.00
obj 2814 97.19 -1833.47 2.32   0.00 0.00 -2.00
obj 2811 105.38 -1838.98 2.15   0.00 0.00 -2.00
obj 2818 104.08 -1826.42 3.25   0.00 0.00 -2.00
obj 2828 105.19 -1829.18 6.66   0.00 0.00 98.00
obj 19375 100.90 -1821.73 10.42   0.00 90.00 -2.00
obj 19375 101.16 -1821.69 10.41   0.00 90.00 -2.00
obj 2139 105.22 -1839.01 5.63   0.00 0.00 -93.00
obj 2139 105.27 -1838.01 5.63   0.00 0.00 -93.00
obj 2139 102.70 -1835.97 5.63   0.00 0.00 88.00
obj 2139 101.68 -1835.90 5.63   0.00 0.00 -92.00
obj 2140 105.33 -1837.05 5.54   0.00 0.00 -93.00
obj 2139 101.65 -1836.88 5.63   0.00 0.00 -92.00
obj 2139 102.68 -1836.94 5.63   0.00 0.00 88.00
obj 2139 102.64 -1837.93 5.63   0.00 0.00 88.00
obj 2139 101.62 -1837.87 5.63   0.00 0.00 -92.00
obj 2139 102.60 -1838.91 5.63   0.00 0.00 88.00
obj 2139 101.59 -1838.85 5.63   0.00 0.00 -92.00
obj 2124 101.03 -1835.79 6.43   0.00 0.00 149.00
obj 2124 100.71 -1838.11 6.43   0.00 0.00 -149.00
obj 2124 100.81 -1837.15 6.43   0.00 0.00 171.00
obj 2829 102.06 -1836.84 6.68   0.00 0.00 0.00
obj 2831 102.04 -1837.50 6.70   0.00 0.00 0.00
obj 14527 101.02 -1834.95 6.17   0.00 0.00 0.00
obj 1720 95.87 -1838.65 5.53   0.00 0.00 149.00
obj 2288 97.80 -1838.77 7.25   0.00 0.00 178.00
obj 2287 96.26 -1838.74 7.25   0.00 0.00 178.00
obj 2286 99.53 -1838.87 7.25   0.00 0.00 178.00
obj 2266 105.46 -1832.35 7.43   0.00 0.00 -92.00
obj 2631 100.07 -1821.67 6.68   0.00 0.00 87.00
obj 2631 101.99 -1821.77 6.68   0.00 0.00 87.00
obj 2630 100.66 -1821.25 6.75   0.00 0.00 -48.00
obj 2827 102.03 -1822.14 6.74   0.00 0.00 0.00
obj 2826 100.97 -1822.43 6.74   0.00 0.00 0.00
obj 2824 101.83 -1820.46 6.74   0.00 0.00 0.00
obj 2162 95.85 -1821.85 8.50   0.00 0.00 88.00
obj 3802 96.40 -1823.74 9.07   0.00 0.00 -2.00
obj 3802 96.58 -1818.95 9.07   0.00 0.00 -4.00
obj 2208 103.27 -1817.60 6.68   0.00 0.00 -2.00
obj 2241 105.80 -1817.68 8.00   0.00 0.00 0.00
obj 2226 103.84 -1817.70 7.54   0.00 0.00 0.00
obj 2289 104.52 -1817.16 9.31   0.00 0.00 -2.00
obj 1641 106.27 -1821.59 6.68   0.00 0.00 0.00
obj 1643 102.70 -1828.64 5.66   0.00 0.00 -92.00
obj 1642 97.47 -1830.49 5.66   0.00 0.00 -92.00
obj 2392 105.30 -1824.46 7.24   0.00 0.00 89.00
obj 2371 105.20 -1825.54 6.57   0.00 0.00 -2.00
obj 2389 105.09 -1825.28 7.20   0.00 0.00 85.00
obj 19377 100.66 -1840.65 5.50   0.00 90.00 -2.00
obj 3498 95.89 -1844.69 1.05   0.00 0.00 0.00
obj 3498 105.04 -1844.96 1.05   0.00 0.00 0.00
obj 2600 113.88 -1839.13 2.92   0.00 0.00 84.00
obj 1461 114.71 -1827.34 2.99   0.00 0.00 87.00
obj 1231 113.88 -1845.60 5.04   0.00 0.00 0.00
obj 1231 93.61 -1846.46 1.65   0.00 0.00 -55.00
obj 1215 114.64 -1826.75 7.06   0.00 0.00 0.00
obj 1215 114.64 -1817.36 7.17   0.00 0.00 0.00
obj 1215 114.64 -1817.36 7.17   0.00 0.00 0.00
obj 1215 102.50 -1817.45 7.16   0.00 0.00 0.00
obj 1215 99.82 -1826.94 6.15   0.00 0.00 0.00
obj 1215 101.98 -1827.24 2.81   0.00 0.00 0.00
obj 2257 110.46 -1817.35 5.33   0.00 0.00 -2.00
obj 2256 100.93 -1817.05 5.33   0.00 0.00 -2.00
obj 2805 113.96 -1842.79 2.91   20.00 0.00 84.00
obj 2804 113.49 -1841.22 2.86   2.00 2.00 -4.00
obj 2802 112.31 -1842.76 2.61   0.00 1.00 -156.00
obj 1510 112.24 -1842.74 2.98   0.00 0.00 0.00
obj 1509 112.36 -1843.15 3.10   0.00 0.00 0.00
obj 1485 112.06 -1842.71 3.01   0.00 0.00 0.00
obj 2199 96.56 -1818.08 6.68   0.00 0.00 76.00
obj 2286 99.80 -1826.35 9.42   0.00 0.00 178.00
obj 2283 102.56 -1826.47 9.64   0.00 0.00 178.00
obj 3809 104.19 -1826.13 9.42   0.00 0.00 85.00
obj 3809 105.86 -1824.08 9.42   0.00 0.00 176.00
obj 3809 105.87 -1819.58 9.42   0.00 0.00 176.00
obj 3812 97.92 -1826.12 9.42   0.00 0.00 86.00
obj 1645 112.06 -1823.00 6.89   0.00 0.00 105.00
obj 1568 113.85 -1836.95 2.13   0.00 0.00 0.00
obj 2788 111.83 -1818.96 7.14   0.00 0.00 164.00
obj 2764 112.91 -1818.98 7.04   0.00 0.00 -4.00
obj 2710 104.76 -1817.71 7.64   0.00 0.00 0.00
obj 2701 101.65 -1817.45 6.94   0.00 0.00 0.00
obj 2698 96.78 -1824.52 7.62   0.00 0.00 0.00
obj 2727 105.98 -1817.14 5.13   91.00 90.00 -92.00
obj 2728 106.06 -1816.81 5.13   91.00 90.00 -92.00
obj 2745 110.33 -1823.36 4.40   180.00 180.00 -181.00
obj 3525 113.43 -1841.11 1.54   0.00 0.00 0.00
obj 19806 105.61 -1822.05 5.70   0.00 0.00 0.00
obj 19580 105.43 -1838.25 6.77   0.00 0.00 0.00
obj 19581 105.10 -1839.06 6.69   0.00 0.00 127.00
obj 19568 105.41 -1837.71 6.67   0.00 0.00 0.00
obj 19582 105.43 -1838.81 6.70   0.00 0.00 0.00
obj 19168 104.63 -1831.34 5.69   0.00 0.00 47.00
obj 19169 102.98 -1832.90 5.69   0.00 0.00 11.00
obj 19174 96.56 -1839.35 4.31   0.00 0.00 179.00
obj 19088 114.22 -1828.11 6.64   0.00 0.00 0.00
obj 19078 114.29 -1828.44 3.71   11.00 -91.00 -164.00
obj 19056 96.93 -1817.78 3.73   0.00 0.00 0.00
obj 11698 116.13 -1831.77 2.71   0.00 0.00 -92.00
obj 11698 119.08 -1831.87 2.71   0.00 0.00 -92.00
obj 11698 122.02 -1831.96 2.71   0.00 0.00 -92.00
obj 11698 124.97 -1832.05 2.71   0.00 0.00 -92.00
obj 11698 124.97 -1832.05 2.71   0.00 0.00 -92.00
obj 11698 127.91 -1832.13 2.71   0.00 0.00 -92.00
obj 11698 130.85 -1832.24 2.71   0.00 0.00 -92.00
obj 11698 133.80 -1832.33 2.71   0.00 0.00 -92.00
obj 11698 136.74 -1832.42 2.71   0.00 0.00 -92.00
obj 11698 139.68 -1832.51 2.71   0.00 0.00 -92.00
obj 11698 142.62 -1832.61 2.71   0.00 0.00 -92.00
obj 11698 145.20 -1832.70 3.08   20.00 0.00 -92.00
obj 11698 145.82 -1832.73 3.29   20.00 0.00 -92.00
obj 11727 112.05 -1828.82 6.50   90.00 25.00 0.00
obj 11727 108.55 -1828.80 6.50   90.00 25.00 0.00
obj 11726 110.13 -1829.94 5.57   0.00 0.00 0.00
obj 11726 100.21 -1821.29 9.35   0.00 0.00 0.00
obj 19825 112.31 -1817.42 5.52   0.00 0.00 0.00
obj 19825 105.10 -1839.52 4.46   0.00 0.00 -182.00
obj 19805 97.78 -1829.96 3.90   0.00 0.00 -1.00
obj 19878 100.41 -1829.27 2.35   0.00 0.00 0.00
obj 19806 100.96 -1835.45 5.03   0.00 0.00 0.00
obj 11686 95.92 -1834.62 5.59   0.00 0.00 88.00
obj 2465 105.31 -1827.44 5.86   0.00 0.00 -91.00
obj 2654 105.27 -1828.98 5.87   0.00 0.00 0.00
obj 3812 107.84 -1826.40 5.72   0.00 0.00 88.00
obj 11688 105.61 -1818.93 6.68   0.00 0.00 -69.00
obj 19164 112.50 -1826.60 5.05   0.00 90.00 89.00
obj 18865 101.85 -1822.58 6.74   0.00 0.00 0.00
obj 19611 98.51 -1825.44 6.70   0.00 0.00 0.00
obj 18963 98.51 -1825.43 8.23   0.00 0.00 0.00
obj 18952 98.51 -1825.43 8.31   -5.00 -91.00 -91.00
obj 19085 98.53 -1825.43 8.25   0.00 0.00 0.00
obj 2386 102.16 -1823.42 6.82   0.00 0.00 85.00
obj 2704 98.51 -1825.44 7.78   0.00 0.00 88.00
obj 19086 98.24 -1825.43 7.51   0.00 0.00 0.00
obj 18635 98.47 -1825.06 7.36   -178.00 40.00 -6.00
obj 18637 98.24 -1825.86 7.52   91.00 0.00 28.00
obj 19128 100.78 -1819.54 2.64   0.00 0.00 -2.00
obj 19128 100.99 -1819.84 3.24   0.00 0.00 -2.00
obj 2229 101.14 -1821.20 3.30   0.00 0.00 171.00
obj 18653 99.34 -1818.02 2.46   0.00 0.00 149.00
obj 19127 102.66 -1818.29 3.74   0.00 0.00 0.00
obj 19609 104.98 -1818.95 3.22   0.00 0.00 0.00
obj 19612 102.27 -1819.86 3.27   0.00 0.00 47.00
obj 19058 106.93 -1819.74 3.67   0.00 0.00 40.00
obj 11733 109.24 -1819.38 3.26   0.00 0.00 18.00
obj 11734 113.56 -1818.05 3.28   0.00 0.00 -62.00
obj 19808 98.10 -1833.20 2.35   0.00 0.00 0.00
obj 19819 98.38 -1833.85 2.41   0.00 0.00 0.00
obj 19820 98.98 -1833.92 2.33   0.00 0.00 0.00
obj 19824 96.26 -1838.00 3.06   0.00 0.00 0.00
obj 2828 96.65 -1838.65 3.04   0.00 0.00 -40.00
obj 2827 96.41 -1838.20 2.48   0.00 0.00 -40.00
obj 19831 113.49 -1841.09 2.02   0.00 0.00 -120.00
obj 19823 112.71 -1818.82 7.46   0.00 0.00 55.00
obj 19818 112.83 -1819.22 7.53   0.00 0.00 0.00
obj 19618 105.42 -1835.74 6.10   0.00 0.00 -92.00
obj 19847 105.46 -1835.61 5.82   0.00 0.00 0.00
obj 18952 110.30 -1823.58 5.53   2.00 -90.00 178.00
obj 19556 110.18 -1823.68 5.39   -20.00 -143.00 0.00
obj 19556 110.37 -1823.69 5.39   -10.00 -203.00 0.00
obj 19556 110.38 -1823.64 5.39   -20.00 -143.00 -171.00
obj 19556 110.21 -1823.63 5.39   -16.00 -203.00 -194.00
obj 19578 110.33 -1823.43 4.77   76.00 -22.00 -65.00
obj 11698 148.82 -1832.83 3.55   13.00 0.00 88.00
obj 19927 105.46 -1834.30 5.66   0.00 0.00 -2.00
obj 3850 112.36 -1826.34 7.14   0.00 0.00 -92.00
obj 3850 114.25 -1824.66 7.14   0.00 0.00 -2.00
obj 3850 114.37 -1821.15 7.14   0.00 0.00 -2.00
obj 3850 114.42 -1819.44 7.14   0.00 0.00 -2.00
obj 3850 109.06 -1826.21 7.14   0.00 0.00 -92.00
obj 3850 112.77 -1817.67 7.14   0.00 0.00 -92.00
obj 3850 109.28 -1817.55 7.14   0.00 0.00 -92.00
obj 3850 114.25 -1824.66 7.14   0.00 0.00 -2.00
obj 3850 114.55 -1835.07 2.78   0.00 0.00 -2.00
obj 3850 114.55 -1835.07 2.78   0.00 0.00 -2.00
obj 3850 114.42 -1838.54 2.78   0.00 0.00 -2.00
obj 3850 114.42 -1838.54 2.78   0.00 0.00 -2.00
obj 3850 114.30 -1841.98 2.78   0.00 0.00 -2.00
obj 3850 114.24 -1843.70 2.78   0.00 0.00 -2.00
obj 3850 112.44 -1846.00 2.75   0.00 0.00 -92.00
obj 3850 108.98 -1845.91 2.75   0.00 0.00 -92.00
obj 3850 105.55 -1845.77 2.75   0.00 0.00 -92.00
obj 3850 105.55 -1845.77 2.75   0.00 0.00 -92.00
obj 3850 102.11 -1845.67 2.75   0.00 0.00 -92.00
obj 3850 102.11 -1845.67 2.75   0.00 0.00 -92.00
obj 3850 98.68 -1845.55 2.75   0.00 0.00 -92.00
obj 3850 95.33 -1842.39 2.78   0.00 0.00 -2.00
obj 2395 110.86 -1847.98 -0.08   -47.00 0.00 -2.00
obj 2395 107.15 -1847.87 -0.08   -47.00 0.00 -2.00
obj 2395 103.42 -1847.72 -0.08   -47.00 0.00 -2.00
obj 2395 99.72 -1847.60 -0.08   -47.00 0.00 -2.00
obj 2395 96.06 -1847.47 -0.08   -47.00 0.00 -2.00
obj 2395 95.38 -1847.42 -0.08   -47.00 0.00 -2.00
obj 2395 93.06 -1842.14 -0.08   -47.00 0.00 -92.00
obj 2395 93.21 -1838.48 -0.08   -47.00 0.00 -92.00
obj 2395 93.35 -1834.77 -0.08   -47.00 0.00 -92.00
obj 2395 93.49 -1831.03 -0.08   -47.00 0.00 -92.00
obj 2395 116.17 -1845.70 -0.08   -47.00 0.00 88.00
obj 2395 116.17 -1845.70 -0.08   -47.00 0.00 88.00
obj 2395 116.28 -1841.98 -0.08   -47.00 0.00 88.00
obj 2395 116.40 -1838.27 -0.08   -47.00 0.00 88.00
obj 2395 116.53 -1834.63 -0.08   -47.00 0.00 88.00
obj 2395 116.66 -1830.90 -0.08   -47.00 0.00 88.00
obj 2395 116.66 -1830.24 -0.08   -47.00 0.00 88.00
obj 2395 114.23 -1831.34 2.32   -90.00 0.00 88.00
obj 2395 111.50 -1831.25 2.32   -90.00 0.00 88.00
obj 2395 108.96 -1831.16 2.32   -90.00 0.00 88.00
obj 19435 114.62 -1847.80 0.45   0.00 0.00 109.00
obj 19435 115.72 -1846.76 0.46   0.00 0.00 159.00
obj 19435 93.21 -1845.83 0.45   0.00 0.00 25.00
obj 19435 94.32 -1846.93 0.45   0.00 0.00 65.00
obj 1231 113.88 -1845.60 5.04   0.00 0.00 0.00
obj 1231 115.10 -1847.31 1.36   0.00 0.00 40.00
