sell 10911 1162.8535 -2394.4343 10.9400
area 1199.0300 -2359.8000 70.0
moveobj 968 1164.3700 -2392.4600 10.5000 0.0000 0.0000 130.0000 2 1164.3700 -2392.4600 10.5000 0.0000 -90.0000 130.0000 2 -1 20
moveobj 985 1233.8400 -2323.2700 14.0000 0.0000 0.0000 93.3000 2 1233.7863 -2315.5039 13.8424 0.0000 0.0000 93.3000 2 -1 20
moveobj 985 1228.7100 -2330.6399 13.9600 0.0000 0.0000 180.0000 2 1228.7100 -2330.6399 17.8788 0.0000 0.0000 180.0000 2 -1 20
changeobj 1506 1161.5100 -2364.7649 13.1262 0.0000 0.0000 0.0000 1502
changeobj 1506 1187.9222 -2385.3250 17.0781 0.0000 0.0000 0.0000 1502
changeobj 1506 1204.8657 -2394.0432 17.1010 0.0000 0.0000 90.0600 1502
changeobj 1506 1202.4904 -2404.3357 17.0581 0.0000 0.0000 0.0000 1502
changeobj 1506 1197.8900 -2394.9099 17.0000 90.0000 0.0000 90.0000 1502
obj 19378 1210.15 -2390.08 17.00 0.00 90.00 0.00
obj 19458 1196.15 -2390.08 17.00 0.00 90.00 0.00
obj 19378 1189.15 -2390.08 17.00 0.00 90.00 0.00
obj 19378 1189.15 -2399.71 17.00 0.00 90.00 0.00
obj 19378 1199.65 -2399.71 17.00 0.00 90.00 0.00
obj 19378 1162.57 -2359.88 13.00 0.00 90.00 0.00
obj 19378 1162.45 -2369.50 13.00 0.00 90.00 0.00
obj 19378 1172.95 -2369.50 13.00 0.00 90.00 0.00
obj 10009 1188.71 -2380.14 13.80 0.00 0.00 -90.00
obj 19361 1185.50 -2385.36 18.83 0.00 0.00 90.00
obj 19390 1188.71 -2385.36 18.83 0.00 0.00 90.00
obj 621 1188.78 -2379.82 11.00 0.00 0.00 -90.00
obj 19325 1183.97 -2388.68 19.00 0.00 0.00 0.00
obj 19453 1183.99 -2396.57 18.83 0.00 0.00 0.00
obj 13749 1191.52 -2410.03 10.30 0.00 0.00 324.00
obj 19361 1183.99 -2402.93 18.83 0.00 0.00 0.00
obj 19325 1187.27 -2404.48 19.00 0.00 0.00 90.00
obj 19325 1193.81 -2404.48 19.00 0.00 0.00 90.00
obj 19390 1203.29 -2404.43 18.83 0.00 0.00 90.00
obj 19361 1200.08 -2404.42 18.83 0.00 0.00 90.00
obj 19434 1197.68 -2404.42 18.83 0.00 0.00 90.00
obj 19325 1204.88 -2401.10 19.00 0.00 0.00 0.00
obj 19361 1204.81 -2396.51 18.83 0.00 0.00 0.00
obj 19325 1204.84 -2388.63 19.00 0.00 0.00 0.00
obj 19325 1201.54 -2385.33 19.00 0.00 0.00 90.00
obj 19325 1194.92 -2385.33 19.00 0.00 0.00 90.00
obj 19434 1191.10 -2385.35 18.83 0.00 0.00 90.00
obj 3498 1214.98 -2385.70 12.50 0.00 0.00 90.00
obj 3498 1214.98 -2385.70 3.50 0.00 0.00 90.00
obj 3498 1214.97 -2394.51 12.50 0.00 0.00 90.00
obj 3498 1214.97 -2394.51 3.50 0.00 0.00 90.00
obj 3498 1204.58 -2395.43 12.50 0.00 0.00 90.00
obj 3498 1204.65 -2385.67 12.50 0.00 0.00 90.00
obj 3498 1191.85 -2385.64 12.50 0.00 0.00 90.00
obj 3498 1184.20 -2385.66 12.50 0.00 0.00 90.00
obj 3498 1184.20 -2395.32 12.50 0.00 0.00 90.00
obj 3498 1184.28 -2404.20 12.50 0.00 0.00 90.00
obj 3498 1204.55 -2406.88 12.50 0.00 0.00 90.00
obj 3498 1193.06 -2395.88 12.50 0.00 0.00 90.00
obj 3498 1214.99 -2390.14 10.50 0.00 90.00 90.00
obj 19453 1199.90 -2398.03 18.83 0.00 0.00 90.00
obj 19390 1196.80 -2402.92 18.83 0.00 0.00 0.00
obj 19361 1196.80 -2399.71 18.83 0.00 0.00 0.00
obj 19453 1191.82 -2390.25 18.83 0.00 0.00 0.00
obj 19390 1192.92 -2396.13 18.83 0.00 0.00 45.00
obj 19434 1194.53 -2397.57 18.83 0.00 0.00 45.00
obj 19458 1203.15 -2390.07 17.00 0.00 90.00 0.00
obj 19366 1199.65 -2386.86 17.00 0.00 90.00 0.00
obj 19366 1199.65 -2390.07 17.00 0.00 90.00 0.00
obj 19439 1199.65 -2392.48 17.00 0.00 90.00 0.00
obj 19439 1199.65 -2392.59 17.00 0.00 90.00 0.00
obj 19439 1202.14 -2394.20 17.00 0.00 90.00 0.00
obj 18850 1169.42 -2461.15 0.40 0.00 0.00 62.00
obj 1408 1207.59 -2394.83 17.60 0.00 0.00 0.00
obj 1408 1212.65 -2394.83 17.60 0.00 0.00 0.00
obj 1408 1215.33 -2392.19 17.60 0.00 0.00 90.00
obj 1408 1215.33 -2388.02 17.60 0.00 0.00 90.00
obj 1408 1212.64 -2385.26 17.60 0.00 0.00 180.00
obj 1408 1207.40 -2385.26 17.60 0.00 0.00 180.00
obj 14387 1186.42 -2398.80 18.00 0.00 0.00 -90.00
obj 14387 1186.41 -2396.23 19.60 0.00 0.00 -90.00
obj 19458 1190.53 -2399.71 20.60 0.00 90.00 0.00
obj 19378 1199.65 -2390.08 24.00 0.00 90.00 0.00
obj 19458 1200.00 -2396.62 20.60 0.00 90.00 90.00
obj 19366 1193.66 -2396.65 20.60 0.00 90.00 90.00
obj 19361 1188.87 -2398.63 18.83 0.00 0.00 0.00
obj 19434 1188.87 -2396.24 18.83 0.00 0.00 0.00
obj 19434 1188.87 -2395.68 18.83 0.00 0.00 0.00
obj 19361 1187.35 -2394.81 18.83 0.00 0.00 90.00
obj 19361 1185.62 -2394.81 18.83 0.00 0.00 90.00
obj 19390 1204.81 -2393.32 18.83 0.00 0.00 0.00
obj 12987 1200.73 -2394.44 14.30 0.00 0.00 -90.00
obj 19439 1205.34 -2394.74 10.18 0.00 -45.00 0.00
obj 16151 1201.13 -2399.14 17.40 0.00 0.00 90.00
obj 970 1202.69 -2398.39 21.20 0.00 0.00 0.00
obj 970 1198.54 -2398.38 21.20 0.00 0.00 0.00
obj 970 1194.36 -2398.38 21.20 0.00 0.00 0.00
obj 970 1192.26 -2400.47 21.20 0.00 0.00 90.00
obj 970 1192.26 -2402.39 21.20 0.00 0.00 90.00
obj 970 1188.80 -2396.99 21.20 0.00 0.00 90.00
obj 970 1188.80 -2401.14 21.20 0.00 0.00 90.00
obj 970 1188.80 -2402.38 21.20 0.00 0.00 90.00
obj 15036 1186.30 -2393.25 18.20 0.00 0.00 0.00
obj 2123 1186.88 -2389.78 17.70 0.00 0.00 0.00
obj 2123 1185.92 -2388.26 17.70 0.00 0.00 90.00
obj 2123 1185.86 -2391.23 17.70 0.00 0.00 -90.00
obj 2123 1184.92 -2389.83 17.70 0.00 0.00 180.00
obj 2118 1185.87 -2390.26 17.10 0.00 0.00 90.00
obj 2829 1186.14 -2389.81 17.90 0.00 0.00 120.00
obj 2275 1191.23 -2386.97 18.90 0.00 0.00 -90.00
obj 14405 1196.65 -2386.91 17.70 0.00 0.00 90.00
obj 2187 1191.03 -2389.03 17.10 0.00 0.00 -90.00
obj 2296 1184.96 -2385.71 17.10 0.00 0.00 0.00
obj 19172 1191.74 -2390.25 18.90 0.00 0.00 -90.00
obj 19165 1191.74 -2393.33 18.90 90.00 0.00 -90.00
obj 19173 1196.93 -2400.26 18.90 0.00 0.00 -90.00
obj 19171 1200.71 -2404.33 18.90 90.00 0.00 180.00
obj 2618 1198.76 -2403.81 17.00 0.00 0.00 180.00
obj 2618 1197.90 -2403.83 17.00 0.00 0.00 180.00
obj 2822 1184.65 -2392.20 18.10 0.00 0.00 4.00
obj 2001 1189.83 -2385.81 17.10 0.00 0.00 4.00
obj 2026 1185.88 -2389.69 20.50 0.00 0.00 4.00
obj 2026 1189.88 -2389.69 20.50 0.00 0.00 4.00
obj 2026 1190.60 -2401.28 20.50 0.00 0.00 4.00
obj 2026 1190.43 -2396.32 20.50 0.00 0.00 4.00
obj 19361 1203.29 -2404.43 22.33 0.00 0.00 90.00
obj 19434 1197.68 -2404.42 22.33 0.00 0.00 90.00
obj 19361 1196.80 -2402.92 22.33 0.00 0.00 0.00
obj 19361 1196.79 -2400.01 22.33 0.00 0.00 0.00
obj 19361 1183.99 -2402.93 22.33 0.00 0.00 0.00
obj 970 1204.83 -2396.31 21.20 0.00 0.00 90.00
obj 19453 1204.81 -2390.08 22.33 0.00 0.00 0.00
obj 19325 1204.88 -2401.10 22.00 0.00 0.00 0.00
obj 19325 1193.81 -2404.48 22.00 0.00 0.00 90.00
obj 19325 1187.27 -2404.48 22.00 0.00 0.00 90.00
obj 982 1146.85 -2358.37 11.70 1.00 0.00 0.00
obj 982 1155.12 -2381.01 11.40 0.00 0.00 40.00
obj 966 1164.28 -2392.35 9.80 0.00 0.00 130.00
obj 982 1155.10 -2381.01 10.10 0.00 0.00 40.00
obj 967 1164.32 -2391.01 10.00 0.00 0.00 220.00
obj 984 1173.97 -2401.34 10.00 0.00 0.00 55.00
obj 983 1182.40 -2405.45 10.00 0.00 0.00 81.58
obj 982 1199.45 -2413.18 10.00 0.00 0.00 69.00
obj 984 1217.31 -2415.29 10.00 0.00 0.00 113.00
obj 984 1222.97 -2412.89 10.00 0.00 0.00 113.00
obj 982 1234.08 -2333.93 14.00 0.00 0.00 0.00
obj 982 1234.08 -2333.93 12.70 0.00 0.00 0.00
obj 985 1233.65 -2307.60 14.00 0.00 0.00 -90.00
obj 982 1226.82 -2293.42 13.30 0.00 0.00 33.00
obj 982 1212.88 -2271.98 13.30 0.00 0.00 33.00
obj 19325 1200.52 -2404.48 22.00 0.00 0.00 90.00
obj 19454 1170.02 -2390.91 10.00 0.00 90.00 142.00
obj 19454 1172.41 -2387.85 10.10 0.00 90.00 142.00
obj 19454 1186.65 -2383.11 10.80 0.00 90.00 200.00
obj 19454 1188.27 -2387.52 10.70 0.00 90.00 200.00
obj 19454 1193.42 -2391.84 10.60 0.00 90.00 90.00
obj 19454 1202.86 -2392.20 10.60 0.00 90.00 90.00
obj 3498 1207.30 -2390.87 6.00 0.00 0.00 90.00
obj 3498 1207.26 -2393.58 6.00 0.00 0.00 90.00
obj 19454 1183.46 -2390.84 10.50 0.00 90.00 90.00
obj 19454 1175.70 -2390.81 10.20 0.00 90.00 90.00
obj 19454 1180.42 -2375.44 11.00 0.00 90.00 0.00
obj 19454 1180.43 -2376.70 10.80 0.00 90.00 0.00
obj 19454 1180.43 -2379.43 10.70 0.00 90.00 0.00
obj 19454 1180.45 -2384.64 10.60 0.00 90.00 0.00
obj 19454 1180.41 -2368.39 11.20 0.00 90.00 0.00
obj 19379 1228.29 -2335.79 13.45 0.00 90.00 -90.00
obj 19375 1228.46 -2341.15 13.45 0.00 0.00 -90.00
obj 19375 1223.56 -2335.99 13.88 90.00 0.00 0.00
obj 19375 1233.18 -2335.82 13.88 90.00 0.00 0.00
obj 19375 1228.46 -2335.98 18.60 0.00 90.00 -90.00
obj 19448 1224.19 -2330.62 13.88 90.00 0.00 90.00
obj 19448 1232.33 -2330.61 13.88 90.00 0.00 90.00
obj 19454 1180.38 -2363.98 11.40 0.00 90.00 0.00
obj 19454 1180.38 -2359.73 11.60 0.00 90.00 0.00
obj 19454 1181.85 -2355.13 11.80 0.00 90.00 -18.00
obj 19454 1183.11 -2351.26 12.00 0.00 90.00 -18.00
obj 19454 1184.26 -2347.53 12.20 0.00 90.00 -18.00
obj 19454 1185.68 -2344.97 12.40 0.00 90.00 -25.00
obj 19454 1187.48 -2342.64 12.60 0.00 90.00 -33.00
obj 19454 1189.29 -2339.79 12.80 0.00 90.00 -33.00
obj 19454 1192.09 -2337.62 13.00 0.00 90.00 -47.00
obj 19454 1194.99 -2334.90 13.20 0.00 90.00 -47.00
obj 19454 1197.77 -2332.33 13.40 0.00 90.00 -47.00
obj 19454 1192.34 -2328.98 13.60 0.00 90.00 33.00
obj 19454 1190.33 -2325.57 13.60 25.00 90.00 -4.00
obj 19454 1190.98 -2316.52 15.60 0.00 90.00 -4.00
obj 19454 1200.60 -2329.69 13.60 0.00 90.00 -47.00
obj 19454 1204.47 -2328.37 13.70 0.00 90.00 -90.00
obj 19454 1214.11 -2328.37 13.70 0.00 90.00 -90.00
obj 19454 1218.47 -2328.37 13.60 -1.00 90.00 -90.00
obj 19377 1228.03 -2325.28 13.45 0.00 90.00 -90.00
obj 19377 1227.59 -2315.21 13.45 0.00 90.00 0.00
obj 19454 1191.66 -2306.93 15.60 0.00 90.00 -4.00
obj 1364 1183.28 -2382.72 11.20 0.00 0.00 -84.00
obj 1360 1184.22 -2388.16 11.20 0.00 0.00 90.00
obj 1491 1196.80 -2403.67 17.10 0.00 0.00 90.00
obj 1491 1192.36 -2395.60 17.10 0.00 0.00 -45.00
obj 2255 1202.87 -2398.61 18.90 0.00 0.00 0.00
obj 2256 1188.99 -2397.65 18.90 0.00 0.00 90.00
obj 2165 1196.25 -2400.52 17.10 0.00 0.00 180.00
obj 2010 1194.03 -2397.82 17.10 0.00 0.00 -90.00
obj 1671 1195.40 -2399.34 17.50 0.00 0.00 25.00
obj 10009 1149.67 -2452.80 9.20 0.00 0.00 -28.00
obj 10009 1155.11 -2453.66 1.70 0.00 0.00 208.00
obj 11496 1153.92 -2445.93 0.40 0.00 0.00 226.00
obj 8614 1173.16 -2443.68 11.20 0.00 0.00 152.00
obj 1255 1213.74 -2387.36 17.70 0.00 0.00 -45.00
obj 1717 1213.79 -2385.94 17.10 0.00 0.00 -91.00
obj 1718 1214.47 -2386.28 17.10 0.00 0.00 -45.00
obj 1255 1213.48 -2389.45 17.70 0.00 0.00 -45.00
obj 1480 1214.15 -2394.18 18.20 0.00 0.00 0.00
obj 1480 1212.15 -2394.18 18.20 0.00 0.00 0.00
obj 1479 1206.40 -2388.82 18.40 0.00 0.00 90.00
obj 644 1212.25 -2394.29 17.40 0.00 0.00 90.00
obj 644 1214.23 -2394.24 17.40 0.00 0.00 90.00
obj 642 1213.17 -2385.73 18.40 0.00 0.00 90.00
obj 642 1213.44 -2390.96 18.40 0.00 0.00 90.00
obj 628 1185.19 -2403.37 19.10 0.00 0.00 45.00
obj 1458 1206.22 -2386.05 17.30 0.00 0.00 180.00
obj 1461 1223.13 -2411.48 10.90 0.00 0.00 180.00
obj 1461 1199.03 -2359.80 12.90 0.00 0.00 33.00
obj 636 1215.61 -2392.16 15.50 0.00 -90.00 180.00
obj 639 1208.99 -2394.85 15.00 0.00 0.00 90.00
obj 11495 1140.02 -2454.10 0.40 0.00 0.00 136.00
obj 18885 1194.85 -2397.22 18.20 0.00 0.00 135.00
obj 1828 1194.54 -2394.09 17.10 0.00 0.00 69.00
obj 1828 1189.22 -2390.34 17.10 0.00 0.00 90.00
obj 2576 1192.39 -2395.02 17.10 0.00 0.00 90.00
obj 14446 1195.46 -2387.28 17.60 0.00 0.00 0.00
obj 14455 1196.53 -2397.87 18.60 0.00 0.00 0.00
obj 2258 1195.42 -2385.54 18.90 0.00 0.00 0.00
obj 2247 1192.00 -2392.23 18.60 0.00 0.00 90.00
obj 19362 1203.64 -2386.50 18.83 0.00 0.00 45.00
obj 19466 1202.46 -2387.69 18.60 0.00 0.00 45.00
obj 19435 1203.03 -2387.17 19.60 0.00 90.00 135.00
obj 19435 1203.03 -2387.17 17.70 0.00 90.00 135.00
obj 19435 1202.15 -2386.29 18.83 0.00 0.00 135.00
obj 19435 1203.87 -2388.01 18.83 0.00 0.00 135.00
obj 2311 1201.58 -2389.62 17.10 0.00 0.00 135.00
obj 1703 1199.82 -2390.54 17.10 0.00 0.00 131.94
obj 1704 1198.90 -2387.67 17.10 0.00 0.00 45.00
obj 1704 1201.72 -2391.29 17.10 0.00 0.00 180.00
obj 2230 1204.13 -2388.59 17.79 0.00 0.00 -45.00
obj 2230 1202.01 -2386.47 17.79 0.00 0.00 -45.00
obj 2226 1202.57 -2387.61 19.70 0.00 0.00 -45.00
obj 1719 1201.47 -2387.65 17.20 0.00 0.00 -45.00
obj 1718 1202.41 -2388.53 17.20 0.00 0.00 -45.00
obj 1828 1201.11 -2388.90 17.10 0.00 0.00 142.00
obj 2010 1197.75 -2385.60 17.10 0.00 0.00 -90.00
obj 2010 1200.95 -2394.85 17.10 0.00 0.00 -90.00
obj 19390 1203.12 -2394.60 18.83 0.00 0.00 90.00
obj 19361 1201.60 -2396.22 18.83 0.00 0.00 0.00
obj 2007 1200.94 -2395.64 17.10 0.00 0.00 -90.00
obj 2007 1200.94 -2396.63 17.10 0.00 0.00 -90.00
obj 2521 1203.11 -2397.45 17.10 0.00 0.00 180.00
obj 2522 1204.20 -2396.15 17.10 0.00 0.00 -90.00
obj 2518 1202.75 -2397.42 17.10 0.00 0.00 180.00
obj 2704 1201.75 -2395.35 19.10 0.00 0.00 90.00
obj 2705 1201.77 -2396.29 19.10 0.00 0.00 90.00
obj 2026 1200.67 -2388.92 20.50 0.00 0.00 4.00
obj 2026 1196.39 -2394.17 20.50 0.00 0.00 4.00
obj 1523 1202.34 -2394.62 17.10 0.00 0.00 0.00
obj 2827 1200.58 -2388.71 17.60 0.00 0.00 120.00
obj 2825 1201.47 -2389.53 17.60 0.00 0.00 120.00
obj 2828 1192.14 -2393.04 18.20 0.00 0.00 -90.00
obj 15039 1187.56 -2388.43 20.60 0.00 0.00 0.00
obj 19453 1183.99 -2390.08 22.33 0.00 0.00 0.00
obj 19325 1183.93 -2398.05 22.00 0.00 0.00 0.00
obj 2195 1190.44 -2389.80 22.13 0.00 0.00 0.00
obj 19325 1187.38 -2385.33 22.00 0.00 0.00 90.00
obj 19325 1193.99 -2385.33 22.00 0.00 0.00 90.00
obj 19361 1191.03 -2386.92 22.33 0.00 0.00 0.00
obj 19361 1191.03 -2390.13 22.33 0.00 0.00 0.00
obj 19407 1188.88 -2391.82 22.33 0.00 0.00 90.00
obj 19390 1185.67 -2391.82 22.33 0.00 0.00 90.00
obj 19390 1192.09 -2391.82 22.33 0.00 0.00 90.00
obj 15039 1194.60 -2388.42 20.60 0.00 0.00 0.00
obj 2195 1197.59 -2389.76 22.13 0.00 0.00 0.00
obj 19407 1195.29 -2391.82 22.33 0.00 0.00 90.00
obj 19434 1197.69 -2391.82 22.33 0.00 0.00 90.00
obj 19361 1198.08 -2390.13 22.33 0.00 0.00 0.00
obj 19361 1198.08 -2386.92 22.33 0.00 0.00 0.00
obj 19466 1188.88 -2391.82 22.33 0.00 0.00 90.00
obj 19466 1195.29 -2391.82 22.33 0.00 0.00 90.00
obj 1491 1191.33 -2391.82 20.60 0.00 0.00 0.00
obj 1491 1184.89 -2391.83 20.60 0.00 0.00 0.00
obj 19325 1200.60 -2385.33 22.00 0.00 0.00 90.00
obj 2260 1190.46 -2390.57 22.80 0.00 0.00 -90.00
obj 2260 1197.48 -2390.04 22.80 0.00 0.00 -90.00
obj 2267 1191.15 -2388.01 22.80 0.00 0.00 90.00
obj 2267 1184.10 -2388.03 22.80 0.00 0.00 90.00
obj 19361 1203.11 -2385.35 22.33 0.00 0.00 90.00
obj 2630 1203.87 -2386.08 20.70 0.00 0.00 90.00
obj 2630 1203.96 -2387.46 20.70 0.00 0.00 90.00
obj 2631 1199.21 -2387.42 20.70 0.00 0.00 90.00
obj 2632 1190.44 -2401.83 20.70 0.00 0.00 90.00
obj 2627 1200.73 -2386.63 20.70 0.00 0.00 0.00
obj 2628 1199.11 -2390.80 20.70 0.00 0.00 90.00
obj 2629 1203.91 -2389.21 20.70 0.00 0.00 -90.00
obj 19361 1200.10 -2391.82 22.33 0.00 0.00 90.00
obj 2261 1204.22 -2388.09 22.80 0.00 0.00 -90.00
obj 2271 1198.67 -2387.44 22.80 0.00 0.00 90.00
obj 2002 1201.32 -2391.22 20.70 0.00 0.00 180.00
obj 1811 1200.64 -2389.40 21.30 0.00 0.00 193.00
obj 1491 1201.69 -2391.82 22.30 0.00 90.00 0.00
obj 1491 1201.69 -2391.81 23.80 0.00 90.00 0.00
obj 19434 1204.09 -2391.80 22.33 0.00 0.00 90.00
obj 2802 1198.46 -2397.47 21.02 0.00 0.00 90.00
obj 2801 1198.46 -2397.47 21.02 0.00 0.00 90.00
obj 2802 1200.82 -2396.61 21.02 0.00 0.00 47.00
obj 2801 1200.82 -2396.61 21.02 0.00 0.00 47.00
obj 2802 1195.27 -2396.59 21.02 0.00 0.00 142.00
obj 2801 1195.27 -2396.59 21.02 0.00 0.00 142.00
obj 638 1188.76 -2392.37 21.40 0.00 0.00 90.00
obj 640 1196.71 -2392.31 21.40 0.00 0.00 90.00
obj 947 1184.81 -2400.86 19.30 0.00 0.00 -90.00
obj 1985 1190.49 -2401.68 24.00 0.00 0.00 90.00
obj 19378 1189.15 -2390.08 20.60 0.00 90.00 0.00
obj 2026 1190.68 -2396.92 23.90 0.00 0.00 4.00
obj 2026 1195.14 -2396.69 23.90 0.00 0.00 4.00
obj 2026 1198.60 -2396.76 23.90 0.00 0.00 4.00
obj 2026 1201.99 -2396.81 23.90 0.00 0.00 4.00
obj 2026 1201.57 -2388.95 23.90 0.00 0.00 4.00
obj 2026 1194.75 -2389.05 23.90 0.00 0.00 4.00
obj 2026 1187.62 -2388.93 23.90 0.00 0.00 4.00
obj 2073 1202.78 -2401.78 23.10 0.00 0.00 4.00
obj 2073 1199.50 -2401.81 23.10 0.00 0.00 4.00
obj 19378 1199.65 -2399.71 24.00 0.00 90.00 0.00
obj 19378 1189.15 -2399.71 24.00 0.00 90.00 0.00
obj 19378 1189.15 -2390.08 24.00 0.00 90.00 0.00
obj 19378 1199.65 -2390.08 20.60 0.00 90.00 0.00
obj 3499 1196.56 -2326.06 9.00 0.00 0.00 90.00
obj 3498 1196.43 -2327.50 9.70 0.00 0.00 90.00
obj 3498 1198.11 -2326.06 9.70 0.00 0.00 90.00
obj 3498 1195.03 -2326.00 9.70 0.00 0.00 90.00
obj 3498 1196.59 -2324.65 9.70 0.00 0.00 90.00
obj 2812 1196.38 -2326.28 14.46 0.00 0.00 120.00
obj 2812 1196.69 -2325.85 14.48 0.00 0.00 -55.00
obj 642 1195.80 -2324.17 15.20 0.00 0.00 90.00
obj 1481 1193.63 -2325.69 14.40 0.00 0.00 90.00
obj 2804 1193.75 -2325.94 14.60 0.00 0.00 90.00
obj 2804 1193.76 -2325.48 14.60 0.00 0.00 90.00
obj 2805 1193.64 -2324.88 14.40 0.00 0.00 90.00
obj 3525 1193.63 -2325.69 13.60 0.00 0.00 90.00
obj 638 1202.42 -2324.71 14.18 0.00 0.00 90.00
obj 19372 1202.28 -2323.54 13.80 0.00 90.00 90.00
obj 638 1202.13 -2323.63 14.18 0.00 0.00 -90.00
obj 638 1202.49 -2322.60 14.18 0.00 0.00 90.00
obj 3408 1204.01 -2325.19 13.70 0.00 0.00 360.00
obj 1428 1200.15 -2325.13 14.00 16.00 0.00 360.00
obj 19078 1200.27 -2325.04 15.15 0.00 -90.00 180.00
obj 19079 1200.05 -2325.07 15.18 0.00 -90.00 222.00
obj 672 1198.65 -2321.93 14.59 0.00 0.00 90.00
obj 669 1189.98 -2333.96 13.00 0.00 0.00 90.00
obj 19315 1188.19 -2328.87 13.80 0.00 0.00 0.00
obj 19315 1187.97 -2328.84 14.10 0.00 -33.00 0.00
obj 19315 1188.04 -2327.67 13.80 0.00 0.00 -84.00
obj 19315 1187.82 -2329.87 13.80 0.00 0.00 62.00
obj 19315 1189.24 -2328.78 13.80 0.00 0.00 -127.00
obj 19315 1186.63 -2330.28 13.80 0.00 0.00 -127.00
obj 669 1187.41 -2331.30 13.00 0.00 0.00 47.00
obj 1226 1196.23 -2332.22 16.00 0.00 0.00 90.00
obj 1226 1206.79 -2327.61 16.00 0.00 0.00 90.00
obj 1226 1217.66 -2329.45 16.00 0.00 0.00 -90.00
obj 1226 1223.51 -2320.87 16.00 0.00 0.00 180.00
obj 1226 1186.03 -2342.82 16.00 0.00 0.00 155.00
obj 1226 1180.70 -2355.22 15.70 0.00 0.00 155.00
obj 1226 1178.86 -2386.02 14.30 0.00 0.00 155.00
obj 1226 1181.30 -2369.52 15.10 0.00 0.00 0.00
obj 1226 1170.02 -2393.90 14.00 0.00 0.00 0.00
obj 1461 1224.13 -2346.08 13.40 0.00 0.00 33.00
obj 762 1222.81 -2302.47 15.84 0.00 0.00 0.00
obj 622 1181.33 -2344.03 11.00 0.00 0.00 -90.00
obj 623 1181.17 -2344.34 11.00 0.00 0.00 -127.00
obj 707 1218.25 -2345.75 11.00 0.00 0.00 -90.00
obj 708 1165.77 -2383.41 10.00 0.00 0.00 -90.00
obj 709 1212.12 -2410.96 9.80 0.00 0.00 -90.00
obj 622 1202.36 -2379.47 9.50 0.00 0.00 -105.00
obj 951 1196.31 -2346.93 14.90 0.00 0.00 0.00
obj 951 1202.45 -2343.60 14.70 0.00 0.00 0.00
obj 1280 1196.79 -2342.94 14.70 0.00 0.00 90.00
obj 1280 1194.96 -2344.76 14.70 0.00 0.00 180.00
obj 14394 1168.70 -2359.83 12.30 0.00 0.00 180.00
obj 19453 1157.30 -2369.51 14.83 0.00 0.00 180.00
obj 19325 1157.30 -2361.38 14.50 0.00 0.00 180.00
obj 19325 1160.62 -2374.29 14.50 0.00 0.00 90.00
obj 19453 1167.08 -2374.22 14.83 0.00 0.00 90.00
obj 19325 1174.75 -2374.29 14.50 0.00 0.00 90.00
obj 19325 1178.17 -2370.91 14.50 0.00 0.00 180.00
obj 19361 1178.12 -2366.29 14.83 0.00 0.00 180.00
obj 19325 1174.73 -2364.70 14.50 0.00 0.00 90.00
obj 19325 1168.11 -2364.70 14.50 0.00 0.00 90.00
obj 19361 1158.99 -2364.79 14.83 0.00 0.00 90.00
obj 19390 1162.20 -2364.79 14.83 0.00 0.00 90.00
obj 19434 1164.60 -2364.79 14.83 0.00 0.00 90.00
obj 3498 1178.02 -2374.18 12.10 0.00 0.00 90.00
obj 3498 1178.10 -2364.70 12.10 0.00 0.00 90.00
obj 3498 1171.28 -2364.71 12.10 0.00 0.00 90.00
obj 3498 1167.71 -2364.76 12.10 0.00 0.00 90.00
obj 3498 1157.30 -2364.94 12.10 0.00 0.00 90.00
obj 3498 1157.44 -2374.28 12.10 0.00 0.00 90.00
obj 3498 1167.66 -2374.10 12.10 0.00 0.00 90.00
obj 3498 1171.79 -2374.14 12.10 0.00 0.00 90.00
obj 3498 1157.24 -2358.04 12.10 0.00 0.00 90.00
obj 3498 1157.34 -2355.27 8.60 0.00 0.00 90.00
obj 3498 1167.63 -2355.27 8.60 0.00 0.00 90.00
obj 763 1176.03 -2354.68 11.84 0.00 0.00 0.00
obj 19378 1162.45 -2369.50 16.50 0.00 90.00 0.00
obj 19378 1172.95 -2369.50 16.50 0.00 90.00 0.00
obj 19375 1199.65 -2399.13 25.60 20.00 90.00 0.00
obj 19375 1199.65 -2390.15 25.60 -20.00 90.00 0.00
obj 1742 1204.85 -2392.38 20.70 0.00 0.00 -90.00
obj 1742 1204.85 -2393.83 20.70 0.00 0.00 -90.00
obj 19375 1189.15 -2390.15 25.60 -20.00 90.00 0.00
obj 19375 1189.15 -2399.13 25.60 20.00 90.00 0.00
obj 19375 1199.42 -2399.71 25.80 0.00 -70.00 0.00
obj 19375 1199.42 -2390.08 25.80 0.00 -70.00 0.00
obj 19375 1189.62 -2399.71 25.80 0.00 70.00 0.00
obj 19375 1189.62 -2390.08 25.80 0.00 70.00 0.00
obj 19375 1162.45 -2371.83 20.70 60.00 90.00 0.00
obj 19375 1162.47 -2367.07 20.70 -60.00 90.00 0.00
obj 14791 1162.76 -2369.30 18.60 0.00 0.00 0.00
obj 3532 1185.34 -2360.47 12.50 0.00 0.00 -76.00
obj 3532 1190.16 -2345.39 13.00 0.00 0.00 -40.00
obj 3532 1176.72 -2346.59 13.00 0.00 0.00 -40.00
obj 3532 1203.64 -2334.44 13.90 0.00 0.00 -40.00
obj 11495 1131.92 -2462.81 0.40 0.00 0.00 226.00
obj 8168 1224.81 -2316.47 15.37 0.00 0.00 106.74
obj 19434 1194.29 -2385.41 18.83 0.00 0.00 90.00
obj 19434 1195.55 -2385.39 18.83 0.00 0.00 90.00
obj 19434 1196.61 -2385.38 18.83 0.00 0.00 90.00
obj 3498 1202.48 -2385.05 16.00 0.00 0.00 90.00
obj 3498 1202.48 -2385.05 6.97 0.00 0.00 90.00
obj 3498 1161.95 -2374.21 12.66 89.94 -18.96 109.32
obj 3498 1166.46 -2374.21 8.43 0.00 0.00 90.00
obj 3498 1169.23 -2364.63 12.66 89.94 -18.96 109.32
obj 3498 1173.81 -2364.59 12.66 89.94 -18.96 109.32
obj 3498 1164.63 -2364.74 8.42 0.00 0.00 90.00
obj 3498 1157.38 -2360.59 12.66 89.94 -18.96 198.84
obj 3498 1157.38 -2355.99 8.44 0.00 0.00 90.00
obj 19361 1201.62 -2396.46 18.83 0.00 0.00 0.00
obj 2313 1202.20 -2386.97 17.09 0.00 0.00 -42.72
obj 19454 1169.51 -2391.57 9.90 0.00 90.00 142.36
obj 3498 1173.75 -2374.27 12.66 89.94 -18.96 109.32
obj 3498 1169.29 -2374.33 8.47 0.00 0.00 90.00
obj 3498 1178.02 -2369.76 12.66 89.94 -18.96 199.08
obj 19443 1168.56 -2355.79 11.40 0.00 0.00 89.94
obj 19443 1169.03 -2355.80 10.24 0.00 0.00 89.94
obj 19443 1168.50 -2363.82 11.40 0.00 0.00 89.94
obj 19443 1169.05 -2363.84 10.26 0.00 0.00 89.94
obj 3498 1169.69 -2359.28 11.32 89.94 -18.96 17.46
obj 19443 1167.77 -2363.10 11.26 0.00 0.00 180.60
obj 19443 1167.75 -2362.04 11.26 0.00 0.00 180.60
obj 19443 1167.72 -2360.77 11.26 0.00 0.00 180.60
obj 19443 1167.69 -2359.84 11.26 0.00 0.00 180.60
obj 19443 1167.68 -2358.39 11.26 0.00 0.00 180.60
obj 19443 1167.65 -2357.07 11.26 0.00 0.00 180.60
obj 19443 1167.63 -2356.40 11.26 0.00 0.00 180.60
obj 3498 1167.51 -2355.68 8.53 0.00 0.00 90.00
obj 3498 1157.10 -2362.26 16.40 89.94 -18.96 199.26
obj 3498 1157.09 -2362.26 16.40 89.94 -18.96 379.26
obj 841 1197.61 -2384.80 10.49 0.00 0.00 0.00
obj 841 1196.78 -2385.09 10.64 0.00 0.00 -0.18
obj 3031 1198.45 -2389.26 11.74 0.00 0.00 0.00
obj 1461 1207.41 -2394.16 10.05 0.00 0.00 0.00
obj 3461 1197.98 -2384.64 8.93 0.00 0.00 0.00
obj 3461 1197.06 -2384.98 8.93 0.00 0.00 -0.12
obj 19434 1200.46 -2394.13 18.83 0.00 0.00 -0.48
obj 19434 1199.72 -2393.39 18.83 0.00 0.00 88.50
obj 19434 1198.55 -2393.38 18.83 0.00 0.00 89.82
obj 19434 1199.75 -2395.01 18.83 0.00 0.00 89.82
obj 3498 1205.03 -2397.97 19.51 0.00 0.00 90.00
obj 14632 1163.24 -2364.21 14.60 0.00 0.00 180.00
obj 922 1175.42 -2365.25 14.00 0.00 0.00 180.00
obj 920 1172.33 -2365.01 13.60 0.00 0.00 180.00
obj 923 1167.41 -2372.00 14.00 0.00 0.00 90.00
obj 3389 1168.13 -2367.66 13.10 0.00 0.00 180.00
obj 3388 1169.14 -2365.25 13.10 0.00 0.00 90.00
obj 3387 1168.15 -2366.25 13.10 0.00 0.00 180.00
obj 3386 1170.45 -2365.26 13.10 0.00 0.00 90.00
obj 3384 1168.45 -2373.39 14.50 0.00 0.00 -90.00
obj 3383 1159.41 -2365.85 13.00 0.00 0.00 180.00
obj 2161 1170.30 -2374.14 14.50 0.00 0.00 180.00
obj 2160 1170.26 -2373.94 13.10 0.00 0.00 180.00
obj 1242 1159.60 -2365.96 14.60 0.00 0.00 180.00
obj 1254 1159.60 -2365.91 14.84 0.00 0.00 180.00
obj 954 1159.60 -2365.96 14.20 0.00 180.00 180.00
obj 2035 1160.01 -2365.98 14.60 90.00 0.00 0.00
obj 2036 1159.03 -2365.97 14.60 90.00 0.00 180.00
obj 1796 1160.88 -2373.43 13.00 0.00 0.00 90.00
obj 1789 1161.21 -2373.33 13.64 0.00 0.00 -90.00
obj 2320 1161.30 -2373.33 14.27 0.00 0.00 -90.00
obj 2207 1160.05 -2370.11 13.10 0.00 0.00 90.00
obj 2773 1161.21 -2370.09 13.60 0.00 0.00 90.00
obj 2773 1163.13 -2370.09 13.60 0.00 0.00 90.00
obj 2773 1161.23 -2368.33 13.60 0.00 0.00 90.00
obj 2773 1163.13 -2368.33 13.60 0.00 0.00 90.00
obj 1708 1157.89 -2369.68 13.10 0.00 0.00 90.00
obj 2194 1159.51 -2370.06 14.12 0.00 0.00 90.00
obj 2196 1159.90 -2368.91 13.90 0.00 0.00 -113.00
obj 19378 1172.95 -2369.50 16.50 0.00 90.00 0.00
obj 6965 1190.33 -2354.95 12.50 0.00 0.00 -76.00
obj 19377 701.86 -469.87 15.30 0.00 90.00 90.00
obj 19361 697.14 -473.51 17.14 0.00 0.00 0.00
obj 19361 697.14 -470.31 17.14 0.00 0.00 0.00
obj 1707 1166.10 -2373.52 13.10 0.00 0.00 180.00
obj 2172 1164.78 -2372.09 13.10 0.00 0.00 0.00
obj 2166 1195.25 -2398.63 17.10 0.00 0.00 -90.00
obj 2253 1195.29 -2398.39 18.16 0.00 0.00 180.00
obj 2866 1196.17 -2399.43 17.90 0.00 0.00 120.00
obj 2859 1184.64 -2393.21 18.10 0.00 0.00 98.00
obj 2864 1184.57 -2394.18 18.10 0.00 0.00 98.00
obj 2862 1188.01 -2394.22 18.10 0.00 0.00 324.00
obj 2836 1203.59 -2396.24 17.09 0.00 0.00 90.00
obj 2835 1197.68 -2387.66 17.09 0.00 0.00 90.00
obj 2835 1194.24 -2387.66 17.09 0.00 0.00 90.00
obj 2708 1192.29 -2387.26 17.10 0.00 0.00 90.00
obj 2392 1192.38 -2386.52 18.90 0.00 0.00 0.00
obj 2259 1198.97 -2392.80 18.90 0.00 0.00 180.00
obj 2161 1196.70 -2399.38 18.70 0.00 0.00 -90.00
obj 2375 1192.04 -2390.50 17.10 0.00 0.00 90.00
obj 2136 1191.19 -2389.39 17.10 0.00 0.00 -90.00
obj 19429 1194.97 -2404.43 20.33 90.00 0.00 90.00
obj 19429 1191.47 -2404.43 20.33 90.00 0.00 90.00
obj 19429 1187.97 -2404.43 20.33 90.00 0.00 90.00
obj 19429 1185.70 -2404.43 20.33 90.00 0.00 90.00
obj 19429 1190.36 -2404.43 18.83 0.00 0.00 90.00
obj 19429 1190.36 -2404.43 22.33 0.00 0.00 90.00
obj 1742 1190.64 -2404.48 17.10 0.00 0.00 180.00
obj 1737 1191.75 -2403.79 17.10 0.00 0.00 90.00
obj 1711 1190.30 -2403.27 17.10 0.00 0.00 90.00
obj 1711 1192.91 -2402.82 17.10 0.00 0.00 -90.00
obj 2853 1191.84 -2402.78 17.89 0.00 0.00 120.00
obj 2855 1191.72 -2403.76 17.89 0.00 0.00 120.00
obj 3806 1194.07 -2403.95 21.00 0.00 0.00 90.00
obj 3811 1186.93 -2403.99 20.92 0.00 0.00 90.00
obj 18368 1213.45 -2352.53 7.50 0.00 0.00 -76.00
obj 19377 1237.63 -2315.80 13.03 5.00 90.00 90.00
obj 19448 1228.23 -2330.68 17.92 0.00 0.00 90.00
obj 1712 1211.70 -2408.84 9.99 0.00 0.00 0.00
obj 1717 1213.39 -2410.90 9.80 0.00 0.00 142.00
obj 1725 1213.04 -2411.98 9.50 0.00 0.00 142.00
obj 985 1234.24 -2323.38 14.00 0.00 0.00 93.30
