sell 10825 -572.25 1321.37 4.39 96 0 122 
changeobj 1506 -574.05 1318.17 3.36 0 0 125 1502
changeobj 1506 -575.79 1320.62 3.36 0 0 -55 1502
changeobj 1506 -590.5 1306.8 3.36 0 0 125 1502
changeobj 1506 -592.24 1309.25 3.36 0 0 -55 1502
changeobj 1506 -606.77 1295.43 3.36 0 0 125 1502
changeobj 1506 -608.52 1297.86 3.36 0 0 -55 1502
changeobj 1506 -605.06 1284.56 3.47 0 0 35 1502
changeobj 1506 -602.6 1286.31 3.47 0 0 -145 1502
obj 10965 -624.46 1295.53 15.87 0 0 305 
obj 19377 -571.25 1314.25 7.34 0 0 36 
obj 19377 -578.58 1324.52 7.34 0 0 36 
obj 19466 -574.64 1319.02 6.83 0 0 34 
obj 19466 -575.16 1319.78 6.83 0 0 34 
obj 19466 -575.16 1319.78 8.75 0 0 34 
obj 19466 -574.64 1319.02 8.75 0 0 34 
obj 19377 -573.78 1306.65 7.34 0 0 -55 
obj 19377 -581.67 1301.18 7.34 0 0 -55 
obj 19377 -590.31 1295.23 7.34 0 0 -55 
obj 19377 -598.13 1289.76 7.34 0 0 -55 
obj 19381 -613.51 1278.74 7.36 0 0 -55 
obj 19381 -623.02 1272.11 7.36 0 0 -55 
obj 19381 -630.83 1266.62 7.36 0 0 -55 
obj 19377 -587.7 1302.9 7.34 0 0 36 
obj 19377 -595.09 1313.13 7.34 0 0 36 
obj 19377 -603.96 1291.53 7.34 0 0 36 
obj 19377 -611.35 1301.75 7.34 0 0 36 
obj 16151 -590.73 1299.21 3.79 0 0 -56 
obj 16151 -598.7 1294.72 3.79 0 0 -56 
obj 16152 -598.35 1307.36 3.45 0 0 -55 
obj 16152 -605.94 1302 3.45 0 0 -55 
obj 1543 -590.62 1300.47 4.4 0 0 0 
obj 1543 -591.23 1300.05 4.4 0 0 0 
obj 1543 -592.39 1299.26 4.4 0 0 0 
obj 1665 -592.69 1298.93 4.43 0 0 0 
obj 1665 -590.02 1300.82 4.43 0 0 0 
obj 1668 -593.39 1298.6 4.6 0 0 0 
obj 1668 -593.74 1298.09 4.6 0 0 0 
obj 1668 -597.19 1296.87 4.6 0 0 0 
obj 1668 -597.96 1296.38 4.6 0 0 0 
obj 1665 -598.36 1295.66 4.43 0 0 0 
obj 1543 -599.21 1295.33 4.4 0 0 0 
obj 1665 -599.62 1294.94 4.43 0 0 0 
obj 1543 -600.16 1294.65 4.4 0 0 0 
obj 1543 -600.56 1294.44 4.4 0 0 0 
obj 19376 -629.53 1275.76 3.37 0 90 35 
obj 19376 -635.05 1283.66 3.37 0 90 35 
obj 19376 -620.95 1281.76 3.37 0 90 35 
obj 19376 -626.46 1289.66 3.37 0 90 35 
obj 19376 -612.32 1287.74 3.37 0 90 35 
obj 19376 -617.9 1295.64 3.37 0 90 35 
obj 19376 -609.26 1289.92 3.39 0 90 35 
obj 19376 -614.96 1297.68 3.39 0 90 35 
obj 19376 -620.95 1281.76 4.93 0 90 35 
obj 19376 -629.53 1275.76 4.93 0 90 35 
obj 19376 -635.05 1283.66 4.93 0 90 35 
obj 19376 -626.46 1289.66 4.93 0 90 35 
obj 19376 -625.39 1292.94 4.91 18 90 35 
obj 19452 -616.61 1284.83 3.25 0 0 34 
obj 19452 -622.08 1292.77 3.25 0 0 34 
obj 19452 -625.79 1272.59 3.25 0 0 -54 
obj 19452 -617.89 1278.05 3.25 0 0 -56 
obj 19452 -637.84 1278.61 3.25 0 0 35 
obj 19452 -633.8 1272.75 3.25 0 0 34 
obj 19452 -627.24 1271.49 3.23 0 0 -54 
obj 19304 -614.89 1282.13 5.62 0 0 -56 
obj 19304 -616.85 1285.03 5.62 0 0 -56 
obj 19304 -618.83 1287.92 5.62 0 0 -56 
obj 19304 -620.78 1290.79 5.62 0 0 -56 
obj 19304 -615.39 1279.67 5.62 0 0 -146 
obj 19304 -618.29 1277.71 5.62 0 0 -146 
obj 19304 -621.57 1275.47 5.62 0 0 -146 
obj 19304 -624.48 1273.5 5.62 0 0 -146 
obj 19304 -627.35 1271.48 5.62 0 0 -144 
obj 19304 -629.63 1269.85 5.62 0 0 -144 
obj 19304 -639.45 1280.94 5.62 0 0 -56 
obj 19304 -637.48 1278.05 5.62 0 0 -56 
obj 19304 -635.54 1275.17 5.62 0 0 -56 
obj 19304 -633.56 1272.26 5.62 0 0 -56 
obj 19304 -632.09 1270.12 5.62 0 0 -54 
obj 19304 -620.13 1294.47 5.1 0 16 -56 
obj 19304 -618.22 1291.66 4.16 0 16 -56 
obj 1597 -579.53 1327.79 6.06 0 0 35 
obj 1597 -585.51 1336.36 6.06 0 0 35 
obj 1597 -568.93 1314.89 6.06 0 0 35 
obj 19376 -603.97 1279.34 3.39 0 90 35 
obj 19381 -609.03 1281.86 7.36 0 0 -55 
obj 19304 -604.28 1273.37 4.1 0 0 35 
obj 19304 -601.38 1275.34 4.1 0 0 35 
obj 19304 -598.55 1277.31 4.1 0 0 35 
obj 19304 -598.14 1279.78 4.1 0 0 -55 
obj 19304 -600.15 1282.64 4.1 0 0 -55 
obj 19304 -602.14 1285.53 4.1 0 0 -55 
obj 19304 -606.71 1273.85 4.1 0 0 -55 
obj 19304 -608.42 1276.35 4.1 0 0 -55 
obj 19304 -604.05 1285.28 6.62 0 0 35 
obj 19304 -604.06 1285.28 7.86 0 0 35 
obj 1364 -600.66 1282.12 4.27 0 0 -56 
obj 1364 -599.36 1277.7 4.27 0 0 -144 
obj 1364 -604.38 1274.19 4.27 0 0 -144 
obj 1364 -601.84 1275.89 4.27 0 0 -144 
obj 1364 -607.16 1275.96 4.27 0 0 -235 
obj 1360 -580.23 1322.17 4.23 0 0 -54 
obj 1360 -573.85 1307.86 4.23 0 0 -54 
obj 1360 -576.14 1306.18 4.23 0 0 -54 
obj 1360 -578.54 1304.49 4.23 0 0 -54 
obj 1360 -580.97 1302.8 4.23 0 0 -54 
obj 1360 -583.55 1300.89 4.23 0 0 -54 
obj 1360 -582.83 1320.49 4.23 0 0 -54 
obj 1360 -585.35 1318.65 4.23 0 0 -54 
obj 1360 -587.98 1316.87 4.23 0 0 -54 
obj 1360 -590.5 1315.23 4.23 0 0 -54 
obj 1360 -593.05 1313.31 4.23 0 0 -54 
obj 3660 -578.29 1307.18 5.87 0 0 33 
obj 3660 -585.48 1317.02 5.87 0 0 33 
obj 3660 -594.14 1294.58 5.87 0 0 35 
obj 3660 -602.93 1306.97 5.87 0 0 35 
obj 14720 -611.2 1300.2 3.47 0 0 -144 
obj 19452 -620.94 1295.79 3.09 18 0 34 
obj 14791 -611.98 1289.43 5.41 0 0 0 
obj 9241 -594.63 1263.85 5.2 0 0 -54 
obj 19376 -612.59 1273.43 3.39 0 90 35 
obj 19376 -617.33 1261.43 3.39 0 90 35 
obj 19376 -611.82 1253.55 3.39 0 90 35 
obj 19376 -606.35 1245.62 3.39 0 90 35 
obj 19376 -589.53 1242.62 3.39 0 90 35 
obj 19376 -580.95 1248.61 3.39 0 90 35 
obj 19376 -572.38 1254.65 3.39 0 90 35 
obj 19376 -573.54 1268.01 3.39 0 90 35 
obj 19376 -579.09 1275.89 3.39 0 90 35 
obj 19376 -584.62 1283.79 3.39 0 90 35 
obj 9819 -620.57 1277.88 5.85 0 0 -55 
obj 9822 -620.77 1277.8 5.52 0 0 -57 
obj 18070 -629.61 1278.41 5.52 0 0 -55 
obj 18070 -624.4 1281.96 5.52 0 0 125 
obj 1491 -625.67 1277.04 3.52 0 0 34 
obj 1491 -629.35 1282.08 3.52 0 0 34 
obj 1726 -630.25 1279.06 5.02 0 0 -54 
obj 1726 -623.88 1281.19 5.02 0 0 -235 
obj 1726 -622.16 1284.7 5.02 0 0 -54 
obj 1726 -632.01 1274.91 5.02 0 0 -235 
obj 2745 -605.72 1295.45 4.67 0 0 124 
obj 2745 -608.11 1298.78 4.67 0 0 124 
obj 2745 -592.17 1310.15 4.67 0 0 124 
obj 2745 -589.82 1306.61 4.67 0 0 124 
obj 19425 -588.1 1304.41 3.45 0 0 -54 
obj 19425 -583.19 1307.9 3.45 0 0 -54 
obj 19425 -581.97 1308.77 3.45 0 0 -54 
obj 19425 -577.2 1312.12 3.45 0 0 -54 
obj 1371 -573.38 1317.91 4.17 0 0 125 
obj 1371 -575.59 1321.27 4.17 0 0 125 
obj 2311 -628.89 1286.55 5.01 0 0 35 
obj 2311 -629.44 1287.29 5.01 0 0 35 
obj 2311 -628.37 1285.77 5.01 0 0 35 
obj 2311 -626.4 1287.14 5.01 0 0 35 
obj 2311 -626.92 1287.9 5.01 0 0 35 
obj 2311 -627.47 1288.66 5.01 0 0 35 
obj 1726 -625.08 1290.31 5.02 0 0 -54 
obj 1726 -629.7 1284.91 5.02 0 0 -235 
obj 19376 -599.51 1238.67 3.39 0 90 35 
obj 1491 -609.42 1277.76 2.19 0 0 124 
obj 1491 -611.09 1280.27 2.21 0 0 -57 
