sell 11008 1869.5671, -1604.4412, 13.5730
area 1887.0170 -1587.5601 40.0
moveobj 2957 1922.49 -1581.93 14.00 0.00 0.00 90.00 2 1922.49 -1581.93 11.00 0.00 0.00 90.00 2 -1 20
moveobj 19377 1863.6521 -1602.2141 12.6934 0.00 0.00 90.00 2 1863.6521 -1602.2141 7.4025 0.00 0.00 90.00 2 -1 20
obj 7832 1888.251 -1591.600 17.129 0.000 0.000 89.878
area 1887.0170 -1587.5601 40.0
moveobj 2957 1922.49 -1581.93 14.00 0.00 0.00 90.00 2 1922.49 -1581.93 11.00 0.00 0.00 90.00 2 -1 20
moveobj 19377 1863.6521 -1602.2141 12.6934 0.00 0.00 90.00 2 1863.6521 -1602.2141 7.4025 0.00 0.00 90.00 2 -1 20
obj 7832 1888.251 -1591.600 17.129 0.000 0.000 89.878
material 1 18065 ab_sfammumain breezewall5 0
material 2 18065 ab_sfammumain breezewall5 0
material 3 18065 ab_sfammumain breezewall5 0
material 4 3603 bevmans01_la sjmlahus26 0
material 5 3881 apsecurity_sfxrf lostonclad1 0
obj 19377 1872.742 -1602.141 16.142 0.000 0.000 90.524
material 0 6863 vgsnbuild07 vgndwntwn2_256_256 0
obj 19377 1854.986 -1602.096 16.163 0.000 0.000 90.524
material 0 6863 vgsnbuild07 vgndwntwn2_256_256 0
obj 19377 1877.397 -1602.148 16.146 0.000 0.000 90.524
material 0 6863 vgsnbuild07 vgndwntwn2_256_256 0
obj 19377 1899.052 -1602.198 16.131 0.000 0.000 90.221
material 0 6863 vgsnbuild07 vgndwntwn2_256_256 0
obj 19377 1900.468 -1602.202 16.090 0.000 0.000 90.215
material 0 6863 vgsnbuild07 vgndwntwn2_256_256 0
obj 19377 1909.933 -1602.218 7.992 0.000 0.000 90.014
material 0 6863 vgsnbuild07 vgndwntwn2_256_256 0
obj 19377 1922.548 -1597.273 16.093 0.000 0.000 0.000
material 0 6863 vgsnbuild07 vgndwntwn2_256_256 0
obj 19377 1922.737 -1566.061 16.185 0.000 0.000 0.000
material 0 6863 vgsnbuild07 vgndwntwn2_256_256 0
obj 19454 1919.053 -1602.203 16.524 90.000 3.000 267.371
material 0 6863 vgsnbuild07 vgndwntwn2_256_256 0
obj 19454 1920.895 -1602.207 16.524 90.000 3.000 267.371
material 0 6863 vgsnbuild07 vgndwntwn2_256_256 0
obj 19377 1850.151 -1597.407 16.159 0.000 0.000 0.000
material 0 6863 vgsnbuild07 vgndwntwn2_256_256 0
obj 19377 1917.994 -1561.309 16.190 0.000 0.000 90.104
material 0 6863 vgsnbuild07 vgndwntwn2_256_256 0
obj 19377 1908.379 -1561.315 16.197 0.000 0.000 90.104
material 0 6863 vgsnbuild07 vgndwntwn2_256_256 0
obj 19377 1898.762 -1561.325 16.203 0.000 0.000 90.104
material 0 6863 vgsnbuild07 vgndwntwn2_256_256 0
obj 19377 1889.121 -1561.333 16.201 0.000 0.000 90.104
material 0 6863 vgsnbuild07 vgndwntwn2_256_256 0
obj 19377 1879.489 -1561.352 16.203 0.000 0.000 90.104
material 0 6863 vgsnbuild07 vgndwntwn2_256_256 0
obj 19377 1858.289 -1579.404 16.157 0.000 0.000 0.000
material 0 10765 airportgnd_sfse ws_yellowline 0
obj 19377 1854.872 -1573.437 16.149 0.000 0.000 270.925
material 0 6863 vgsnbuild07 vgndwntwn2_256_256 0
obj 19454 1909.805 -1602.177 19.593 0.000 0.000 89.985
material 0 6863 vgsnbuild07 vgndwntwn2_256_256 0
obj 19454 1889.473 -1602.130 19.643 0.000 0.000 89.985
material 0 6863 vgsnbuild07 vgndwntwn2_256_256 0
obj 19454 1863.657 -1602.194 19.642 0.000 0.000 89.985
material 0 12853 cunte_gas01 downtsign13_LA 0
obj 19454 1886.833 -1602.144 19.633 0.000 0.000 90.185
material 0 6863 vgsnbuild07 vgndwntwn2_256_256 0
obj 19454 1912.460 -1602.179 19.593 0.000 0.000 89.985
material 0 6863 vgsnbuild07 vgndwntwn2_256_256 0
obj 19454 1888.196 -1602.254 19.622 0.000 0.000 90.185
material 0 6357 sunstrans_law2 SunBillB10 0
obj 19454 1911.484 -1602.288 19.622 0.000 0.000 90.185
material 0 2813 gb_books01 GB_magazine06 0
obj 19377 1863.114 -1578.237 12.564 0.000 90.000 0.000
material 0 4830 airport2 LASLACMA93 0
obj 19377 1850.143 -1588.022 16.157 0.000 0.000 0.000
material 0 6863 vgsnbuild07 vgndwntwn2_256_256 0
obj 19377 1874.554 -1566.082 16.204 0.000 0.000 179.461
material 0 6863 vgsnbuild07 vgndwntwn2_256_256 0
obj 19325 1892.184 -1602.117 11.706 0.000 0.000 90.129
material 0 10871 blacksky_sfse ws_glass_balustrade 0
obj 19325 1885.545 -1602.124 11.706 0.000 0.000 90.000
material 0 10871 blacksky_sfse ws_glass_balustrade 0
obj 19325 1885.545 -1602.124 15.826 0.000 0.000 90.000
material 0 10871 blacksky_sfse ws_glass_balustrade 0
obj 19325 1892.184 -1602.117 15.826 0.000 0.000 90.129
material 0 10871 blacksky_sfse ws_glass_balustrade 0
obj 19325 1908.357 -1602.184 11.764 0.000 0.000 90.000
material 0 10871 blacksky_sfse ws_glass_balustrade 0
obj 19325 1908.357 -1602.184 15.889 0.000 0.000 90.000
material 0 10871 blacksky_sfse ws_glass_balustrade 0
obj 19325 1914.991 -1602.186 11.772 0.000 0.000 89.970
material 0 10871 blacksky_sfse ws_glass_balustrade 0
obj 19325 1914.991 -1602.186 15.889 0.000 0.000 89.970
material 0 10871 blacksky_sfse ws_glass_balustrade 0
obj 19377 1922.396 -1588.909 16.095 0.000 0.000 0.000
material 0 6863 vgsnbuild07 vgndwntwn2_256_256 0
obj 19377 1922.454 -1575.713 16.188 0.000 0.000 0.000
material 0 6863 vgsnbuild07 vgndwntwn2_256_256 0
obj 19377 1922.556 -1588.908 16.095 0.000 0.000 0.000
material 0 6863 vgsnbuild07 vgndwntwn2_256_256 0
obj 19377 1922.744 -1575.696 16.188 0.000 0.000 0.000
material 0 6863 vgsnbuild07 vgndwntwn2_256_256 0
obj 19377 1922.574 -1575.706 16.188 0.000 0.000 0.000
material 0 6863 vgsnbuild07 vgndwntwn2_256_256 0
obj 19377 1873.615 -1597.492 12.544 0.000 90.000 0.000
material 0 4830 airport2 LASLACMA93 0
obj 19377 1873.611 -1587.873 12.554 0.000 90.000 0.000
material 0 4830 airport2 LASLACMA93 0
obj 19377 1892.697 -1566.070 12.564 0.000 90.000 0.000
material 0 4830 airport2 LASLACMA93 0
obj 19377 1884.111 -1587.845 12.564 0.000 90.000 0.000
material 0 4830 airport2 LASLACMA93 0
obj 19377 1917.120 -1568.861 12.564 0.000 90.000 0.000
material 0 4830 airport2 LASLACMA93 0
obj 19377 1873.614 -1578.245 12.564 0.000 90.000 0.000
material 0 4830 airport2 LASLACMA93 0
obj 19377 1863.114 -1587.867 12.554 0.000 90.000 0.000
material 0 4830 airport2 LASLACMA93 0
obj 19377 1863.117 -1597.494 12.544 0.000 90.000 0.000
material 0 4830 airport2 LASLACMA93 0
obj 19377 1884.112 -1578.209 12.564 0.000 90.000 0.000
material 0 4830 airport2 LASLACMA93 0
obj 19377 1917.167 -1578.202 12.574 0.000 90.000 0.000
material 0 4830 airport2 LASLACMA93 0
obj 19377 1884.110 -1597.475 12.564 0.000 90.000 0.000
material 0 4830 airport2 LASLACMA93 0
obj 19377 1917.373 -1597.474 12.564 0.000 90.000 0.000
material 0 4830 airport2 LASLACMA93 0
obj 19377 1917.145 -1587.844 12.564 0.000 90.000 0.000
material 0 4830 airport2 LASLACMA93 0
obj 19377 1882.207 -1568.878 12.574 0.000 90.000 0.000
material 0 4830 airport2 LASLACMA93 0
obj 19377 1882.197 -1566.173 12.564 0.000 90.000 0.000
material 0 4830 airport2 LASLACMA93 0
obj 19377 1894.606 -1597.473 12.564 0.000 90.000 0.000
material 0 4830 airport2 LASLACMA93 0
obj 19377 1905.109 -1597.480 12.564 0.000 90.000 0.000
material 0 4830 airport2 LASLACMA93 0
obj 19377 1915.606 -1597.481 12.554 0.000 90.000 0.000
material 0 4830 airport2 LASLACMA93 0
obj 19377 1894.605 -1587.842 12.564 0.000 90.000 0.000
material 0 4830 airport2 LASLACMA93 0
obj 19377 1905.113 -1587.841 12.564 0.000 90.000 0.000
material 0 4830 airport2 LASLACMA93 0
obj 19377 1915.610 -1587.849 12.554 0.000 90.000 0.000
material 0 4830 airport2 LASLACMA93 0
obj 19377 1894.606 -1578.210 12.564 0.000 90.000 0.000
material 0 4830 airport2 LASLACMA93 0
obj 19377 1905.106 -1578.211 12.564 0.000 90.000 0.000
material 0 4830 airport2 LASLACMA93 0
obj 19377 1915.609 -1578.211 12.554 0.000 90.000 0.000
material 0 4830 airport2 LASLACMA93 0
obj 19377 1892.700 -1568.873 12.574 0.000 90.000 0.000
material 0 4830 airport2 LASLACMA93 0
obj 19377 1913.698 -1566.064 12.554 0.000 90.000 0.000
material 0 4830 airport2 LASLACMA93 0
obj 19377 1913.693 -1568.869 12.584 0.000 90.000 0.000
material 0 4830 airport2 LASLACMA93 0
obj 19377 1879.875 -1570.545 17.013 0.000 90.000 0.000
material 0 15041 bigsfsave AH_flroortile9 0
obj 19377 1903.202 -1566.055 12.564 0.000 90.000 0.000
material 0 4830 airport2 LASLACMA93 0
obj 19377 1917.295 -1566.171 12.544 0.000 90.000 0.000
material 0 4830 airport2 LASLACMA93 0
obj 19454 1922.542 -1581.409 19.586 0.000 0.000 359.899
material 0 6863 vgsnbuild07 vgndwntwn2_256_256 0
obj 19454 1922.552 -1581.410 17.201 0.000 0.000 359.899
material 0 6863 vgsnbuild07 vgndwntwn2_256_256 0
obj 19325 1888.232 -1565.680 14.344 0.000 0.000 0.000
material 0 10871 blacksky_sfse ws_glass_balustrade 0
obj 19325 1888.229 -1572.317 14.344 0.000 0.000 0.000
material 0 10871 blacksky_sfse ws_glass_balustrade 0
obj 19325 1899.895 -1565.767 14.315 0.000 0.000 0.000
material 0 10871 blacksky_sfse ws_glass_balustrade 0
obj 19325 1899.896 -1572.400 14.315 0.000 0.000 0.000
material 0 10871 blacksky_sfse ws_glass_balustrade 0
obj 19377 1911.364 -1567.645 11.045 0.000 0.000 0.000
material 0 10765 airportgnd_sfse ws_yellowline 0
obj 19377 1911.330 -1570.822 11.045 0.000 0.000 0.000
material 0 10765 airportgnd_sfse ws_yellowline 0
obj 2960 1914.515 -1600.720 19.180 0.000 90.000 0.000
material 0 18065 ab_sfammumain breezewall5 0
obj 2960 1903.610 -1593.546 19.169 0.000 90.000 0.000
material 0 18065 ab_sfammumain breezewall5 0
obj 2960 1914.507 -1593.693 19.179 0.000 90.000 0.000
material 0 18065 ab_sfammumain breezewall5 0
obj 2960 1919.954 -1593.758 14.561 0.000 90.000 0.000
material 0 18065 ab_sfammumain breezewall5 0
obj 3055 1916.780 -1597.300 12.652 90.000 90.000 0.000
material 0 960 cj_crate_will CJ_FLIGHT_CASE 0
obj 3055 1911.305 -1597.270 12.649 90.000 90.000 0.000
material 0 960 cj_crate_will CJ_FLIGHT_CASE 0
obj 2960 1909.043 -1600.713 19.175 0.000 90.000 0.000
material 0 18065 ab_sfammumain breezewall5 0
obj 2960 1909.045 -1593.599 19.170 0.000 90.000 0.000
material 0 18065 ab_sfammumain breezewall5 0
obj 2960 1919.988 -1600.787 19.184 0.000 90.000 0.000
material 0 18065 ab_sfammumain breezewall5 0
obj 2960 1879.378 -1600.756 14.957 0.000 90.000 0.000
material 0 18065 ab_sfammumain breezewall5 0
obj 2960 1894.266 -1600.802 14.957 0.000 90.000 0.000
material 0 18065 ab_sfammumain breezewall5 0
obj 2960 1894.266 -1593.326 14.997 0.000 90.000 0.000
material 0 18065 ab_sfammumain breezewall5 0
obj 2960 1869.976 -1576.603 16.929 0.000 90.000 0.000
material 0 18065 ab_sfammumain breezewall5 0
obj 3055 1905.983 -1569.185 12.671 90.000 90.000 0.000
material 0 960 cj_crate_will CJ_FLIGHT_CASE 0
obj 2960 1888.799 -1600.799 14.947 0.000 90.000 0.000
material 0 18065 ab_sfammumain breezewall5 0
obj 2960 1888.807 -1593.328 14.967 0.000 90.000 0.000
material 0 18065 ab_sfammumain breezewall5 0
obj 3055 1905.862 -1597.235 12.651 90.000 90.000 0.000
material 0 960 cj_crate_will CJ_FLIGHT_CASE 0
obj 2960 1903.591 -1600.651 19.177 0.000 90.000 0.000
material 0 18065 ab_sfammumain breezewall5 0
obj 2960 1919.988 -1600.787 14.567 0.000 90.000 0.000
material 0 18065 ab_sfammumain breezewall5 0
obj 2960 1919.954 -1593.758 19.171 0.000 90.000 0.000
material 0 18065 ab_sfammumain breezewall5 0
obj 2960 1914.515 -1600.720 14.562 0.000 90.000 0.000
material 0 18065 ab_sfammumain breezewall5 0
obj 2960 1914.506 -1593.693 14.560 0.000 90.000 0.000
material 0 18065 ab_sfammumain breezewall5 0
obj 2960 1909.043 -1600.713 14.553 0.000 90.000 0.000
material 0 18065 ab_sfammumain breezewall5 0
obj 2960 1909.045 -1593.599 14.553 0.000 90.000 0.000
material 0 18065 ab_sfammumain breezewall5 0
obj 2960 1903.591 -1600.651 14.563 0.000 90.000 0.000
material 0 18065 ab_sfammumain breezewall5 0
obj 2960 1903.610 -1593.546 14.553 0.000 90.000 0.000
material 0 18065 ab_sfammumain breezewall5 0
obj 2960 1898.153 -1600.625 19.171 0.000 90.000 0.000
material 0 18065 ab_sfammumain breezewall5 0
obj 2960 1898.161 -1593.521 19.175 0.000 90.000 0.000
material 0 18065 ab_sfammumain breezewall5 0
obj 19366 1886.681 -1600.872 12.342 90.000 0.000 90.639
material 0 6871 vegascourtbld marbletilewal1_256 0
obj 19366 1886.674 -1599.205 12.568 0.000 90.000 180.391
material 0 6871 vegascourtbld marbletilewal1_256 0
obj 19366 1884.863 -1599.351 12.849 90.000 0.000 180.660
material 0 6871 vegascourtbld marbletilewal1_256 0
obj 19366 1888.505 -1599.333 12.849 90.000 0.000 180.764
material 0 6871 vegascourtbld marbletilewal1_256 0
obj 2960 1884.864 -1600.822 14.957 0.000 90.000 0.000
material 0 18065 ab_sfammumain breezewall5 0
obj 2960 1879.379 -1593.320 14.987 0.000 90.000 0.000
material 0 18065 ab_sfammumain breezewall5 0
material 1 1975 texttest kb_red 0
obj 19377 1903.195 -1568.871 12.574 0.000 90.000 0.000
material 0 4830 airport2 LASLACMA93 0
obj 19377 1917.234 -1570.491 17.013 0.000 90.000 0.000
material 0 15041 bigsfsave AH_flroortile9 0
obj 19377 1906.732 -1570.494 17.013 0.000 90.000 0.000
material 0 15041 bigsfsave AH_flroortile9 0
obj 19377 1896.238 -1570.493 17.003 0.000 90.000 0.000
material 0 15041 bigsfsave AH_flroortile9 0
obj 19377 1885.736 -1570.493 17.003 0.000 90.000 0.000
material 0 15041 bigsfsave AH_flroortile9 0
obj 19377 1917.567 -1567.084 17.003 0.000 90.000 0.000
material 0 15041 bigsfsave AH_flroortile9 0
obj 19377 1879.769 -1567.651 16.983 0.000 90.000 0.000
material 0 15041 bigsfsave AH_flroortile9 0
obj 19377 1886.238 -1567.108 16.993 0.000 90.000 0.000
material 0 15041 bigsfsave AH_flroortile9 0
obj 19377 1896.736 -1567.114 16.993 0.000 90.000 0.000
material 0 15041 bigsfsave AH_flroortile9 0
obj 19377 1907.229 -1567.111 16.993 0.000 90.000 0.000
material 0 15041 bigsfsave AH_flroortile9 0
obj 3055 1900.426 -1597.295 12.651 90.000 90.000 0.000
material 0 960 cj_crate_will CJ_FLIGHT_CASE 0
obj 19369 1898.110 -1571.438 13.166 0.000 0.000 0.000
material 0 10765 airportgnd_sfse ws_yellowline 0
obj 3055 1882.341 -1568.418 12.671 90.000 90.000 0.000
material 0 960 cj_crate_will CJ_FLIGHT_CASE 0
obj 19369 1890.175 -1571.776 13.166 0.000 0.000 0.000
material 0 10765 airportgnd_sfse ws_yellowline 0
obj 3055 1893.920 -1569.273 12.671 90.000 90.000 0.000
material 0 960 cj_crate_will CJ_FLIGHT_CASE 0
obj 2960 1884.847 -1593.362 14.987 0.000 90.000 0.000
material 0 18065 ab_sfammumain breezewall5 0
obj 2960 1859.068 -1584.064 16.949 0.000 90.000 0.000
material 0 18065 ab_sfammumain breezewall5 0
obj 2960 1859.060 -1576.625 16.535 0.000 90.000 0.000
material 0 18065 ab_sfammumain breezewall5 0
obj 2960 1864.382 -1577.165 14.696 0.000 180.000 -90.000
material 0 18065 ab_sfammumain breezewall5 0
obj 2960 1864.535 -1584.154 16.928 0.000 90.000 0.000
material 0 18065 ab_sfammumain breezewall5 0
obj 2960 1869.986 -1584.053 16.917 0.000 90.000 0.000
material 0 18065 ab_sfammumain breezewall5 0
obj 19325 1869.625 -1580.723 17.078 0.000 0.000 0.039
material 0 14853 gen_pol_vegas pol_win_kb 0
obj 19325 1869.632 -1574.090 17.077 0.000 0.000 0.000
material 0 14853 gen_pol_vegas pol_win_kb 0
obj 19325 1859.667 -1584.051 17.082 0.000 0.000 270.110
material 0 14853 gen_pol_vegas pol_win_kb 0
obj 19325 1866.304 -1584.041 17.082 0.000 0.000 270.020
material 0 14853 gen_pol_vegas pol_win_kb 0
obj 19377 1870.278 -1570.175 16.086 0.000 0.000 300.045
material 0 6863 vgsnbuild07 vgndwntwn2_256_256 0
obj 19377 1855.276 -1576.207 16.196 0.000 0.000 270.273
material 0 10765 airportgnd_sfse ws_yellowline 0
obj 19377 1864.850 -1576.160 16.196 0.000 0.000 270.273
material 0 10765 airportgnd_sfse ws_yellowline 0
obj 19377 1850.132 -1578.422 16.157 0.000 0.000 0.000
material 0 6863 vgsnbuild07 vgndwntwn2_256_256 0
obj 19377 1858.628 -1579.434 16.157 0.000 0.000 0.000
material 0 10765 airportgnd_sfse ws_yellowline 0
obj 19377 1858.458 -1579.424 16.157 0.000 0.000 0.000
material 0 10765 airportgnd_sfse ws_yellowline 0
obj 2960 1869.986 -1584.053 12.301 0.000 90.000 0.000
material 0 18065 ab_sfammumain breezewall5 0
obj 2960 1869.976 -1576.603 12.310 0.000 90.000 0.000
material 0 18065 ab_sfammumain breezewall5 0
obj 2960 1864.535 -1584.154 12.317 0.000 90.000 0.000
material 0 18065 ab_sfammumain breezewall5 0
obj 2960 1859.068 -1584.064 12.357 0.000 90.000 0.000
material 0 18065 ab_sfammumain breezewall5 0
obj 2960 1859.060 -1576.625 11.914 0.000 90.000 0.000
material 0 18065 ab_sfammumain breezewall5 0
obj 2960 1864.541 -1576.641 11.943 0.000 90.000 0.000
material 0 18065 ab_sfammumain breezewall5 0
obj 19461 1877.181 -1571.114 18.824 0.000 0.000 180.283
material 0 5135 groundb_las2 snpedwar1 0
obj 19461 1919.079 -1571.003 18.804 0.000 0.000 0.000
material 0 5135 groundb_las2 snpedwar1 0
obj 19397 1899.941 -1564.318 18.822 0.000 0.000 0.000
material 0 5135 groundb_las2 snpedwar1 0
obj 19461 1922.354 -1571.197 18.814 0.000 0.000 0.000
material 0 5135 groundb_las2 snpedwar1 0
obj 19461 1922.365 -1566.533 18.824 0.000 0.000 0.000
material 0 5135 groundb_las2 snpedwar1 0
obj 19461 1908.013 -1562.947 18.814 0.000 0.000 90.297
material 0 5135 groundb_las2 snpedwar1 0
obj 19461 1898.380 -1562.999 18.814 0.000 0.000 90.297
material 0 5135 groundb_las2 snpedwar1 0
obj 19397 1919.078 -1564.582 18.812 0.000 0.000 0.000
material 0 5135 groundb_las2 snpedwar1 0
obj 19397 1920.662 -1575.927 18.811 0.000 0.000 90.000
material 0 5135 groundb_las2 snpedwar1 0
obj 2403 1905.736 -1570.296 17.070 0.000 0.000 182.732
material 1 8589 lwbldstuff03 filmcase01_64 0
obj 19461 1917.650 -1562.900 18.814 0.000 0.000 90.297
material 0 5135 groundb_las2 snpedwar1 0
obj 2403 1913.518 -1570.371 17.070 0.000 0.000 252.070
material 1 8589 lwbldstuff03 filmcase01_64 0
obj 2433 1909.449 -1568.529 17.081 0.000 0.000 180.428
material 0 14531 int_zerosrca CJ_RC_WIN 0
material 2 8589 lwbldstuff03 filmcase01_64 0
obj 2413 1907.699 -1569.326 17.101 0.000 0.000 270.109
material 0 14531 int_zerosrca CJ_RC_WIN 0
material 2 8589 lwbldstuff03 filmcase01_64 0
obj 2413 1910.281 -1569.924 17.101 0.000 0.000 91.508
material 0 14531 int_zerosrca CJ_RC_WIN 0
material 2 8589 lwbldstuff03 filmcase01_64 0
obj 2433 1908.514 -1570.725 17.081 0.000 0.000 1.099
material 0 14531 int_zerosrca CJ_RC_WIN 0
material 2 8589 lwbldstuff03 filmcase01_64 0
obj 19369 1877.143 -1564.705 18.811 0.000 0.000 180.283
material 0 5135 groundb_las2 snpedwar1 0
obj 19369 1917.452 -1575.915 18.811 0.000 0.000 90.000
material 0 5135 groundb_las2 snpedwar1 0
obj 19369 1914.249 -1575.927 18.811 0.000 0.000 90.000
material 0 5135 groundb_las2 snpedwar1 0
obj 19369 1913.030 -1575.926 18.811 0.000 0.000 90.000
material 0 5135 groundb_las2 snpedwar1 0
obj 19369 1904.872 -1575.920 18.811 0.000 0.000 90.000
material 0 5135 groundb_las2 snpedwar1 0
obj 2385 1900.039 -1567.878 18.469 0.000 0.000 90.558
material 0 14531 int_zerosrca CJ_RC_WIN 0
material 2 8589 lwbldstuff03 filmcase01_64 0
obj 2385 1900.039 -1567.878 17.091 0.000 0.000 90.558
material 0 14531 int_zerosrca CJ_RC_WIN 0
material 2 8589 lwbldstuff03 filmcase01_64 0
obj 2385 1905.001 -1563.037 18.480 0.000 0.000 0.000
material 0 14531 int_zerosrca CJ_RC_WIN 0
material 2 8589 lwbldstuff03 filmcase01_64 0
obj 2385 1905.001 -1563.037 17.100 0.000 0.000 0.000
material 0 14531 int_zerosrca CJ_RC_WIN 0
material 2 8589 lwbldstuff03 filmcase01_64 0
obj 2385 1916.785 -1563.020 18.469 0.000 0.000 0.000
material 0 14531 int_zerosrca CJ_RC_WIN 0
material 2 8589 lwbldstuff03 filmcase01_64 0
obj 2385 1916.785 -1563.020 17.090 0.000 0.000 0.000
material 0 14531 int_zerosrca CJ_RC_WIN 0
material 2 8589 lwbldstuff03 filmcase01_64 0
obj 19459 1911.479 -1562.939 18.805 0.000 0.000 90.297
material 0 5135 groundb_las2 snpedwar1 0
obj 1502 1899.982 -1565.065 17.080 0.000 0.000 90.050
material 1 6357 sunstrans_law2 SunBillB10 0
obj 1502 1919.878 -1575.971 17.064 0.000 0.000 0.000
material 0 6357 sunstrans_law2 SunBillB10 0
material 1 6357 sunstrans_law2 SunBillB10 0
obj 19461 1888.761 -1563.043 18.814 0.000 0.000 90.297
material 0 5135 groundb_las2 snpedwar1 0
obj 19461 1879.319 -1563.082 18.814 0.000 0.000 90.297
material 0 5135 groundb_las2 snpedwar1 0
obj 19461 1899.965 -1570.738 18.824 0.000 0.000 180.283
material 0 5135 groundb_las2 snpedwar1 0
obj 19397 1888.166 -1564.459 18.822 0.000 0.000 0.000
material 0 5135 groundb_las2 snpedwar1 0
obj 959 1895.916 -1593.904 13.531 0.000 0.000 359.493
material 0 8057 vgsswarehse02 ws_RShaul_transp_M 0
material 1 8057 vgsswarehse02 ws_RShaul_transp_M 0
material 2 8057 vgsswarehse02 ws_RShaul_transp_M 0
obj 959 1877.776 -1591.645 13.526 0.000 0.000 293.307
material 0 8057 vgsswarehse02 ws_RShaul_transp_M 0
material 1 8057 vgsswarehse02 ws_RShaul_transp_M 0
material 2 8057 vgsswarehse02 ws_RShaul_transp_M 0
material 4 8057 vgsswarehse02 ws_RShaul_transp_M 0
material 5 8057 vgsswarehse02 ws_RShaul_transp_M 0
obj 1707 1890.749 -1572.290 17.090 0.000 0.000 90.451
material 0 2624 cj_urb counter2 0
obj 1707 1894.181 -1573.963 17.090 0.000 0.000 180.875
material 0 2624 cj_urb counter2 0
obj 1707 1892.551 -1569.092 17.090 0.000 0.000 0.000
material 0 2624 cj_urb counter2 0
obj 1707 1896.149 -1570.717 17.089 0.000 0.000 270.678
material 0 2624 cj_urb counter2 0
obj 19439 1893.428 -1574.646 17.724 90.000 0.000 90.876
material 0 960 cj_crate_will CJ_FLIGHT_CASE 0
obj 19439 1896.851 -1571.440 17.724 90.000 0.000 0.000
material 0 960 cj_crate_will CJ_FLIGHT_CASE 0
obj 19439 1890.060 -1571.528 17.724 90.000 0.000 0.000
material 0 960 cj_crate_will CJ_FLIGHT_CASE 0
obj 19439 1893.272 -1568.381 17.724 90.000 0.000 90.876
material 0 960 cj_crate_will CJ_FLIGHT_CASE 0
obj 2311 1892.670 -1571.230 17.090 0.000 0.000 0.000
material 0 2732 cj_zip_sign CJ_ZIP_1 0
obj 2311 1892.659 -1572.176 17.090 0.000 0.000 0.000
material 0 2732 cj_zip_sign CJ_ZIP_1 0
obj 2099 1893.991 -1563.148 17.080 0.000 0.000 0.000
material 0 14531 int_zerosrca CJ_RC_WIN 0
material 5 14531 int_zerosrca CJ_RC_WIN 0
material 6 14531 int_zerosrca CJ_RC_WIN 0
obj 2230 1888.676 -1575.568 17.060 0.000 0.000 137.676
material 0 8589 lwbldstuff03 filmcase01_64 0
material 2 8589 lwbldstuff03 filmcase01_64 0
obj 2230 1899.097 -1575.662 17.115 0.000 0.000 235.999
material 2 8589 lwbldstuff03 filmcase01_64 0
obj 2204 1888.323 -1568.793 17.090 0.000 0.000 90.161
material 0 14531 int_zerosrca CJ_RC_WIN 0
obj 2227 1890.362 -1563.169 17.089 0.000 0.000 0.000
material 2 8589 lwbldstuff03 filmcase01_64 0
obj 2227 1897.630 -1563.029 17.089 0.000 0.000 0.000
material 2 8589 lwbldstuff03 filmcase01_64 0
obj 19461 1888.193 -1570.880 18.824 0.000 0.000 180.283
material 0 5135 groundb_las2 snpedwar1 0
obj 19369 1901.668 -1575.919 18.811 0.000 0.000 90.000
material 0 5135 groundb_las2 snpedwar1 0
obj 2207 1885.330 -1569.894 17.090 0.000 0.000 271.475
material 0 14584 ab_abbatoir01 ab_wall1b 0
obj 2296 1877.533 -1571.956 17.100 0.000 0.000 90.012
material 3 8589 lwbldstuff03 filmcase01_64 0
obj 2233 1877.513 -1568.350 17.099 0.000 0.000 70.090
material 0 8589 lwbldstuff03 filmcase01_64 0
material 3 8589 lwbldstuff03 filmcase01_64 0
obj 2233 1877.317 -1573.027 17.099 0.000 0.000 100.763
material 0 8589 lwbldstuff03 filmcase01_64 0
obj 2208 1882.163 -1565.252 16.860 0.000 0.000 179.267
material 0 14584 ab_abbatoir01 ab_wall1b 0
obj 1708 1882.360 -1572.946 17.099 0.000 0.000 180.587
material 0 16322 a51_stores wtmetal3 0
material 1 16322 a51_stores wtmetal3 0
material 2 2567 ab ab_metaledge 0
obj 1708 1881.244 -1568.749 17.100 0.000 0.000 0.000
material 1 16322 a51_stores wtmetal3 0
material 2 2567 ab ab_metaledge 0
obj 1708 1883.484 -1568.652 17.099 0.000 0.000 0.000
material 0 16322 a51_stores wtmetal3 0
material 1 16322 a51_stores wtmetal3 0
material 2 2567 ab ab_metaledge 0
obj 1708 1884.517 -1572.908 17.099 0.000 0.000 180.587
material 0 16322 a51_stores wtmetal3 0
material 1 16322 a51_stores wtmetal3 0
material 2 2567 ab ab_metaledge 0
obj 2960 1864.541 -1576.641 16.565 0.000 90.000 0.000
material 0 18065 ab_sfammumain breezewall5 0
obj 2960 1869.830 -1577.134 12.756 0.000 180.000 -90.000
material 0 18065 ab_sfammumain breezewall5 0
obj 19377 1864.502 -1573.329 16.196 0.000 0.000 270.273
material 0 6863 vgsnbuild07 vgndwntwn2_256_256 0
obj 19377 1868.860 -1571.008 16.096 0.000 0.000 300.045
material 0 6863 vgsnbuild07 vgndwntwn2_256_256 0
obj 2960 1898.153 -1600.625 14.553 0.000 90.000 0.000
material 0 18065 ab_sfammumain breezewall5 0
obj 2960 1898.161 -1593.521 14.561 0.000 90.000 0.000
material 0 18065 ab_sfammumain breezewall5 0
obj 2960 1864.387 -1581.783 14.696 0.000 180.000 -90.000
material 0 18065 ab_sfammumain breezewall5 0
obj 2960 1869.829 -1581.752 12.756 0.000 180.000 -90.000
material 0 18065 ab_sfammumain breezewall5 0
obj 7619 1888.251 -1591.600 17.129 0.000 0.000 89.878
obj 19377 1870.502 -1573.307 16.196 0.000 0.000 270.273
obj 19377 1874.542 -1568.645 16.204 0.000 0.000 179.461
obj 19377 1917.399 -1597.199 21.403 0.000 90.000 0.000
obj 19377 1917.410 -1568.308 21.403 0.000 90.000 0.000
obj 19377 1876.459 -1597.176 21.393 0.000 90.000 0.000
obj 19377 1886.961 -1597.203 21.393 0.000 90.000 0.000
obj 19377 1897.462 -1597.204 21.393 0.000 90.000 0.000
obj 19377 1907.961 -1597.214 21.393 0.000 90.000 0.000
obj 19377 1855.517 -1597.196 21.393 0.000 90.000 0.000
obj 19377 1866.005 -1587.566 21.393 0.000 90.000 0.000
obj 19377 1855.501 -1577.942 21.393 0.000 90.000 0.000
obj 19377 1864.854 -1575.988 16.196 0.000 0.000 270.273
obj 19377 1855.513 -1587.571 21.393 0.000 90.000 0.000
obj 19377 1917.411 -1587.567 21.403 0.000 90.000 0.000
obj 19377 1876.513 -1587.547 21.393 0.000 90.000 0.000
obj 19377 1865.996 -1577.937 21.393 0.000 90.000 0.000
obj 19377 1917.424 -1577.933 21.403 0.000 90.000 0.000
obj 19377 1886.992 -1577.938 21.393 0.000 90.000 0.000
obj 19377 1887.017 -1587.560 21.393 0.000 90.000 0.000
obj 19377 1897.519 -1587.569 21.393 0.000 90.000 0.000
obj 19377 1908.021 -1587.566 21.393 0.000 90.000 0.000
obj 19377 1876.490 -1577.938 21.393 0.000 90.000 0.000
obj 19377 1917.497 -1566.167 21.373 0.000 90.000 0.000
obj 19377 1890.242 -1568.315 21.393 0.000 90.000 0.000
obj 19377 1897.492 -1577.937 21.393 0.000 90.000 0.000
obj 19377 1907.995 -1577.939 21.393 0.000 90.000 0.000
obj 19377 1900.739 -1568.313 21.393 0.000 90.000 0.000
obj 19377 1911.239 -1568.321 21.393 0.000 90.000 0.000
obj 19377 1879.741 -1568.307 21.393 0.000 90.000 0.000
obj 19377 1879.751 -1566.147 21.383 0.000 90.000 0.000
obj 19377 1890.246 -1566.152 21.383 0.000 90.000 0.000
obj 19377 1900.745 -1566.154 21.373 0.000 90.000 0.000
obj 19377 1911.244 -1566.166 21.373 0.000 90.000 0.000
obj 19377 1865.994 -1597.167 21.393 0.000 90.000 0.000
obj 5422 1922.349 -1595.746 14.529 0.000 0.000 0.000
obj 3497 1863.937 -1601.667 18.426 0.000 0.000 0.000
obj 2173 1887.150 -1600.087 12.656 0.000 0.000 180.302
obj 2190 1887.138 -1600.392 13.455 0.000 0.000 183.669
obj 2190 1885.688 -1600.260 13.425 0.000 0.000 140.673
obj 2225 1887.864 -1600.481 12.641 0.000 0.000 180.452
obj 2225 1885.127 -1600.411 12.641 0.000 0.000 180.452
obj 2606 1886.663 -1600.882 14.163 4.000 0.000 180.000
obj 1671 1886.610 -1598.796 13.106 0.000 0.000 0.000
obj 941 1910.624 -1572.369 13.114 0.000 0.000 89.905
obj 16782 1886.553 -1601.662 19.063 0.000 0.000 91.561
obj 19273 1903.474 -1593.510 14.633 0.000 0.000 180.702
obj 19273 1884.707 -1593.324 14.287 0.000 0.000 180.702
obj 19273 1888.682 -1593.302 14.330 0.000 0.000 180.702
obj 18635 1887.078 -1595.174 13.578 90.000 90.000 153.588
obj 18635 1887.085 -1596.006 13.578 90.000 90.000 197.081
obj 18635 1887.089 -1594.388 13.578 90.000 90.000 197.639
obj 18635 1886.128 -1595.194 13.578 90.000 90.000 0.000
obj 18635 1886.132 -1594.377 13.578 90.000 90.000 0.000
obj 18635 1886.153 -1595.994 13.578 90.000 90.000 332.062
obj 18644 1886.832 -1594.129 13.609 90.000 90.000 197.639
obj 18644 1886.858 -1594.875 13.609 90.000 90.000 197.639
obj 18644 1886.841 -1595.760 13.622 90.000 90.000 248.196
obj 18644 1886.391 -1594.086 13.609 90.000 90.000 208.423
obj 18644 1886.372 -1594.749 13.609 90.000 90.000 135.361
obj 18644 1886.386 -1595.593 13.609 90.000 90.000 25.720
obj 18633 1886.619 -1595.853 13.619 180.000 90.000 0.000
obj 18633 1886.663 -1594.989 13.619 180.000 90.000 0.000
obj 18633 1886.589 -1594.246 13.619 180.000 90.000 0.000
obj 18634 1886.934 -1595.509 13.649 180.000 90.000 0.000
obj 18634 1886.911 -1594.275 13.649 180.000 90.000 0.000
obj 18634 1886.911 -1594.275 13.649 180.000 90.000 0.000
obj 11393 1878.070 -1566.910 14.150 0.000 0.000 90.810
obj 2229 1900.190 -1575.846 12.658 0.000 0.000 0.000
obj 2229 1888.485 -1575.840 12.650 0.000 0.000 0.000
obj 10282 1894.135 -1568.061 13.662 0.000 0.000 0.000
obj 11393 1901.296 -1566.960 14.150 0.000 0.000 90.810
obj 943 1897.695 -1567.863 13.384 0.000 0.000 0.000
obj 943 1879.132 -1570.117 13.384 0.000 0.000 0.000
obj 943 1902.467 -1570.695 13.384 0.000 0.000 0.000
obj 941 1886.628 -1595.347 13.114 0.000 0.000 89.905
obj 941 1887.424 -1572.154 13.114 0.000 0.000 89.905
obj 18635 1887.033 -1571.206 13.587 90.000 90.000 0.000
obj 18635 1887.031 -1571.005 13.587 90.000 90.000 0.000
obj 19325 1859.673 -1581.986 19.136 0.000 90.000 90.000
obj 19325 1859.672 -1577.862 19.136 0.000 90.000 90.000
obj 19325 1866.314 -1581.984 19.136 0.000 90.000 90.000
obj 19325 1866.308 -1577.859 19.136 0.000 90.000 90.000
obj 1000 1908.988 -1568.210 17.635 0.000 0.000 0.000
obj 1073 1917.531 -1573.078 19.010 0.000 0.000 144.212
obj 1074 1916.796 -1573.922 19.016 0.000 0.000 131.781
obj 1075 1915.853 -1574.619 19.443 0.000 0.000 117.740
obj 1076 1914.842 -1575.036 19.041 0.000 0.000 102.801
obj 1077 1913.671 -1575.265 19.052 0.000 0.000 94.146
obj 1078 1912.425 -1575.204 19.078 0.000 0.000 77.336
obj 1079 1905.614 -1575.175 19.102 0.000 0.000 84.760
obj 1080 1904.532 -1575.014 19.098 0.000 0.000 70.545
obj 1081 1903.483 -1574.603 19.129 0.000 0.000 60.132
obj 1082 1902.573 -1573.935 19.452 0.000 0.000 46.127
obj 1083 1901.789 -1573.157 19.152 0.000 0.000 36.567
obj 1084 1901.194 -1572.182 19.115 0.000 0.000 23.464
obj 1085 1900.838 -1570.985 19.143 0.000 0.000 8.891
obj 1096 1918.019 -1572.117 19.007 0.000 0.000 160.416
obj 1097 1915.833 -1574.566 18.239 0.000 0.000 117.740
obj 1098 1902.597 -1573.912 18.231 0.000 0.000 46.127
obj 1058 1908.878 -1568.311 17.388 0.000 0.000 0.000
obj 1162 1900.204 -1567.280 18.196 -30.000 0.000 270.000
obj 1158 1900.263 -1567.288 17.845 -44.000 0.000 270.000
obj 1139 1900.263 -1567.292 17.317 -30.000 0.000 270.000
obj 1146 1900.323 -1567.261 18.660 -38.000 0.000 270.000
obj 1147 1900.223 -1567.262 19.515 -52.000 0.000 270.000
obj 1003 1900.163 -1567.263 18.928 -52.000 0.000 270.000
obj 1000 1905.653 -1563.142 17.170 -38.000 0.000 180.000
obj 1001 1905.589 -1563.057 17.640 -54.000 0.000 180.000
obj 1002 1905.627 -1563.119 18.134 -38.000 0.000 180.000
obj 1003 1905.600 -1563.100 18.630 -38.000 0.000 180.000
obj 1014 1905.596 -1563.130 19.037 -38.000 0.000 180.000
obj 1015 1905.567 -1563.137 19.475 -38.000 0.000 180.000
obj 1140 1910.077 -1562.909 17.285 0.000 0.000 0.000
obj 1141 1910.137 -1562.792 17.726 0.000 0.000 0.000
obj 1148 1910.001 -1562.871 18.154 0.000 0.000 0.000
obj 1149 1910.077 -1562.818 18.728 0.000 0.000 0.000
obj 1150 1910.037 -1563.302 19.236 0.000 0.000 0.000
obj 1151 1910.019 -1563.188 19.575 0.000 0.000 0.000
obj 1152 1913.209 -1563.075 17.303 0.000 0.000 180.700
obj 1153 1913.174 -1563.147 17.751 0.000 0.000 180.700
obj 1160 1913.097 -1562.988 18.169 0.000 0.000 180.700
obj 1171 1913.094 -1563.053 18.767 0.000 0.000 180.700
obj 1169 1913.154 -1562.953 19.341 0.000 0.000 180.700
obj 1013 1917.389 -1563.085 19.218 0.000 0.000 180.615
obj 1024 1917.378 -1563.024 19.602 0.000 0.000 180.615
obj 1130 1919.439 -1566.782 18.323 56.000 0.000 270.000
obj 1131 1919.439 -1569.557 18.329 56.000 0.000 270.000
obj 1104 1918.065 -1572.821 17.815 0.000 0.000 203.880
obj 1037 1918.813 -1574.610 18.256 0.000 0.000 233.577
obj 1029 1915.265 -1576.701 18.228 0.000 0.000 195.091
obj 1019 1913.083 -1575.796 17.806 0.000 0.000 167.268
obj 1020 1911.957 -1575.610 17.824 0.000 0.000 156.405
obj 1013 1917.389 -1563.085 17.287 0.000 0.000 180.615
obj 1024 1917.378 -1563.024 17.768 0.000 0.000 180.615
obj 1013 1917.389 -1563.085 18.203 0.000 0.000 180.615
obj 1024 1917.378 -1563.024 18.789 0.000 0.000 180.615
obj 1064 1904.557 -1577.324 18.404 0.000 0.000 167.365
obj 1065 1902.589 -1576.142 18.184 0.000 0.000 152.634
obj 1059 1900.015 -1574.233 18.420 0.000 0.000 126.289
obj 1018 1900.351 -1570.605 17.785 0.000 0.000 70.836
obj 1018 1900.396 -1571.209 17.785 0.000 0.000 70.836
obj 1008 1910.439 -1569.760 17.348 0.000 0.000 91.677
obj 1008 1910.439 -1569.760 17.671 0.000 0.000 91.677
obj 1009 1909.625 -1570.858 17.602 0.000 0.000 41.051
obj 1009 1908.512 -1570.869 17.602 0.000 0.000 41.051
obj 1009 1909.625 -1570.858 17.331 0.000 0.000 41.051
obj 1009 1908.512 -1570.869 17.331 0.000 0.000 41.051
obj 1010 1907.612 -1570.009 17.347 0.000 0.000 39.801
obj 1010 1907.601 -1569.236 17.347 0.000 0.000 39.801
obj 1010 1907.573 -1569.203 17.661 0.000 0.000 90.139
obj 1010 1907.579 -1569.931 17.661 0.000 0.000 270.406
obj 1514 1909.379 -1570.641 18.351 0.000 0.000 1.442
obj 1514 1908.307 -1568.598 18.364 0.000 0.000 180.063
obj 2486 1907.561 -1569.185 18.141 0.000 0.000 275.322
obj 2485 1910.393 -1569.505 18.163 0.000 0.000 60.904
obj 1513 1909.597 -1568.221 18.393 0.000 0.000 180.257
obj 1513 1908.326 -1571.046 18.393 0.000 0.000 0.721
obj 18635 1887.026 -1571.440 13.587 90.000 90.000 0.000
obj 18644 1887.350 -1571.668 13.609 90.000 90.000 145.600
obj 18644 1887.294 -1572.499 13.609 90.000 90.000 145.600
obj 18644 1887.323 -1572.073 13.609 90.000 90.000 145.600
obj 18633 1887.207 -1571.888 13.619 180.000 90.000 0.000
obj 18633 1887.474 -1572.828 13.619 180.000 90.000 287.812
obj 18634 1887.828 -1571.376 13.609 180.000 90.000 0.000
obj 18634 1887.902 -1572.301 13.609 180.000 90.000 0.000
obj 18634 1910.782 -1571.211 13.599 180.000 90.000 46.405
obj 18634 1910.747 -1571.512 13.599 180.000 90.000 46.405
obj 18635 1910.233 -1572.024 13.589 90.000 90.000 27.561
obj 18635 1910.212 -1572.430 13.589 90.000 90.000 27.561
obj 18644 1910.194 -1572.834 13.618 90.000 90.000 89.088
obj 18644 1910.032 -1572.831 13.628 90.000 90.000 89.088
obj 18633 1910.921 -1572.478 13.618 180.000 90.000 287.812
obj 18633 1910.887 -1572.890 13.628 180.000 90.000 287.812
obj 958 1895.916 -1593.904 13.531 0.000 0.000 359.493
obj 958 1877.776 -1591.645 13.526 0.000 0.000 293.307
obj 3630 1921.291 -1573.672 15.292 0.000 0.000 90.423
obj 3630 1921.297 -1573.663 12.349 0.000 0.000 90.423
obj 2567 1914.001 -1574.787 14.579 0.000 0.000 0.000
obj 2567 1918.113 -1569.524 14.544 0.000 0.000 0.000
obj 3761 1912.025 -1570.675 14.608 0.000 0.000 0.000
obj 925 1913.007 -1563.837 15.666 0.000 0.000 0.000
obj 944 1916.210 -1563.660 14.946 0.000 0.000 0.000
obj 925 1913.007 -1563.837 13.727 0.000 0.000 0.000
obj 944 1916.210 -1563.660 13.510 0.000 0.000 0.000
obj 1431 1919.055 -1563.829 13.203 0.000 0.000 0.000
obj 1685 1921.290 -1565.263 13.392 0.000 0.000 0.000
obj 1685 1921.211 -1567.441 13.392 0.000 0.000 0.000
obj 1762 1916.786 -1564.893 12.652 0.000 0.000 0.000
obj 1755 1919.600 -1565.184 12.652 0.000 0.000 288.858
obj 1759 1919.442 -1567.330 12.652 0.000 0.000 230.908
obj 1769 1916.565 -1568.160 12.672 0.000 0.000 131.431
obj 1819 1917.302 -1567.183 12.672 0.000 0.000 0.000
obj 1543 1918.102 -1566.961 13.169 0.000 0.000 0.000
obj 1543 1917.618 -1567.062 13.169 0.000 0.000 0.000
obj 1544 1918.220 -1566.530 13.169 0.000 0.000 0.000
obj 1544 1917.619 -1566.494 13.169 0.000 0.000 0.000
obj 1510 1917.759 -1566.415 13.179 0.000 0.000 0.000
obj 1485 1917.707 -1566.228 13.197 0.000 0.000 298.991
obj 1810 1917.401 -1568.000 12.673 0.000 0.000 181.655
obj 1810 1919.034 -1564.649 12.651 0.000 0.000 0.000
obj 1810 1915.807 -1564.890 12.672 0.000 0.000 0.000
obj 2813 1893.825 -1571.413 17.594 0.000 0.000 0.000
obj 2852 1892.706 -1571.255 17.594 0.000 0.000 30.270
obj 2855 1893.013 -1572.045 17.594 0.000 0.000 0.000
obj 2855 1893.825 -1572.189 17.594 0.000 0.000 0.000
obj 1840 1893.337 -1563.472 17.081 0.000 0.000 0.000
obj 1840 1894.909 -1563.483 17.081 0.000 0.000 180.546
obj 1742 1900.011 -1571.191 17.091 0.000 0.000 270.350
obj 1327 1896.071 -1573.925 17.725 0.000 90.000 358.396
obj 1327 1896.071 -1573.925 17.100 0.000 90.000 358.396
obj 1327 1890.895 -1573.964 17.739 0.000 90.000 358.396
obj 1327 1890.867 -1569.171 17.731 0.000 90.000 358.396
obj 1327 1890.895 -1573.964 17.100 0.000 90.000 358.396
obj 1327 1890.867 -1569.171 17.100 0.000 90.000 358.396
obj 2792 1883.169 -1575.699 16.692 0.000 0.000 0.000
obj 2793 1894.534 -1575.709 16.668 0.000 0.000 0.000
obj 2794 1906.502 -1575.714 16.664 0.000 0.000 0.000
obj 1650 1909.759 -1562.973 14.946 0.000 0.000 0.000
obj 1650 1909.249 -1562.994 14.946 0.000 0.000 0.000
obj 1650 1910.269 -1563.013 14.946 0.000 0.000 0.000
obj 1650 1911.014 -1563.750 15.555 0.000 0.000 294.622
obj 1650 1910.943 -1564.982 15.555 0.000 0.000 294.622
obj 1650 1910.950 -1564.478 15.555 0.000 0.000 294.622
obj 1650 1886.438 -1563.067 15.547 0.000 0.000 0.000
obj 1650 1885.931 -1563.045 15.547 0.000 0.000 0.000
obj 1650 1887.048 -1562.990 15.547 0.000 0.000 0.000
obj 1650 1887.765 -1563.724 15.547 0.000 0.000 301.079
obj 1650 1887.731 -1564.639 15.547 0.000 0.000 301.079
obj 1650 1887.746 -1564.233 15.547 0.000 0.000 301.079
obj 1714 1887.417 -1570.719 17.091 0.000 0.000 272.257
obj 2190 1885.870 -1571.469 17.866 0.000 0.000 90.631
obj 2344 1886.131 -1569.864 17.866 0.000 0.000 253.827
obj 1822 1882.406 -1571.313 17.101 0.000 0.000 0.000
obj 2852 1882.859 -1570.861 17.578 0.000 0.000 0.000
obj 1715 1882.264 -1563.428 17.101 0.000 0.000 0.000
obj 1715 1882.085 -1567.134 17.100 0.000 0.000 180.576
obj 1715 1879.645 -1563.380 17.101 0.000 0.000 0.000
obj 1715 1880.977 -1563.407 17.101 0.000 0.000 0.000
obj 1715 1879.702 -1567.145 17.100 0.000 0.000 180.576
obj 1715 1880.898 -1567.132 17.100 0.000 0.000 180.576
obj 1715 1877.795 -1565.203 17.071 0.000 0.000 93.251
obj 2202 1887.598 -1566.326 17.091 0.000 0.000 267.481
obj 2737 1881.285 -1563.202 18.834 0.000 0.000 0.103
obj 2606 1877.587 -1571.011 19.835 0.000 0.000 90.012
obj 1506 1877.252 -1568.477 17.070 0.000 0.000 90.274
obj 19273 1864.395 -1584.163 14.456 0.000 0.000 0.000
obj 2311 1919.95 -1563.42 17.09 0.00 0.00 0.00
obj 2257 1920.70 -1563.10 19.27 0.00 0.00 0.00
obj 2253 1920.62 -1563.35 17.86 0.00 0.00 0.00
obj 1502 1919.10 -1565.32 17.06 0.00 0.00 90.00
obj 2835 1918.82 -1564.99 17.09 0.00 0.00 90.00
obj 2835 1901.25 -1564.79 17.09 0.00 0.00 90.00
obj 1502 1888.19 -1565.21 17.08 0.00 0.00 90.05
obj 2835 1887.92 -1565.02 17.08 0.00 0.00 90.00
obj 18075 1870.15 -1595.87 21.30 0.00 0.00 0.00
obj 18075 1871.13 -1578.99 21.30 0.00 0.00 0.00
obj 18075 1882.40 -1595.58 21.30 0.00 0.00 0.00
obj 18075 1882.05 -1582.73 21.30 0.00 0.00 0.00
obj 18075 1882.68 -1568.64 21.30 0.00 0.00 0.00
obj 18075 1893.14 -1595.15 21.30 0.00 0.00 0.00
obj 18075 1893.39 -1583.71 21.30 0.00 0.00 0.00
obj 18075 1893.96 -1568.64 21.30 0.00 0.00 0.00
obj 18075 1906.45 -1569.24 21.30 0.00 0.00 0.00
obj 18075 1907.17 -1581.57 21.30 0.00 0.00 0.00
obj 18075 1907.06 -1594.90 21.30 0.00 0.00 0.00
obj 18075 1915.85 -1595.96 21.30 0.00 0.00 0.00
obj 18075 1916.21 -1582.73 21.30 0.00 0.00 0.00
obj 18075 1915.93 -1569.29 21.30 0.00 0.00 0.00
obj 19377 1872.40 -1574.53 21.42 0.00 90.00 210.18
obj 1693 1872.31 -1574.94 23.12 0.00 0.00 31.68
obj 1693 1857.33 -1583.03 23.12 0.00 0.00 0.00
obj 1693 1857.15 -1595.64 23.12 0.00 0.00 0.00
obj 1693 1872.55 -1595.42 23.12 0.00 0.00 0.00
obj 1693 1873.10 -1584.84 23.12 0.00 0.00 0.00
obj 1693 1892.61 -1595.71 23.12 0.00 0.00 0.00
obj 1693 1910.08 -1596.18 23.12 0.00 0.00 0.00
obj 1693 1892.48 -1582.77 23.12 0.00 0.00 0.00
obj 1693 1910.25 -1583.22 23.12 0.00 0.00 0.00
obj 1693 1910.97 -1569.29 23.12 0.00 0.00 0.00
obj 1693 1892.58 -1569.21 23.12 0.00 0.00 0.00
obj 3335 1869.11 -1602.31 11.12 0.00 0.00 0.00