moveobj 19912 -1819.6899 156.5300 16.8400 0.0000 0.0000 270.0000 2 -1819.6737 145.1573 16.8400 0.0000 0.0000 270.0000 2 -1 20
moveobj 11313 -1855.4900 146.6500 15.5400 0.0000 0.0000 90.0000 2 -1855.4985 146.6319 12.1866 0.0000 0.0000 90.0000 2 -1 20
changeobj 1506 -1841.4600, 145.1400, 14.1100 0.0000, 0.0000, 90.0000 1502
sell 11022 -1816.9983 156.6026 15.1500
area -1844.7909 135.7172 50
obj 19313 -1827.16 173.02 17.50   0.00 0.00 0.00
obj 19313 -1841.02 173.02 17.50   0.00 0.00 0.00
obj 19313 -1855.10 173.02 17.50   0.00 0.00 0.00
obj 19313 -1819.68 149.72 17.50   0.00 0.00 90.00
obj 19313 -1819.68 135.74 17.50   0.00 0.00 90.00
obj 19313 -1819.68 121.76 17.50   0.00 0.00 90.00
obj 19313 -1819.68 108.45 17.50   0.00 0.00 90.00
obj 19313 -1826.65 101.44 17.50   0.00 0.00 0.00
obj 3881 -1822.79 170.25 15.80   0.00 0.00 90.00
obj 19378 -1836.71 121.25 14.11   0.00 90.00 90.00
obj 19378 -1846.20 121.26 14.11   0.00 90.00 90.00
obj 19378 -1855.71 121.25 14.11   0.00 90.00 90.00
obj 19378 -1846.20 131.74 14.11   0.00 90.00 90.00
obj 19378 -1836.71 131.75 14.11   0.00 90.00 90.00
obj 19378 -1836.70 142.23 14.11   0.00 90.00 90.00
obj 19425 -1828.55 168.00 14.11   0.00 0.00 0.00
obj 19425 -1831.55 168.00 14.11   0.00 0.00 0.00
obj 19425 -1834.55 168.00 14.11   0.00 0.00 0.00
obj 19425 -1837.55 168.00 14.11   0.00 0.00 0.00
obj 19425 -1840.55 168.00 14.11   0.00 0.00 0.00
obj 19425 -1843.55 168.00 14.11   0.00 0.00 0.00
obj 19425 -1846.55 168.00 14.11   0.00 0.00 0.00
obj 19425 -1849.55 168.00 14.11   0.00 0.00 0.00
obj 19425 -1852.55 168.00 14.11   0.00 0.00 0.00
obj 19425 -1858.77 137.92 14.16   0.00 0.00 0.00
obj 19388 -1841.48 145.89 15.78   0.00 0.00 0.00
obj 19450 -1831.96 142.67 15.78   0.00 0.00 0.00
obj 19450 -1831.96 133.19 15.78   0.00 0.00 0.00
obj 19450 -1831.96 123.71 15.78   0.00 0.00 0.00
obj 19431 -1831.96 118.13 15.78   0.00 0.00 0.00
obj 19431 -1831.96 116.83 15.78   0.00 0.00 0.00
obj 19450 -1836.67 116.06 15.78   0.00 0.00 90.00
obj 19450 -1846.19 116.07 15.78   0.00 0.00 90.00
obj 19431 -1832.69 147.41 15.78   0.00 0.00 90.00
obj 19431 -1840.77 147.42 15.78   0.00 0.00 90.00
obj 19450 -1860.50 120.80 15.78   0.00 0.00 0.00
obj 19450 -1855.69 116.07 15.78   0.00 0.00 90.00
obj 19450 -1860.50 130.39 15.78   0.00 0.00 0.00
obj 19450 -1855.59 136.94 15.78   0.00 0.00 90.00
obj 19431 -1841.48 143.49 15.78   0.00 0.00 0.00
obj 19431 -1841.48 141.99 15.78   0.00 0.00 0.00
obj 19431 -1841.48 140.49 15.78   0.00 0.00 0.00
obj 19431 -1841.48 138.99 15.78   0.00 0.00 0.00
obj 19431 -1841.48 137.67 15.78   0.00 0.00 0.00
obj 19325 -1836.81 147.48 15.45   0.00 0.00 90.00
obj 14411 -1833.91 123.10 14.31   0.00 0.00 180.00
obj 19431 -1842.37 136.97 15.78   0.00 0.00 90.00
obj 19325 -1846.39 137.01 15.45   0.00 0.00 90.00
obj 19325 -1853.03 137.01 15.45   0.00 0.00 90.00
obj 19450 -1836.02 120.89 15.78   0.00 0.00 0.00
obj 19388 -1837.66 125.62 15.78   0.00 0.00 90.00
obj 19450 -1844.01 125.62 15.78   0.00 0.00 90.00
obj 19450 -1848.74 120.87 15.78   0.00 0.00 0.00
obj 2180 -1839.48 123.78 14.20   0.00 0.00 90.00
obj 2180 -1839.46 120.25 14.20   0.00 0.00 90.00
obj 2180 -1839.46 117.00 14.20   0.00 0.00 90.00
obj 2008 -1837.94 120.17 14.20   0.00 0.00 90.00
obj 2180 -1842.08 123.78 14.20   0.00 0.00 90.00
obj 2180 -1842.04 120.17 14.20   0.00 0.00 90.00
obj 2180 -1841.93 117.00 14.20   0.00 0.00 90.00
obj 2180 -1844.29 123.78 14.20   0.00 0.00 90.00
obj 2180 -1844.38 120.17 14.20   0.00 0.00 90.00
obj 2180 -1844.40 117.00 14.20   0.00 0.00 90.00
obj 2180 -1846.61 117.00 14.20   0.00 0.00 90.00
obj 2180 -1846.59 120.17 14.20   0.00 0.00 90.00
obj 2180 -1846.63 123.78 14.20   0.00 0.00 90.00
obj 19388 -1849.85 126.64 15.78   0.00 0.00 47.00
obj 19450 -1855.75 127.72 15.78   0.00 0.00 90.00
obj 19431 -1850.91 136.20 15.78   0.00 0.00 0.00
obj 19431 -1850.91 134.70 15.78   0.00 0.00 0.00
obj 19431 -1850.91 133.19 15.78   0.00 0.00 0.00
obj 19431 -1850.91 131.68 15.78   0.00 0.00 0.00
obj 19378 -1846.20 131.74 17.46   0.00 90.00 90.00
obj 19378 -1855.71 131.75 17.46   0.00 90.00 90.00
obj 19378 -1836.71 131.75 17.46   0.00 90.00 90.00
obj 19378 -1836.70 142.23 17.46   0.00 90.00 90.00
obj 19378 -1855.71 121.25 17.46   0.00 90.00 90.00
obj 19378 -1846.20 121.26 17.46   0.00 90.00 90.00
obj 19378 -1836.71 130.89 17.46   0.00 90.00 90.00
obj 19378 -1840.72 121.26 17.46   0.00 90.00 90.00
obj 19450 -1836.67 116.06 19.16   0.00 0.00 90.00
obj 19450 -1846.18 116.06 19.16   0.00 0.00 90.00
obj 19450 -1855.69 116.06 19.16   0.00 0.00 90.00
obj 19450 -1836.67 116.06 15.78   0.00 0.00 90.00
obj 19378 -1855.71 131.75 14.11   0.00 90.00 90.00
obj 19450 -1860.50 132.21 15.78   0.00 0.00 0.00
obj 19450 -1831.96 142.67 19.16   0.00 0.00 0.00
obj 19431 -1831.96 116.83 19.16   0.00 0.00 0.00
obj 19431 -1831.96 118.13 19.16   0.00 0.00 0.00
obj 19431 -1832.77 125.56 19.16   0.00 0.00 90.00
obj 19450 -1831.96 133.20 19.16   0.00 0.00 0.00
obj 19450 -1831.96 123.71 19.16   0.00 0.00 0.00
obj 19431 -1834.32 125.56 19.16   0.00 0.00 90.00
obj 19431 -1835.10 125.56 19.16   0.00 0.00 90.00
obj 19431 -1835.99 124.85 19.16   0.00 0.00 0.00
obj 19431 -1835.99 123.29 19.16   0.00 0.00 0.00
obj 19431 -1835.99 121.85 19.16   0.00 0.00 0.00
obj 19450 -1836.68 147.40 19.16   0.00 0.00 90.00
obj 19450 -1841.44 142.70 19.16   0.00 0.00 0.00
obj 19431 -1841.44 137.63 19.16   0.00 0.00 0.00
obj 19388 -1839.88 136.91 19.16   0.00 0.00 90.00
obj 19431 -1837.26 136.91 19.16   0.00 0.00 90.00
obj 19431 -1835.82 136.91 19.16   0.00 0.00 90.00
obj 19431 -1834.26 136.91 19.16   0.00 0.00 90.00
obj 19431 -1832.70 136.91 19.16   0.00 0.00 90.00
obj 19431 -1837.59 136.91 19.16   0.00 0.00 90.00
obj 19450 -1835.98 129.50 19.16   0.00 0.00 0.00
obj 19388 -1835.98 135.23 19.16   0.00 0.00 0.00
obj 19450 -1846.18 130.87 15.78   0.00 0.00 90.00
obj 19388 -1841.48 135.68 15.78   0.00 0.00 0.00
obj 19431 -1841.48 133.27 15.78   0.00 0.00 0.00
obj 19431 -1841.47 131.73 15.78   0.00 0.00 0.00
obj 19388 -1850.90 129.30 15.78   0.00 0.00 0.00
obj 19056 -1832.92 146.64 14.84   0.00 0.00 0.00
obj 19378 -1855.71 141.97 17.46   0.00 90.00 90.00
obj 3499 -1851.42 146.51 11.95   0.00 0.00 0.00
obj 3499 -1859.93 146.54 11.95   0.00 0.00 0.00
obj 19431 -1837.26 136.91 19.16   0.00 0.00 90.00
obj 19431 -1842.25 136.91 19.16   0.00 0.00 90.00
obj 19450 -1850.97 142.42 19.16   0.00 0.00 0.00
obj 19325 -1846.05 138.43 17.44   0.00 90.00 90.00
obj 19431 -1848.40 136.91 19.16   0.00 0.00 90.00
obj 19431 -1849.95 136.91 19.16   0.00 0.00 90.00
obj 19428 -1850.12 138.74 17.44   0.00 90.00 90.00
obj 19431 -1843.84 136.91 19.16   0.00 0.00 90.00
obj 19388 -1846.10 136.91 19.16   0.00 0.00 90.00
obj 19431 -1850.97 137.63 19.16   0.00 0.00 0.00
obj 19431 -1850.25 136.91 19.16   0.00 0.00 90.00
obj 19428 -1842.29 138.74 17.44   0.00 90.00 90.00
obj 1492 -1841.50 134.93 14.12   0.00 0.00 90.00
obj 2064 -1849.97 132.29 14.80   0.00 0.00 180.00
obj 2064 -1848.57 132.29 14.80   0.00 0.00 180.00
obj 2064 -1847.17 132.29 14.80   0.00 0.00 180.00
obj 2064 -1845.77 132.29 14.80   0.00 0.00 180.00
obj 2064 -1843.66 134.35 14.80   0.00 0.00 180.00
obj 2064 -1842.97 132.29 14.80   0.00 0.00 180.00
obj 1636 -1842.05 134.78 14.25   0.00 0.00 90.00
obj 1636 -1842.05 134.58 14.25   0.00 0.00 90.00
obj 1636 -1842.05 134.38 14.25   0.00 0.00 90.00
obj 1636 -1842.05 134.18 14.25   0.00 0.00 90.00
obj 1636 -1842.05 133.98 14.25   0.00 0.00 90.00
obj 1636 -1842.05 133.78 14.25   0.00 0.00 90.00
obj 1636 -1842.05 133.58 14.25   0.00 0.00 90.00
obj 1636 -1842.05 133.63 14.40   0.00 0.00 90.00
obj 1636 -1842.05 133.88 14.40   0.00 0.00 90.00
obj 1636 -1842.05 134.13 14.40   0.00 0.00 90.00
obj 1636 -1842.05 134.38 14.40   0.00 0.00 90.00
obj 1636 -1842.05 134.63 14.40   0.00 0.00 90.00
obj 1636 -1842.05 134.53 14.55   0.00 0.00 90.00
obj 1636 -1842.05 134.28 14.55   0.00 0.00 90.00
obj 1636 -1842.05 134.03 14.55   0.00 0.00 90.00
obj 1636 -1842.05 133.78 14.55   0.00 0.00 90.00
obj 1636 -1842.05 133.93 14.70   0.00 0.00 90.00
obj 1636 -1842.05 134.13 14.70   0.00 0.00 90.00
obj 1636 -1842.05 134.38 14.70   0.00 0.00 90.00
obj 1636 -1842.05 134.28 14.85   0.00 0.00 90.00
obj 1636 -1842.05 134.08 14.85   0.00 0.00 90.00
obj 1636 -1842.05 134.18 15.00   0.00 0.00 90.00
obj 18637 -1850.63 133.67 14.80   62.00 0.00 90.00
obj 18637 -1850.63 134.17 14.80   62.00 0.00 90.00
obj 18637 -1850.63 134.67 14.80   62.00 0.00 90.00
obj 18637 -1850.63 135.17 14.80   62.00 0.00 90.00
obj 18637 -1850.63 135.67 14.80   62.00 0.00 90.00
obj 18637 -1850.63 136.17 14.80   62.00 0.00 90.00
obj 19450 -1860.50 139.94 19.16   0.00 0.00 0.00
obj 19431 -1860.50 144.89 19.16   0.00 0.00 0.00
obj 19431 -1860.50 146.39 19.16   0.00 0.00 0.00
obj 19450 -1855.75 147.17 19.16   0.00 0.00 90.00
obj 19450 -1855.75 142.31 19.16   0.00 0.00 0.00
obj 19388 -1854.26 137.58 19.16   0.00 0.00 90.00
obj 19388 -1857.35 137.58 19.16   0.00 0.00 90.00
obj 19431 -1851.86 137.58 19.16   0.00 0.00 90.00
obj 19431 -1859.58 137.58 19.16   0.00 0.00 90.00
obj 19450 -1840.79 127.26 19.16   0.00 0.00 90.00
obj 19450 -1842.27 128.69 19.16   0.00 0.00 0.00
obj 19450 -1848.70 128.72 19.16   0.00 0.00 0.00
obj 19450 -1855.42 128.74 19.16   0.00 0.00 0.00
obj 19388 -1839.10 133.53 19.16   0.00 0.00 90.00
obj 19431 -1836.73 133.53 19.16   0.00 0.00 90.00
obj 19431 -1841.32 133.53 19.16   0.00 0.00 90.00
obj 19431 -1842.82 133.53 19.16   0.00 0.00 90.00
obj 19431 -1847.32 133.53 19.16   0.00 0.00 90.00
obj 19431 -1848.82 133.53 19.16   0.00 0.00 90.00
obj 19431 -1850.32 133.53 19.16   0.00 0.00 90.00
obj 19431 -1854.71 133.53 19.16   0.00 0.00 90.00
obj 19325 -1860.45 120.82 18.87   0.00 0.00 0.00
obj 19431 -1860.45 116.77 19.16   0.00 0.00 0.00
obj 19325 -1860.45 127.24 18.87   0.00 0.00 0.00
obj 19325 -1860.45 133.66 18.87   0.00 0.00 0.00
obj 19431 -1860.45 124.18 19.16   0.00 0.00 0.00
obj 19431 -1860.45 130.61 19.16   0.00 0.00 0.00
obj 19388 -1845.03 133.53 19.16   0.00 0.00 90.00
obj 19388 -1845.03 133.53 19.16   0.00 0.00 90.00
obj 19388 -1852.44 133.53 19.16   0.00 0.00 90.00
obj 19431 -1836.70 121.11 19.16   0.00 0.00 90.00
obj 19450 -1850.53 127.26 19.16   0.00 0.00 90.00
obj 19431 -1845.60 127.25 19.16   0.00 0.00 90.00
obj 19431 -1841.22 121.11 19.16   0.00 0.00 90.00
obj 19431 -1842.72 121.11 19.16   0.00 0.00 90.00
obj 19431 -1844.22 121.11 19.16   0.00 0.00 90.00
obj 19431 -1848.72 121.11 19.16   0.00 0.00 90.00
obj 19431 -1850.22 121.11 19.16   0.00 0.00 90.00
obj 19431 -1836.70 121.11 19.16   0.00 0.00 90.00
obj 19431 -1854.71 121.11 19.16   0.00 0.00 90.00
obj 19450 -1855.42 125.84 19.16   0.00 0.00 0.00
obj 19450 -1848.70 125.84 19.16   0.00 0.00 0.00
obj 19450 -1842.27 125.85 19.16   0.00 0.00 0.00
obj 19388 -1852.55 121.10 19.16   0.00 0.00 90.00
obj 19388 -1846.39 121.10 19.16   0.00 0.00 90.00
obj 19388 -1838.89 121.10 19.16   0.00 0.00 90.00
obj 14446 -1835.78 138.74 17.93   0.00 0.00 180.00
obj 3499 -1851.42 146.51 11.95   0.00 0.00 0.00
obj 14446 -1852.81 132.98 14.77   0.00 0.00 270.00
obj 19999 -1840.94 124.89 14.20   0.00 0.00 90.00
obj 19999 -1840.90 123.90 14.20   0.00 0.00 90.00
obj 19313 -1864.90 117.09 17.50   0.00 0.00 90.00
obj 19999 -1840.90 121.32 14.20   0.00 0.00 90.00
obj 19999 -1840.90 120.03 14.20   0.00 0.00 90.00
obj 19999 -1841.01 118.08 14.20   0.00 0.00 90.00
obj 19999 -1840.90 117.02 14.20   0.00 0.00 90.00
obj 19999 -1843.35 117.02 14.20   0.00 0.00 90.00
obj 19999 -1845.56 117.02 14.20   0.00 0.00 90.00
obj 19999 -1848.06 117.02 14.20   0.00 0.00 90.00
obj 19999 -1843.22 118.08 14.20   0.00 0.00 90.00
obj 19999 -1845.63 118.07 14.20   0.00 0.00 90.00
obj 19999 -1848.13 118.07 14.20   0.00 0.00 90.00
obj 19999 -1843.40 120.03 14.20   0.00 0.00 90.00
obj 19999 -1845.61 120.03 14.20   0.00 0.00 90.00
obj 19999 -1848.11 120.03 14.20   0.00 0.00 90.00
obj 19999 -1843.40 121.32 14.20   0.00 0.00 90.00
obj 19999 -1845.61 121.32 14.20   0.00 0.00 90.00
obj 19999 -1848.11 121.32 14.20   0.00 0.00 90.00
obj 19999 -1843.12 123.86 14.20   0.00 0.00 90.00
obj 19999 -1845.61 123.90 14.20   0.00 0.00 90.00
obj 19999 -1848.11 123.90 14.20   0.00 0.00 90.00
obj 19999 -1843.15 124.89 14.20   0.00 0.00 90.00
obj 19999 -1845.65 124.89 14.20   0.00 0.00 90.00
obj 19999 -1848.14 124.89 14.20   0.00 0.00 90.00
obj 19805 -1836.11 120.49 16.02   0.00 0.00 270.00
obj 1491 -1838.44 125.59 14.17   0.00 0.00 0.00
obj 1491 -1850.95 128.56 14.17   0.00 0.00 90.00
obj 1491 -1849.32 126.12 14.17   0.00 0.00 137.00
obj 1491 -1840.67 136.89 17.55   0.00 0.00 0.00
obj 1491 -1846.89 136.91 17.55   0.00 0.00 0.00
obj 1491 -1855.05 137.56 17.55   0.00 0.00 0.00
obj 1491 -1858.11 137.50 17.55   0.00 0.00 0.00
obj 1491 -1853.22 133.55 17.55   0.00 0.00 0.00
obj 1491 -1845.81 133.51 17.55   0.00 0.00 0.00
obj 1491 -1839.87 133.53 17.63   0.00 0.00 0.00
obj 1491 -1839.67 121.09 17.55   0.00 0.00 0.00
obj 1491 -1847.16 121.08 17.55   0.00 0.00 0.00
obj 1491 -1853.34 121.10 17.56   0.00 0.00 0.00
obj 1491 -1835.95 134.47 17.55   0.00 0.00 90.00
obj 2627 -1836.97 116.65 17.55   0.00 0.00 90.00
obj 2627 -1839.59 116.65 17.55   0.00 0.00 90.00
obj 2627 -1842.21 116.65 17.55   0.00 0.00 90.00
obj 2628 -1844.59 116.67 17.54   0.00 0.00 90.00
obj 2628 -1847.02 116.67 17.54   0.00 0.00 90.00
obj 2628 -1849.45 116.67 17.54   0.00 0.00 90.00
obj 2630 -1851.93 116.55 17.55   0.00 0.00 90.00
obj 2630 -1853.99 116.55 17.55   0.00 0.00 90.00
obj 2630 -1856.05 116.55 17.55   0.00 0.00 90.00
obj 2517 -1832.55 127.15 17.55   0.00 0.00 180.00
obj 2525 -1835.21 127.65 17.55   0.00 0.00 90.00
obj 2525 -1835.33 129.33 17.55   0.00 0.00 90.00
obj 2525 -1835.29 131.48 17.52   0.00 0.00 90.00
obj 19378 -1836.70 142.23 20.83   0.00 90.00 90.00
obj 19378 -1836.71 131.75 20.83   0.00 90.00 90.00
obj 19378 -1836.70 121.27 20.83   0.00 90.00 90.00
obj 19378 -1846.20 131.74 20.83   0.00 90.00 90.00
obj 19378 -1846.20 121.26 20.83   0.00 90.00 90.00
obj 19378 -1855.71 141.97 20.83   0.00 90.00 90.00
obj 19378 -1855.71 131.75 20.83   0.00 90.00 90.00
obj 19378 -1855.71 121.25 20.83   0.00 90.00 90.00
obj 2566 -1842.91 129.86 18.00   0.00 0.00 180.00
obj 2566 -1849.30 129.86 18.00   0.00 0.00 180.00
obj 2566 -1854.92 124.64 18.00   0.00 0.00 0.00
obj 2566 -1847.93 124.61 18.00   0.00 0.00 0.00
obj 2566 -1841.02 124.69 18.00   0.00 0.00 0.00
obj 2566 -1859.61 144.55 18.05   0.00 0.00 0.00
obj 2566 -1854.67 144.53 17.97   0.00 0.00 0.00
obj 19313 -1864.90 117.09 24.00   0.00 0.00 90.00
obj 19313 -1864.90 131.09 24.00   0.00 0.00 90.00
obj 19913 -1864.99 133.36 31.05   0.00 0.00 90.00
obj 3267 -1834.87 145.49 20.46   0.00 0.00 -40.00
obj 3267 -1832.92 118.54 20.47   0.00 0.00 -40.00
obj 3267 -1858.92 145.23 20.49   0.00 0.00 11.00
obj 3267 -1858.65 118.54 20.44   0.00 0.00 135.00
obj 2131 -1832.58 138.61 17.55   0.00 0.00 270.00
obj 2164 -1832.17 142.58 17.55   0.00 0.00 -90.00
obj 2166 -1833.53 146.85 17.59   0.00 0.00 -90.00
obj 19999 -1833.61 145.74 17.55   0.00 0.00 -193.00
obj 19893 -1833.23 147.03 18.34   0.00 0.00 0.00
obj 19446 -1860.17 141.71 15.63   0.00 0.00 0.00
obj 19446 -1851.42 141.82 15.64   0.00 0.00 0.00
obj 19452 -1853.23 141.83 14.08   0.00 -90.00 0.00
obj 19452 -1858.38 141.80 14.08   0.00 -90.00 0.00
obj 19452 -1856.66 141.80 14.08   0.00 -90.00 0.00
obj 3499 -1859.57 146.60 11.95   0.00 0.00 0.00
obj 3515 -1823.18 170.66 18.36   0.00 0.00 0.00
obj 3524 -1816.05 155.18 15.88   0.00 0.00 130.00
obj 3524 -1816.56 170.83 15.88   0.00 0.00 44.00
obj 1364 -1847.48 139.74 18.20   0.00 0.00 0.00
obj 1364 -1843.75 139.71 18.20   0.00 0.00 0.00
obj 1361 -1850.06 139.67 18.27   0.00 0.00 0.00
obj 14834 -1840.89 142.69 14.45   0.00 0.00 0.00
obj 19425 -1855.55 168.00 14.11   0.00 0.00 0.00
obj 19425 -1853.32 137.97 14.17   0.00 0.00 0.00
obj 19425 -1853.29 142.81 14.16   0.00 0.00 0.00
obj 19425 -1858.28 142.63 14.17   0.00 0.00 0.00
obj 11726 -1850.54 139.49 16.94   0.00 0.00 0.00
obj 11726 -1842.19 139.45 16.94   0.00 0.00 0.00
obj 2527 -1832.78 131.10 17.51   0.00 0.00 0.00
obj 2526 -1835.14 126.24 17.53   0.00 0.00 0.00
obj 1208 -1832.41 129.75 17.54   0.00 0.00 93.00
obj 1661 -1836.34 142.52 20.35   0.00 0.00 0.00
obj 19805 -1836.29 147.30 19.36   0.00 0.00 0.00
obj 2564 -1838.78 140.52 17.54   0.00 0.00 90.00
obj 2564 -1836.71 129.92 17.53   0.00 0.00 180.00
obj 2198 -1840.78 121.90 17.51   0.00 0.00 130.00
obj 2123 -1840.16 123.38 18.13   0.00 0.00 40.00
obj 2181 -1843.14 122.40 17.55   0.00 0.00 -151.00
obj 1714 -1844.43 123.24 17.55   0.00 0.00 26.00
obj 2193 -1849.22 122.73 17.49   0.00 0.00 180.00
obj 1727 -1851.34 123.22 17.49   0.00 0.00 36.00
obj 2164 -1832.12 144.86 17.55   0.00 0.00 -90.00
obj 2064 -1844.37 132.29 14.80   0.00 0.00 180.00
obj 2064 -1848.42 134.91 14.80   0.00 0.00 180.00
obj 2064 -1845.82 135.67 14.80   0.00 0.00 180.00
obj 929 -1854.35 121.73 15.15   0.00 0.00 0.00
obj 929 -1851.08 120.51 15.15   0.00 0.00 0.00
obj 929 -1857.78 121.74 15.15   0.00 0.00 0.00
obj 929 -1855.41 125.71 15.15   0.00 0.00 0.00
obj 3279 -1824.17 152.29 14.10   0.00 0.00 -87.66
obj 3279 -1825.07 107.23 14.10   0.00 0.00 -268.74
