sell 10825 1497.5 -887.65 59.38 90 0 -164 
RemoveBuildingForPlayer playerid 3728 1501.5938 -905.5391 57   
RemoveBuildingForPlayer playerid 1690 1502.1484 -907.8438 65   
RemoveBuildingForPlayer playerid 3613 1501.5938 -905.5391 57   
RemoveBuildingForPlayer playerid 1688 1500.8984 -900.0313 65   
changeobj 1506 1505.55 -903.12 57.28 0 0 195 1502
changeobj 1506 1497 -897.09 57.34 0 0 195 1502
changeobj 1506 1505.19 -901.33 60.88 0 0 -165 1502
obj 19377 1500.48 -899.58 57.37 0 90 15 
obj 19377 1502.96 -908.89 57.37 0 90 15 
obj 19454 1498.3 -894.82 56.47 -66 90 15 
obj 19435 1508 -907.1 58.09 90 0 15 
obj 19435 1507.09 -903.73 58.09 90 0 15 
obj 19435 1506.21 -900.35 58.09 90 0 15 
obj 19435 1497.69 -909.86 58.09 90 0 15 
obj 19435 1496.79 -906.49 58.09 90 0 15 
obj 19435 1495.89 -903.08 58.09 90 0 15 
obj 19435 1494.97 -899.7 58.09 90 0 15 
obj 19379 1502.96 -908.89 57.55 0 90 15 
obj 19462 1497.11 -900.49 57.55 0 90 15 
obj 19408 1501.75 -904.14 59.03 0 0 105 
obj 19391 1504.84 -903.32 59.03 0 0 105 
obj 19435 1506.93 -903.78 58.09 90 0 15 
obj 19435 1507.83 -907.15 58.09 90 0 15 
obj 19435 1506.36 -902.18 59.03 0 0 15 
obj 19362 1506.3 -901.36 59.03 0 0 15 
obj 19435 1506.28 -902.2 59.03 0 0 11 
obj 19362 1505.47 -898.27 59.03 0 0 15 
obj 19454 1504.48 -894.63 55.67 114 0 15 
obj 19454 1497.9 -896.29 55.67 114 0 15 
obj 19362 1505.15 -896.54 59.03 0 0 15 
obj 19454 1498.25 -894.65 56.47 -66 90 15 
obj 19391 1496.29 -897.31 59.09 0 0 105 
obj 19362 1505.74 -899.84 59.03 0 0 15 
obj 19362 1504.89 -896.73 59.03 0 0 15 
obj 19362 1498.3 -898.45 59.03 0 0 15 
obj 19454 1497.1 -896.6 55.67 114 0 15 
obj 19362 1497.63 -898.67 59.03 0 0 15 
obj 19362 1498.86 -901.58 59.03 0 0 31 
obj 19435 1496.08 -896.59 57.71 0 90 15 
obj 19435 1495.7 -895.19 57.33 -28 90 15 
obj 19454 1494.4 -897.35 55.67 114 0 15 
obj 19435 1494.72 -898.91 58.09 90 0 15 
obj 19391 1497.3 -902.19 59.03 0 0 105 
obj 19362 1495.06 -899.19 59.03 0 0 15 
obj 19454 1499.62 -897.88 55.7 0 -24 105 
obj 19454 1500.22 -897.64 55.7 0 -24 105 
obj 19377 1504.15 -913.39 57.21 0 90 15 
obj 19377 1501.58 -904.11 57.21 0 90 15 
obj 19377 1500.88 -900.97 60.87 0 90 15 
obj 1502 1498.02 -901.97 57.28 0 0 -165 
obj 2708 1495.57 -899.57 57.64 0 0 105 
obj 2291 1496.11 -900.94 57.48 0 0 105 
obj 19391 1503.47 -906.69 59.03 0 0 105 
obj 19435 1496.05 -903.04 58.09 90 0 15 
obj 19435 1495.16 -899.66 58.09 90 0 15 
obj 19435 1496.94 -906.41 58.09 90 0 15 
obj 19435 1497.84 -909.79 58.09 90 0 15 
obj 19362 1501.26 -908.92 59.03 0 0 105 
obj 19435 1502.71 -907.77 59.03 0 0 15 
obj 19435 1499.46 -908.68 59.03 0 0 15 
obj 19435 1498.09 -908.3 59.03 0 0 105 
obj 19435 1499.31 -908.74 59.03 0 0 15 
obj 19435 1499.13 -908.77 59.03 0 0 15 
obj 19379 1504.21 -913.38 57.37 0 90 15 
obj 19435 1508.88 -910.47 58.09 90 0 15 
obj 19435 1508.72 -910.52 58.09 90 0 15 
obj 19435 1498.73 -913.18 58.09 90 0 15 
obj 19435 1498.57 -913.21 58.09 90 0 15 
obj 19443 1508.65 -911.02 59.03 0 0 15 
obj 19391 1504.61 -913.02 59.03 0 0 105 
obj 14387 1501.08 -912.41 58.59 0 0 -75 
obj 14387 1500.64 -910.55 59.79 0 0 -75 
obj 19362 1500.31 -912.47 58.55 0 55 105 
obj 19435 1502.62 -911.86 58.55 0 55 105 
obj 19362 1499.96 -910.83 59.63 0 55 105 
obj 19435 1502.12 -910.23 59.63 0 55 105 
obj 19435 1503.38 -911.45 59.03 0 0 15 
obj 19435 1505.77 -906.07 59.03 0 0 105 
obj 19391 1502.76 -909.14 59.03 0 0 15 
obj 19435 1502.54 -907.82 59.03 0 0 15 
obj 19435 1502.37 -907.87 59.03 0 0 15 
obj 19435 1502.22 -907.92 59.03 0 0 15 
obj 19435 1503.79 -913 59.03 0 0 15 
obj 19362 1507.7 -912.18 59.03 0 0 105 
obj 1491 1504.18 -906.5 57.28 0 0 195 
obj 19435 1500.26 -911.79 58.09 90 0 105 
obj 19435 1501.61 -911.5 58.09 90 0 105 
obj 2519 1500.29 -911.18 57.64 0 0 -165 
obj 2517 1498.59 -909.77 57.61 0 0 15 
obj 2514 1501.23 -910.97 57.62 0 0 -165 
obj 2515 1502.76 -910.43 58.4 0 0 -75 
obj 1491 1502.57 -908.45 57.28 0 0 285 
obj 1491 1505.35 -912.82 57.28 0 0 195 
obj 19362 1497.83 -910.1 59.03 0 0 15 
obj 19435 1498.45 -912.41 59.15 0 0 15 
obj 19362 1498.4 -911.58 59.15 0 0 15 
obj 19435 1497.8 -909.26 59.03 0 0 15 
obj 19443 1506.9 -911.5 57.73 0 90 15 
obj 19443 1505.29 -911.92 59.03 0 0 15 
obj 19466 1506.73 -910.75 59.45 0 0 105 
obj 19443 1508.09 -911.11 59.03 0 0 15 
obj 19443 1505.8 -911.7 59.03 0 0 15 
obj 19443 1506.9 -911.5 58.39 0 90 15 
obj 2313 1507.56 -911.04 57.8 0 0 -165 
obj 19443 1506.9 -911.5 60.49 0 90 15 
obj 19443 1506.9 -911.5 60.65 0 90 15 
obj 2229 1507.98 -910.75 57.82 0 0 -164 
obj 2229 1505.17 -911.55 57.82 0 0 -164 
obj 1726 1505.37 -906.83 57.64 0 0 15 
obj 19435 1506.76 -905.84 59.03 0 0 105 
obj 2311 1505.94 -907.88 57.62 0 0 15 
obj 1727 1505.08 -908.65 57.64 0 0 105 
obj 19175 1501.21 -908.82 59.05 0 0 -165 
obj 2270 1504.57 -905.77 58.75 0 0 -165 
obj 2269 1504.72 -912.02 58.92 0 0 -75 
obj 2266 1506.91 -913.01 59.07 0 0 15 
obj 2263 1508.18 -912.67 59.07 0 0 15 
obj 2254 1506.69 -905.97 59.54 0 0 15 
obj 2256 1505.1 -906.37 59.54 0 0 15 
obj 2272 1501.58 -907.84 58.79 0 0 -75 
obj 2281 1499.96 -908.35 58.79 0 0 105 
obj 2282 1498.24 -907.66 58.9 0 0 -165 
obj 19454 1506.74 -909.38 60.87 0 90 15 
obj 19454 1503.36 -910.26 60.87 0 90 15 
obj 19391 1501.67 -910.41 59.03 0 0 15 
obj 19435 1502.21 -912.18 59.33 -55 0 15 
obj 19435 1502.31 -912.71 59.03 0 0 15 
obj 19435 1502.58 -913.19 59.03 0 0 15 
obj 19435 1503.25 -913.86 59.03 0 0 105 
obj 19362 1499.17 -908.06 60.87 0 90 15 
obj 19466 1501.58 -904.19 59.45 0 0 105 
obj 19362 1508.42 -915.57 60.87 0 90 15 
obj 19377 1499.09 -894.85 57.21 0 90 15 
obj 19362 1505.05 -916.46 60.87 0 90 15 
obj 19362 1501.67 -917.35 60.87 0 90 15 
obj 19435 1501.03 -915.04 60.87 0 90 15 
obj 2026 1506.29 -907.87 60.78 0 0 0 
obj 2026 1499.67 -909.87 60.32 0 0 0 
obj 2026 1497.17 -900.47 60.78 0 0 0 
obj 1893 1497.5 -905.81 60.78 0 0 105 
obj 1893 1499.85 -906.84 60.78 0 0 193 
obj 1893 1505.91 -904.88 60.78 0 0 193 
obj 1893 1507.57 -915.05 60.78 0 0 193 
obj 1893 1502.92 -916.32 60.78 0 0 193 
obj 19435 1508.85 -910.46 60.81 90 0 15 
obj 19435 1508.68 -910.53 61.77 90 0 15 
obj 19435 1508.84 -910.47 61.77 90 0 15 
obj 19325 1509.65 -913.47 59.35 0 0 15 
obj 19435 1506.86 -903.29 59.03 0 0 15 
obj 19435 1507.94 -907.11 60.81 90 0 15 
obj 19435 1507.04 -903.75 60.81 90 0 15 
obj 19435 1507.79 -907.17 61.77 90 0 15 
obj 19435 1509 -910.43 61.77 90 0 15 
obj 19435 1507.96 -907.13 61.77 90 0 15 
obj 19435 1506.88 -903.8 61.77 90 0 15 
obj 19435 1507.06 -903.76 61.77 90 0 15 
obj 19435 1508.11 -907.06 61.77 90 0 15 
obj 19435 1507.21 -903.71 61.77 90 0 15 
obj 19435 1509.89 -913.81 61.77 90 0 15 
obj 19435 1509.71 -913.86 61.77 90 0 15 
obj 19435 1509.57 -913.89 61.77 90 0 15 
obj 19435 1509.99 -915.08 61.77 90 0 15 
obj 19325 1507.93 -907.06 59.35 0 0 15 
obj 2100 1508.31 -912.27 57.47 0 0 15 
obj 2103 1507.29 -912.54 57.64 0 0 18 
obj 19325 1507.32 -917.49 59.35 0 0 -75 
obj 19325 1503.55 -918.49 59.35 0 0 -75 
obj 19435 1508.84 -917.26 61.77 90 0 105 
obj 19435 1508.8 -917.11 61.77 90 0 105 
obj 19435 1505.48 -918.18 61.77 90 0 105 
obj 19435 1502.1 -919.09 61.77 90 0 105 
obj 19435 1505.41 -918 61.77 90 0 105 
obj 19435 1502.07 -918.93 61.77 90 0 105 
obj 19435 1500.02 -917.71 61.77 90 0 15 
obj 19435 1500.19 -917.65 61.77 90 0 15 
obj 19435 1499.87 -917.75 61.77 90 0 15 
obj 19435 1499.29 -914.28 61.77 90 0 15 
obj 19435 1499.11 -914.34 61.77 90 0 15 
obj 19435 1498.96 -914.38 61.77 90 0 15 
obj 19435 1498.06 -910.99 61.77 90 0 15 
obj 19435 1498.23 -910.95 61.77 90 0 15 
obj 19435 1498.39 -910.9 61.77 90 0 15 
obj 19435 1497.14 -907.62 61.77 90 0 15 
obj 19435 1497.29 -907.57 61.77 90 0 15 
obj 19435 1497.47 -907.52 61.77 90 0 15 
obj 19435 1496.24 -904.24 61.77 90 0 15 
obj 19435 1496.39 -904.2 61.77 90 0 15 
obj 19435 1496.57 -904.15 61.77 90 0 15 
obj 19391 1504.38 -901.13 62.64 0 0 105 
obj 19362 1501.29 -901.94 62.64 0 0 105 
obj 19435 1506.17 -901.37 62.64 0 0 15 
obj 19435 1506.35 -901.32 62.64 0 0 15 
obj 19435 1506.52 -901.28 62.64 0 0 15 
obj 19362 1499.42 -901.37 62.64 0 0 15 
obj 1893 1503.89 -901.53 60.78 0 0 193 
obj 1893 1503.04 -897.86 60.78 0 0 193 
obj 19362 1498.61 -898.26 62.64 0 0 15 
obj 2382 1495.34 -898.17 59.4 0 0 14 
obj 2394 1495.58 -899.03 59.44 0 0 104 
obj 19325 1499.57 -916.15 59.35 0 0 15 
obj 19325 1496.31 -903.96 59.35 0 0 15 
obj 19435 1496.38 -904.18 60.81 90 0 15 
obj 19435 1497.29 -907.56 60.81 90 0 15 
obj 19435 1495.51 -900.88 60.81 90 0 15 
obj 19435 1495.34 -900.87 61.77 90 0 15 
obj 19435 1495.52 -900.83 61.77 90 0 15 
obj 19435 1495.65 -900.78 61.77 90 0 15 
obj 19325 1498.01 -910.31 59.35 0 0 15 
obj 19435 1495.09 -899.33 61.77 90 0 15 
obj 14720 1496.5 -897.82 60.93 0 0 -75 
obj 19362 1496.45 -897.24 62.64 0 0 105 
obj 19435 1495.27 -899.28 61.77 90 0 15 
obj 19435 1498.24 -897.53 62.64 0 0 15 
obj 2222 1496.49 -901.91 62.02 0 0 0 
obj 19391 1497.84 -902.76 62.64 0 0 105 
obj 19435 1499.44 -902.19 62.64 0 0 15 
obj 19362 1498.84 -899.85 62.64 0 0 15 
obj 19462 1504.2 -913.36 61.03 0 90 15 
obj 19462 1507.55 -912.39 61.03 0 90 15 
obj 19370 1502.54 -907.15 61.03 0 90 15 
obj 19462 1498.37 -905.03 61.03 0 90 15 
obj 19443 1501.04 -915.07 61.03 0 90 15 
obj 19370 1501.67 -917.39 61.03 0 90 15 
obj 19370 1501.72 -904.05 61.03 0 90 15 
obj 19362 1501.33 -902.13 62.64 0 0 105 
obj 19362 1501.39 -902.3 62.64 0 0 105 
obj 19362 1501.46 -902.47 62.64 0 0 105 
obj 19391 1504.42 -901.3 62.64 0 0 105 
obj 19391 1504.47 -901.48 62.64 0 0 105 
obj 19391 1504.5 -901.63 62.64 0 0 105 
obj 19370 1505.91 -906.21 61.03 0 90 15 
obj 19370 1505.08 -903.1 61.03 0 90 15 
obj 3850 1503.01 -895.48 61.48 0 0 -75 
obj 3850 1499.67 -896.37 61.48 0 0 -75 
obj 3850 1505.14 -896.71 61.48 0 0 15 
obj 3850 1506.04 -900.05 61.48 0 0 15 
obj 19435 1499.76 -897.14 64.3 0 90 15 
obj 19435 1503.14 -896.22 64.3 0 90 15 
obj 19435 1499.76 -897.14 64.48 0 90 15 
obj 19435 1503.14 -896.22 64.48 0 90 15 
obj 19435 1504.71 -898.44 64.48 0 90 105 
obj 19435 1504.71 -898.44 64.3 0 90 105 
obj 19435 1505.6 -901.81 64.3 0 90 105 
obj 19435 1505.62 -901.81 64.48 0 90 105 
obj 19435 1505.6 -901.81 64.14 0 90 105 
obj 19435 1504.71 -898.44 64.12 0 90 105 
obj 19435 1503.14 -896.22 64.14 0 90 15 
obj 19435 1499.76 -897.14 64.14 0 90 15 
obj 19435 1505.6 -901.81 63.96 0 90 105 
obj 19435 1504.71 -898.44 63.96 0 90 105 
obj 19435 1503.14 -896.22 63.96 0 90 15 
obj 19435 1499.76 -897.14 63.96 0 90 15 
obj 3850 1500.95 -914.33 61.48 0 0 -75 
obj 1491 1498.56 -902.54 60.9 0 0 -165 
obj 5422 1501.9 -893.44 55.67 0 336 105 
obj 19370 1496.87 -898.78 61.03 0 90 15 
obj 19391 1505.33 -903.69 62.64 0 0 105 
obj 19362 1502.24 -904.51 62.64 0 0 105 
obj 19362 1501.45 -909.77 62.64 0 0 15 
obj 19391 1500.63 -906.68 62.64 0 0 15 
obj 19435 1499.94 -905.12 62.64 0 0 105 
obj 19362 1502.29 -912.86 62.64 0 0 15 
obj 19435 1502.92 -915.21 62.64 0 0 15 
obj 19391 1508.3 -914.57 62.64 0 0 105 
obj 19435 1505.98 -915.16 62.64 0 0 105 
obj 19435 1504.47 -915.58 62.64 0 0 105 
obj 19435 1503.09 -915.16 62.64 0 0 15 
obj 19435 1503.25 -915.12 62.64 0 0 15 
obj 19435 1503.42 -915.07 62.64 0 0 15 
obj 19435 1502.78 -913.69 62.64 0 0 32 
obj 1491 1509.01 -914.37 60.9 0 0 -165 
obj 3812 1507.8 -907.84 60.33 0 0 -165 
obj 2165 1500.34 -916.03 61.12 0 0 105 
obj 1663 1500.7 -915.32 61.55 0 0 286 
obj 19362 1507.02 -913.13 62.64 0 0 15 
obj 2253 1506.44 -912.78 57.9 0 0 14 
obj 1718 1500.02 -914.91 61.95 0 0 -256 
obj 2199 1505.01 -915.58 61.12 0 0 15 
obj 1742 1506.32 -915.06 61.12 0 0 15 
obj 1727 1509.41 -915.67 61.12 0 0 -75 
obj 19391 1506.2 -910.04 62.64 0 0 15 
obj 19408 1502.98 -909.29 62.64 0 0 105 
obj 19435 1505.3 -908.67 62.64 0 0 105 
obj 19362 1505.27 -906.98 62.64 0 0 15 
obj 19435 1504.67 -904.65 62.64 0 0 15 
obj 1491 1504.58 -903.9 60.9 0 0 -345 
obj 19466 1502.92 -909.3 62.58 0 0 105 
obj 19391 1503.97 -913.05 62.64 0 0 105 
obj 2519 1505.52 -914.71 61.12 0 0 15 
obj 2517 1503.89 -914.12 61.12 0 0 195 
obj 2514 1506.54 -913.55 61.12 0 0 -75 
obj 19435 1506.28 -912.42 62.64 0 0 105 
obj 1491 1503.22 -913.26 60.9 0 0 15 
obj 19466 1506.73 -910.75 59.45 0 0 105 
obj 2515 1506.24 -912.81 62.05 0 0 13 
obj 2299 1505.31 -910.23 61.12 0 0 105 
obj 1717 1506.32 -911.16 61.1 0 0 193 
obj 2141 1498.26 -899.33 61.06 0 0 -75 
obj 1417 1502.46 -912.06 61.38 0 0 106 
obj 19168 1501.75 -911.31 63.35 90 90 195 
obj 19169 1502.14 -912.75 63.35 90 90 195 
obj 19171 1502.14 -912.75 61.85 90 90 195 
obj 19170 1501.75 -911.31 61.85 90 90 195 
obj 19164 1501.37 -918.06 61.7 0 0 15 
obj 19172 1501.97 -911.25 63.34 0 0 105 
obj 19173 1507.24 -913.46 63.48 0 0 -75 
obj 19174 1505.4 -907.09 62.89 0 0 105 
obj 19175 1501.81 -904.51 62.85 0 0 -165 
obj 19159 1506.65 -909.54 60.6 0 0 11 
obj 2226 1504.37 -909.94 61.12 0 0 105 
obj 1808 1504.3 -909.24 61.12 0 0 13 
obj 1808 1504.86 -906.67 57.64 0 0 15 
obj 2102 1507.71 -907.4 58.12 0 0 -75 
obj 2421 1497.56 -897.3 61.89 0 0 15 
obj 1491 1505.98 -909.3 60.9 0 0 -75 
obj 1491 1500.4 -905.93 60.9 0 0 -75 
obj 2024 1501.14 -918.64 61.11 0 0 15 
obj 2381 1502.6 -909.04 61.86 0 0 14 
obj 2394 1502.42 -908.39 61.84 0 0 13 
obj 2371 1501.9 -908.83 61.1 0 0 -76 
obj 2392 1503.89 -904.66 61.82 0 0 105 
obj 2399 1500.93 -905.19 62.06 0 0 14 
obj 2386 1501.45 -908.08 61.22 0 0 104 
obj 2387 1504.06 -908.14 61.11 0 0 15 
obj 2375 1504.85 -905.83 61.01 0 0 -75 
obj 2372 1502.86 -905.09 61.1 0 0 -76 
obj 2383 1501.56 -905.03 62.06 0 0 -76 
obj 2384 1501.33 -907.61 61.22 0 0 104 
obj 2406 1504.69 -908.73 62.35 0 0 -164 
obj 2405 1504.13 -908.86 62.35 0 0 -164 
obj 1893 1507.19 -916.44 64.38 0 0 15 
obj 2026 1497.51 -900.28 64.38 0 0 0 
obj 1893 1502.51 -917.66 64.38 0 0 15 
obj 1893 1498.67 -907.89 64.38 0 0 15 
obj 1893 1503.34 -903.2 64.38 0 0 15 
obj 1893 1497.75 -904.54 64.38 0 0 15 
obj 2026 1505.31 -914.27 64.38 0 0 0 
obj 2026 1504.18 -910.9 64.38 0 0 0 
obj 2026 1503.02 -906.59 64.38 0 0 0 
obj 1893 1505.73 -906.03 64.38 0 0 15 
obj 1893 1506.78 -909.85 64.38 0 0 15 
obj 1893 1507.83 -913.86 64.38 0 0 15 
obj 19435 1509.99 -915.08 64.39 90 0 15 
obj 19435 1509.71 -913.86 64.39 90 0 15 
obj 19435 1508.81 -910.5 64.39 90 0 15 
obj 19435 1507.92 -907.13 64.39 90 0 15 
obj 19435 1506.99 -903.76 64.39 90 0 15 
obj 19435 1500.02 -917.71 64.39 90 0 15 
obj 19435 1499.11 -914.34 64.39 90 0 15 
obj 19435 1498.22 -910.97 64.39 90 0 15 
obj 19435 1497.32 -907.6 64.39 90 0 15 
obj 19435 1496.42 -904.24 64.39 90 0 15 
obj 19435 1495.51 -900.88 64.39 90 0 15 
obj 19362 1495.24 -899.13 63.4 0 0 15 
obj 19362 1495.08 -899.17 63.4 0 0 15 
obj 19362 1494.91 -899.22 63.4 0 0 15 
obj 19362 1494.82 -899.25 63.4 0 0 15 
obj 19435 1502.1 -919.09 64.39 90 0 105 
obj 19435 1502.07 -918.93 64.39 90 0 105 
obj 19435 1505.41 -918 64.39 90 0 105 
obj 19435 1505.48 -918.18 64.39 90 0 105 
obj 19435 1508.8 -917.11 64.39 90 0 105 
obj 19435 1508.84 -917.28 64.39 90 0 105 
obj 19377 1504.15 -913.39 64.47 0 90 15 
obj 19454 1498.37 -904.97 64.47 0 90 15 
obj 19362 1496.71 -898.77 64.47 0 90 15 
obj 19362 1502.57 -907.16 64.47 0 90 15 
obj 19362 1501.74 -904.07 64.47 0 90 15 
obj 19362 1505.94 -906.27 64.47 0 90 15 
obj 19362 1505.11 -903.17 64.47 0 90 15 
obj 19325 1507.29 -917.6 62.97 0 0 -75 
obj 19325 1503.63 -918.59 62.97 0 0 -75 
obj 19325 1499.55 -916.14 19362 0 0 15 
obj 19325 1499.67 -916.21 62.97 0 0 15 
obj 19325 1497.96 -909.81 62.97 0 0 15 
obj 19325 1496.25 -903.43 62.97 0 0 15 
obj 19325 1509.61 -913.55 62.97 0 0 15 
obj 19325 1507.89 -907.15 62.97 0 0 15 
obj 19325 1506.71 -902.75 61.01 90 0 15 
obj 2774 1505.41 -910.42 44.19 0 0 15 
obj 2774 1501.17 -911.54 44.19 0 0 15 
obj 1687 1504.85 -915.95 65.35 0 0 18 
obj 1690 1505.52 -908.83 65.22 0 0 -165 
obj 19372 1504.72 -895.18 55.67 0 0 15 
obj 19372 1494.48 -898.05 55.55 0 0 15 
obj 19454 1499.33 -901.61 59.03 0 0 15 
obj 19454 1499.49 -901.56 59.03 0 0 15 
obj 19435 1499.85 -917.76 64.39 90 0 15 
obj 19435 1498.94 -914.39 64.39 90 0 15 
obj 19435 1498.05 -911.02 64.39 90 0 15 
obj 19435 1497.17 -907.67 64.39 90 0 15 
obj 19435 1496.28 -904.29 64.39 90 0 15 
obj 19435 1495.39 -900.93 64.39 90 0 15 
