sell 10825 -158.59 -908.89 37.86 90 0 149 
changeobj 1506 -175.44 -919.31 36.95 0 0 -28 1502
changeobj 1506 -165.12 -914.12 36.95 0 0 -31 1502
changeobj 1506 -163.7 -914.96 36.95 0 0 -28 1502
changeobj 1506 -162.4 -915.66 36.95 0 0 -28 1502
changeobj 1506 -169.55 -913.5 36.95 0 0 60 1502
obj 740 -163.07 -911.75 19.65 0 0 0 
obj 19462 -158.68 -912.14 38.64 0 0 -29 
obj 19379 -163.11 -909.76 36.86 0 90 -29 
obj 19379 -176.94 -913.09 36.86 0 90 -29 
obj 19379 -167.76 -918.15 36.86 0 90 -29 
obj 19462 -163.31 -920.56 38.64 0 0 -29 
obj 19462 -161.43 -910.81 38.64 0 0 150 
obj 19462 -169.32 -911.79 38.64 0 0 241 
obj 19462 -167.74 -907.34 38.64 0 0 151 
obj 19462 -169.91 -922.4 38.64 0 0 241 
obj 19462 -179.65 -916.98 38.64 0 0 241 
obj 19462 -175.07 -908.59 38.64 0 0 241 
obj 19462 -181.56 -910.47 38.64 0 0 -29 
obj 19443 -159.74 -906.35 38.64 0 0 60 
obj 19443 -161.06 -905.6 38.64 0 0 60 
obj 19443 -162.38 -904.85 38.64 0 0 60 
obj 19443 -163.76 -904.05 38.64 0 0 60 
obj 19443 -164.69 -903.52 38.64 0 0 60 
obj 19462 -176.46 -922.36 36.88 0 90 331 
obj 19462 -178.8 -922.95 38.64 0 0 -29 
obj 19462 -175.74 -924.62 38.64 0 0 -29 
obj 19443 -179.16 -927.23 36.89 0 90 152 
obj 19443 -181.24 -932.37 38.64 0 0 62 
obj 19443 -182.6 -931.64 38.64 0 0 62 
obj 19443 -179.97 -928.59 36.95 0 90 152 
obj 19443 -180.26 -929.12 37.07 0 90 152 
obj 19443 -180.72 -929.99 37.17 0 90 152 
obj 19443 -181.48 -931.39 37.17 0 90 152 
obj 19443 -180.96 -932.49 38.64 0 0 62 
obj 19462 -178 -928.7 38.64 0 0 -29 
obj 19462 -181.09 -927.1 38.64 0 0 -29 
obj 2517 -181.04 -932.76 37.24 0 0 -27 
obj 2519 -182.54 -930.89 37.31 0 0 -27 
obj 2739 -179.05 -924.66 36.98 0 0 64 
obj 2525 -176.35 -924.55 36.98 0 0 -119 
obj 2613 -176.07 -918.2 36.94 0 0 0 
obj 2690 -173.9 -920.51 37.28 0 0 0 
obj 2525 -175.29 -922.61 36.98 0 0 -119 
obj 2739 -178.01 -922.8 36.98 0 0 64 
obj 2739 -177.19 -921.28 36.98 0 0 64 
obj 1828 -163.67 -911.72 36.95 0 0 -120 
obj 2224 -168.66 -911.67 36.98 0 0 70 
obj 2296 -163.08 -904.91 36.95 0 0 -30 
obj 2100 -165.07 -904.38 36.93 0 0 -25 
obj 1799 -165.62 -910.83 36.98 0 0 61 
obj 1808 -159.57 -906.94 36.96 0 0 -31 
obj 2254 -160.82 -909.52 38.83 0 0 -120 
obj 1723 -162.91 -908.67 36.88 0 0 150 
obj 16151 -179.07 -915.91 37.28 0 0 -118 
obj 16152 -174.5 -910.17 36.93 0 0 61 
obj 19462 -171.88 -917.69 38.64 0 0 -29 
obj 2183 -165.6 -918.89 36.95 0 0 -209 
obj 1714 -165.79 -917.82 36.93 0 0 -27 
obj 1714 -167.37 -916.95 36.93 0 0 33 
obj 1714 -168.9 -919.54 36.93 0 0 149 
obj 1714 -167.35 -920.44 36.93 0 0 149 
obj 2190 -167.7 -918.81 37.79 0 0 -62 
obj 2190 -166.17 -919.51 37.77 0 0 -62 
obj 2190 -166.52 -918.61 37.74 0 0 105 
obj 2190 -168.14 -917.93 37.74 0 0 105 
obj 2251 -165.74 -919.41 38.61 0 0 0 
obj 2251 -168.91 -918.25 38.6 0 0 0 
obj 2252 -165.92 -919.88 38.04 0 0 0 
obj 2252 -168.54 -917.69 38.04 0 0 0 
obj 2198 -165.37 -922.99 36.95 0 0 -118 
obj 2198 -163.87 -920.33 36.95 0 0 -118 
obj 2198 -168.32 -922.59 36.95 0 0 -210 
obj 2198 -171.18 -921 36.95 0 0 -208 
obj 2251 -172.78 -920.17 37.8 0 0 0 
obj 2198 -171.44 -918.19 36.95 0 0 -299 
obj 2198 -170.11 -915.84 36.95 0 0 -299 
obj 1715 -169.06 -915.75 36.93 0 0 -89 
obj 1715 -170.26 -918.15 36.93 0 0 -120 
obj 1715 -171.26 -919.95 36.93 0 0 -33 
obj 1715 -168.4 -921.51 36.93 0 0 -21 
obj 1715 -166.34 -922.81 36.93 0 0 -21 
obj 1715 -164.93 -920.49 36.93 0 0 76 
obj 19379 -163.18 -909.59 40.34 0 90 -29 
obj 19379 -167.85 -918.02 40.34 0 90 -29 
obj 19379 -176.97 -912.91 40.34 0 90 -29 
obj 19462 -177.17 -923.78 40.32 0 90 331 
obj 19443 -179.95 -928.53 40.31 0 90 152 
obj 19443 -180.66 -929.95 40.31 0 90 152 
obj 19443 -181.51 -931.36 40.31 0 90 152 
obj 2690 -158.86 -906.83 37.28 0 0 0 
obj 2690 -156.64 -907.97 37.28 0 0 0 
