sell 10825 788.3 -1882.6 3.41 84 0 180 
changeobj 1506 789.77 -1883.59 2.41 0 0 -179.94 1502
changeobj 1506 786.75 -1883.61 2.41 0 0 -360.48 1502
changeobj 1506 779.37 -1906.83 2.41 0 0 -360.48 1502
changeobj 1506 779.3 -1926.16 3.58 0 0 0 1502
changeobj 1506 778.48 -1944.15 3.57 0 0 90.06 1502
changeobj 1506 757.5 -1944.45 3.57 0 0 90.06 1502
changeobj 1506 778.39 -1921.52 2.41 0 0 89 1502
changeobj 1506 778.39 -1918.54 2.41 0 0 -91 1502
obj 19378 794.15 -1882.87 2.33 0 90 0 
obj 19378 783.67 -1882.87 2.33 0 90 0 
obj 19378 783.67 -1892.49 2.33 0 90 0 
obj 19378 794.17 -1892.49 2.33 0 90 0 
obj 19377 794.16 -1902.12 5.88 0 90 0 
obj 19378 783.71 -1902.12 2.33 0 90 0 
obj 19378 783.66 -1911.74 2.33 0 90 0 
obj 19378 783.65 -1921.37 2.33 0 90 0 
obj 19377 788.85 -1921.41 -1.67 0 0 0 
obj 19377 788.85 -1911.78 -1.67 0 0 0 
obj 19377 760.32 -1921 4.8 0 0 0 
obj 19377 760.34 -1912.95 4.8 0 0 0 
obj 19379 783.37 -1926.19 -1.67 0 0 90 
obj 19379 793.68 -1906.87 -2.83 0 0 90 
obj 19379 794.59 -1906.89 -2.83 0 0 90 
obj 19379 778.44 -1902.12 -2.83 0 0 0 
obj 19379 778.47 -1892.52 -2.83 0 0 0 
obj 19379 778.44 -1882.91 -2.83 0 0 0 
obj 19379 799.34 -1884.02 -2.83 0 0 0 
obj 19379 799.35 -1893.66 -2.83 0 0 0 
obj 19379 799.35 -1902.12 -2.83 0 0 0 
obj 14394 782.44 -1925.03 2.76 0 0 -89.7 
obj 19377 786.36 -1921.35 -1.67 0 0 0 
obj 19378 783.69 -1930.95 3.5 0 90 0 
obj 19378 794.19 -1930.93 3.5 0 90 0 
obj 19378 794.17 -1940.55 3.5 0 90 0 
obj 19378 783.7 -1940.55 3.5 0 90 0 
obj 19379 778.47 -1930.97 -1.67 0 0 0 
obj 19379 778.48 -1940.56 -1.67 0 0 0 
obj 19379 799.36 -1930.93 -1.67 0 0 0 
obj 19379 799.36 -1940.56 -1.67 0 0 0 
obj 19379 792.9 -1945.35 -1.67 0 0 90 
obj 19379 794.63 -1945.35 -1.67 0 0 90 
obj 19379 794.62 -1926.18 -1.67 0 0 90 
obj 19379 789.97 -1926.19 -1.67 0 0 90 
obj 19379 783.27 -1945.33 -1.67 0 0 90 
obj 19454 799.25 -1902.12 4.17 0 0 0 
obj 19325 795.87 -1906.73 3.85 0 0 90 
obj 3498 792.59 -1906.79 1.41 0 0 0 
obj 19325 789.5 -1906.76 3.85 0 0 90 
obj 19377 788.86 -1911.59 -1.67 0 0 0 
obj 19325 799.22 -1894.05 3.86 0 0 0 
obj 3498 799.18 -1890.55 1.41 0 0 0 
obj 19325 799.22 -1886.95 3.86 0 0 0 
obj 3498 799.22 -1883.59 1.41 0 0 0 
obj 19454 794.57 -1883.61 4.17 0 0 90 
obj 19325 783.44 -1883.62 3.85 0 0 90 
obj 3498 779.98 -1883.62 1.41 0 0 0 
obj 3498 788.93 -1907.2 1.41 0 0 0 
obj 19435 779.31 -1883.55 4.17 0 0 90 
obj 3498 799.22 -1906.82 1.41 0 0 0 
obj 19454 785.85 -1906.82 4.17 0 0 90 
obj 19391 780.15 -1906.81 4.17 0 0 89.94 
obj 3498 778.7 -1907.11 1.41 0 0 0 
obj 19454 778.62 -1902.12 4.17 0 0 0 
obj 19454 778.62 -1888.29 4.17 0 0 0 
obj 3498 778.79 -1883.61 1.41 0 0 0 
obj 19325 778.57 -1894.59 3.86 0 0 0 
obj 19450 788.61 -1892.96 4.17 0 0 90 
obj 19450 788.44 -1902.48 4.17 0 0 90 
obj 1710 790.27 -1901.7 2.41 0 0 -179.28 
obj 1710 791.32 -1897.07 2.41 0 0 -90.12 
obj 1710 785.72 -1900.73 2.41 0 0 -269.76 
obj 2236 787.87 -1894.57 2.41 0 0 0 
obj 1786 788.25 -1893.88 2.91 0 0 0 
obj 19378 788.43 -1897.75 2.42 0 90 0 
obj 19454 783.88 -1888.12 4.17 0 0 0 
obj 3498 783.95 -1883.39 1.41 0 0 0 
obj 14720 780.22 -1884.38 2.41 0 0 -91.32 
obj 2232 789.59 -1894.13 2.5 0 0 0.9 
obj 2232 787.24 -1894.2 2.5 0 0 0.9 
obj 2311 787.83 -1898.32 2.51 0 0 0 
obj 2311 787.82 -1899.28 2.51 0 0 0 
obj 2827 789.17 -1898.37 3.01 0 0 0 
obj 2826 788.09 -1898.5 3.01 0 0 0 
obj 2825 788.81 -1899.05 3.01 0 0 0 
obj 19325 785.22 -1892.96 3.85 0 0 90 
obj 19391 780.31 -1892.91 4.17 0 0 89.94 
obj 1491 779.52 -1892.96 2.41 0 0 -0.12 
obj 19325 793.37 -1889.65 3.86 0 0 0 
obj 3498 793.24 -1892.85 1.41 0 0 0 
obj 3498 783.83 -1892.92 1.41 0 0 0 
obj 3499 785.28 -1901.76 0.42 0 0 0 
obj 3499 791.46 -1901.77 0.47 0 0 0 
obj 19391 793.29 -1885.21 4.17 0 0 0.36 
obj 1491 793.31 -1884.43 2.41 0 0 -88.92 
obj 2745 798.44 -1898.57 3.59 0 0 -90.78 
obj 2745 798.14 -1890.71 3.59 0 0 -90.78 
obj 2745 798.36 -1884.29 3.59 0 0 -90.78 
obj 2745 798.02 -1905.69 3.59 0 0 -90.78 
obj 19425 788.19 -1883.98 2.41 0 0 0 
obj 970 786.36 -1923.71 4.11 0 0 89.88 
obj 970 778.42 -1923.73 2.91 0 0 89.88 
obj 970 788.87 -1923.79 4.11 0 0 89.88 
obj 19378 773.25 -1940.48 2.33 0 90 0 
obj 14394 777.39 -1941.35 2.76 0 0 -0.6 
obj 19377 773.78 -1945.27 -1.67 0 0 90 
obj 19377 773.69 -1937.33 -1.67 0 0 90 
obj 19378 762.75 -1940.49 2.33 0 90 0 
obj 19377 773.58 -1935.65 -2.83 0 0 90 
obj 19377 764 -1932.36 -1.65 0 -40 90 
obj 19377 762.4 -1932.38 -1.65 0 -40 90 
obj 19377 764.08 -1948.63 -1.65 0 -40 269.7 
obj 19377 762.33 -1948.62 -1.65 0 -40 269.7 
obj 19379 757.55 -1940.43 -1.67 0 0 0 
obj 19378 752.48 -1940.42 3.5 0 90 0 
obj 14394 758.56 -1940.59 2.76 0 0 -180 
obj 19377 761.56 -1936.55 -1.67 0 0 90 
obj 19377 761.45 -1944.49 -1.67 0 0 90 
obj 970 759.82 -1936.62 4.13 0 0 0 
obj 970 760 -1944.49 4.13 0 0 0 
obj 19379 747.23 -1940.49 -1.67 0 0 0 
obj 970 776.04 -1945.24 4.13 0 0 0 
obj 970 776.1 -1937.36 4.13 0 0 0 
obj 970 776.12 -1935.67 2.94 0 0 0 
obj 970 771.79 -1935.68 2.94 0 0 0 
obj 19379 752.77 -1935.64 -1.67 0 0 90 
obj 19379 752.01 -1935.63 -1.67 0 0 90 
obj 19379 752.85 -1945.22 -1.67 0 0 90 
obj 19379 751.93 -1945.24 -1.67 0 0 90 
obj 19377 783.71 -1902.12 5.88 0 90 0 
obj 19378 794.16 -1902.12 2.33 0 90 0 
obj 19377 794.17 -1892.49 5.88 0 90 0 
obj 19377 794.17 -1888.44 5.88 0 90 0 
obj 19377 783.67 -1892.49 5.88 0 90 0 
obj 19378 794.16 -1902.12 6.01 0 90 0 
obj 19378 794.16 -1902.12 6.13 0 90 0 
obj 19378 783.71 -1902.12 6.01 0 90 0 
obj 19378 783.71 -1902.12 6.13 0 90 0 
obj 19378 783.67 -1892.49 6.01 0 90 0 
obj 19378 783.67 -1892.49 6.13 0 90 0 
obj 19378 783.67 -1892.49 6.25 0 90 0 
obj 19378 794.17 -1888.44 6.01 0 90 0 
obj 19378 794.17 -1888.44 6.13 0 90 0 
obj 19378 794.17 -1888.44 6.25 0 90 0 
obj 19378 794.17 -1892.49 6.01 0 90 0 
obj 19378 794.17 -1892.49 6.13 0 90 0 
obj 19378 794.17 -1892.49 6.25 0 90 0 
obj 19378 783.79 -1888.41 6.01 0 90 0 
obj 19377 783.79 -1888.43 5.88 0 90 0 
obj 19378 783.79 -1888.39 6.13 0 90 0 
obj 2627 787.1 -1909.5 2.41 0 0 0 
obj 1360 787.9 -1924.27 3.03 0 0 0 
obj 1360 787.82 -1921.27 3.03 0 0 0 
obj 1360 787.77 -1918.44 3.03 0 0 0 
obj 1360 776.54 -1936.46 3.03 0 0 -90.24 
obj 1360 773.39 -1936.48 3.03 0 0 -90.24 
obj 1360 770.15 -1936.51 3.03 0 0 -90.24 
obj 1281 784.96 -1912.7 3.21 0 0 0 
obj 19325 796.13 -1926.15 5.01 0 0 90 
obj 19454 799.36 -1930.94 5.33 0 0 0.06 
obj 3498 799.23 -1926.26 2.57 0 0 0 
obj 3498 792.66 -1926.13 2.57 0 0 0 
obj 19325 789.43 -1926.18 5.01 0 0 90 
obj 19454 786.27 -1926.14 5.33 0 0 90 
obj 19391 780.05 -1926.13 5.32 0 0 -90.12 
obj 3498 778.44 -1926.1 2.57 0 0 0 
obj 19325 799.45 -1942 5.01 0 0 0 
obj 3498 799.27 -1938.65 2.57 0 0 0 
obj 3498 799.35 -1945.31 2.57 0 0 0 
obj 19325 799.41 -1935.07 5.01 0 0 0.3 
obj 19325 795.88 -1945.4 5.01 0 0 90 
obj 3498 792.57 -1945.3 2.57 0 0 0 
obj 19325 788.98 -1945.4 5.01 0 0 90 
obj 3498 785.59 -1945.39 2.57 0 0 0 
obj 19325 781.94 -1945.39 5.01 0 0 90 
obj 3498 778.64 -1945.2 2.57 0 0 0 
obj 19454 778.5 -1937.04 5.33 0 0 0.06 
obj 19391 778.51 -1943.42 5.32 0 0 -179.82 
obj 19325 778.4 -1929.58 5.01 0 0 0.3 
obj 19454 788.99 -1931 5.33 0 0 0.06 
obj 19325 789.07 -1942.07 5.01 0 0 0.3 
obj 19391 789 -1937.14 5.32 0 0 -179.82 
obj 1491 788.98 -1936.42 3.57 0 0 -90.12 
obj 16151 787.67 -1930.87 3.92 0 0 0 
obj 1710 789.56 -1935.23 3.58 0 0 89.34 
obj 1710 789.55 -1930.41 3.58 0 0 89.34 
obj 19128 794.28 -1930.82 3.58 0 0 0 
obj 19128 794.3 -1935.88 3.58 0 0 0 
obj 19128 794.43 -1941.03 3.58 0 0 0 
obj 2746 779.49 -1930.04 4.19 0 0 0 
obj 2100 798.9 -1944.49 3.58 0 0 -138.9 
obj 2099 790.09 -1944.63 3.58 0 0 -221.88 
obj 2099 792.34 -1926.63 3.58 0 0 -346.32 
obj 2100 798.54 -1926.79 3.58 0 0 -407.4 
obj 2747 779.58 -1928.57 4.19 0 0 0 
obj 2747 779.58 -1931.86 4.19 0 0 0 
obj 2746 779.41 -1933.39 4.19 0 0 0 
obj 2747 779.69 -1935.37 4.19 0 0 0 
obj 2746 779.54 -1936.94 4.19 0 0 0 
obj 2747 779.65 -1941.73 4.19 0 0 0 
obj 2747 779.67 -1938.72 4.19 0 0 0 
obj 1281 772.02 -1939.51 3.21 0 0 0 
obj 1281 763.67 -1938.51 3.21 0 0 0 
obj 1281 763.7 -1942.6 3.21 0 0 0 
obj 19325 754.3 -1935.65 5.01 0 0 90 
obj 3498 757.64 -1935.73 2.57 0 0 0 
obj 19325 757.57 -1939.22 5.01 0 0 0.3 
obj 19391 757.52 -1943.68 5.32 0 0 -179.82 
obj 19378 783.68 -1940.55 7.11 0 90 0 
obj 19378 794.17 -1940.55 7.11 0 90 0 
obj 19378 794.19 -1930.93 7.11 0 90 0 
obj 19378 783.69 -1930.95 7.11 0 90 0 
obj 19378 794.17 -1940.55 7.24 0 90 0 
obj 19378 783.7 -1940.55 7.24 0 90 0 
obj 19378 794.21 -1930.93 7.24 0 90 0 
obj 19378 783.67 -1930.95 7.24 0 90 0 
obj 19378 783.69 -1930.95 7.38 0 90 0 
obj 19378 794.21 -1930.93 7.38 0 90 0 
obj 19378 794.17 -1940.55 7.38 0 90 0 
obj 19378 783.68 -1940.54 7.38 0 90 0 
obj 19454 747.25 -1940.44 5.33 0 0 0.06 
obj 19454 752.04 -1935.63 5.33 0 0 90 
obj 3498 747.32 -1935.57 2.57 0 0 0 
obj 19325 750.64 -1945.21 5.01 0 0 90 
obj 3498 757.46 -1945.18 2.57 0 0 0 
obj 3498 754.01 -1945.2 2.57 0 0 0 
obj 19408 755.89 -1945.19 5.33 0 0 91.38 
obj 19466 755.88 -1945.17 5.47 0 0 91.5 
obj 1725 755.02 -1939.24 3.58 0 0 0 
obj 14455 747.36 -1938 5.08 0 0 -89.1 
obj 14455 778.72 -1899.57 3.58 0 0 -89.1 
obj 1999 748.5 -1936.21 3.58 0 0 0 
obj 1806 749.13 -1937.49 3.57 0 0 0 
obj 1710 748.61 -1942.05 3.58 0 0 0 
obj 3498 747.18 -1945.28 2.57 0 0 0 
obj 2311 748.89 -1944.23 3.58 0 0 0 
obj 2131 751.71 -1936.07 3.58 0 0 0 
obj 19378 752.48 -1940.42 7.11 0 90 0 
obj 19378 752.48 -1940.42 7.24 0 90 0 
obj 19378 752.48 -1940.42 7.38 0 90 0 
obj 19378 752.48 -1940.42 7.51 0 90 0 
obj 19378 752.48 -1940.42 7.65 0 90 0 
obj 2746 779.48 -1940.06 4.19 0 0 0 
obj 19378 765.59 -1912.84 10 0 90 0 
obj 19378 765.59 -1921.02 9.98 0 90 0 
obj 19378 772.57 -1920.96 9.96 0 90 0 
obj 19378 772.61 -1912.83 9.98 0 90 0 
obj 19379 765.06 -1908.11 4.8 0 0 -90 
obj 19379 773.42 -1908.09 4.8 0 0 -90 
obj 19379 765 -1925.78 4.8 0 0 -90 
obj 19379 773.34 -1925.86 4.8 0 0 -90 
obj 19377 778.29 -1913.01 4.82 0 0 0 
obj 19377 773.49 -1912.3 -2.83 0 0 90 
obj 19378 772.63 -1917.13 -3.18 0 90 0 
obj 19379 773.36 -1925.79 -5.18 0 0 -90 
obj 19378 772.63 -1921.16 -3.16 0 90 0 
obj 19379 765.08 -1908.05 -5.2 0 0 -90 
obj 19379 765.28 -1925.81 -5.2 0 0 -90 
obj 19378 765.81 -1921.14 -3.18 0 90 0 
obj 19377 760.32 -1921 -5.2 0 0 0 
obj 19378 765.81 -1916.41 -3.2 0 90 0 
obj 19377 760.34 -1912.95 -5.2 0 0 0 
obj 19377 778.35 -1911.68 -5.2 0 0 0 
obj 19377 778.24 -1926.46 -5.2 0 0 0 
obj 19377 778.2 -1917.62 -3.42 0 0 0 
obj 19377 765.16 -1912.3 -2.85 0 0 90 
obj 19325 763.67 -1910.13 0.1 0 -91 -91 
obj 19325 770.31 -1910.22 0.1 0 -91 -91 
obj 19325 775.36 -1910.21 0.1 0 -91 -91 
obj 19377 778.23 -1926.33 4.82 0 0 0 
obj 19325 778.27 -1919.24 8 0 0 0 
obj 19325 778.29 -1919.34 6.94 0 0 0 
obj 19378 780.13 -1917.18 2.31 0 90 0 
obj 19378 780.13 -1921.02 2.29 0 90 0 
obj 19466 778.37 -1917.43 3.35 0 0 0 
obj 19466 778.37 -1917.43 5.27 0 0 0 
