sell 10825 2082.69 578.89 10.6 89 6 166.68 
changeobj 1506 2082.11 573.52 9.66 0 0 0 1502
changeobj 1506 2070.98 566.29 13.24 0 0 -90.24 1502
obj 19378 2088.78 578.32 9.57 0 90 0 
obj 19378 2078.43 578.32 9.57 0 90 0 
obj 19454 2089.26 573.54 11.42 0 0 -89.76 
obj 19391 2082.84 573.51 11.42 0 0 -89.7 
obj 19454 2076.48 573.47 11.42 0 0 -89.76 
obj 19378 2076.95 568.58 9.57 0 90 0 
obj 19378 2087.31 568.76 9.57 0 90 0 
obj 19378 2088.8 568.55 9.57 0 90 0 
obj 19378 2088.79 559.16 9.57 0 90 0.66 
obj 19378 2078.52 559.15 9.57 0 90 0 
obj 19378 2076.87 559.16 9.57 0 90 0 
obj 19454 2094.07 568.82 11.42 0 0 -180.6 
obj 19325 2094.04 560.84 11.7 0 0 0 
obj 19378 2066.72 568.58 9.57 0 90 0 
obj 19378 2066.61 559.17 9.57 0 90 0.24 
obj 19454 2066.93 573.39 11.42 0 0 -89.76 
obj 19454 2066.19 573.37 11.42 0 0 -89.76 
obj 19454 2061.43 568.54 11.42 0 0 -180.48 
obj 19454 2061.35 559.09 11.42 0 0 -180.06 
obj 19454 2066.07 554.33 11.42 0 0 -89.76 
obj 19454 2075.62 554.36 11.42 0 0 -89.76 
obj 19454 2085.21 554.39 11.42 0 0 -89.76 
obj 19454 2089.33 554.43 11.42 0 0 -89.76 
obj 19325 2094.06 557.86 11.7 0 0 0.24 
obj 15036 2092.37 568.25 10.8 0 0 -90 
obj 2808 2092.82 555.03 10.36 0 0 0.6 
obj 2763 2092.94 556.07 10.06 0 0 0 
obj 2808 2092.9 557.07 10.36 0 0 180.6 
obj 2808 2092.87 557.94 10.36 0 0 0.6 
obj 2763 2092.77 559.19 10.06 0 0 0 
obj 2808 2092.95 560.36 10.36 0 0 180.6 
obj 2808 2092.92 561.2 10.36 0 0 0.6 
obj 2763 2092.8 562.55 10.06 0 0 0.18 
obj 2808 2092.8 563.91 10.36 0 0 180.6 
obj 2221 2092.89 562.3 10.56 0 0 -91.14 
obj 2221 2092.95 562.89 10.56 0 0 -91.14 
obj 2221 2092.85 558.97 10.56 0 0 -91.14 
obj 2221 2092.84 559.47 10.56 0 0 -91.14 
obj 2221 2093.02 555.88 10.56 0 0 -91.14 
obj 2221 2093.05 556.36 10.56 0 0 -91.14 
obj 16151 2062.55 560.07 10 0 0 -179.1 
obj 1545 2061.5 561.35 11.55 0 0 89.1 
obj 1543 2063.45 558.5 10.63 0 0 0 
obj 1543 2063.44 559.15 10.63 0 0 0 
obj 1543 2063.43 559.65 10.63 0 0 0 
obj 1543 2063.4 560.26 10.63 0 0 0 
obj 1487 2063.29 557.03 10.83 0 0 0 
obj 1487 2062.36 556.43 10.83 0 0 0 
obj 1487 2063.22 556.71 10.83 0 0 0 
obj 1487 2062.84 556.5 10.83 0 0 0 
obj 1487 2063.49 557.49 10.83 0 0 0 
obj 1547 2062.37 561.08 9.66 0 0 0 
obj 1547 2062.33 560.68 9.66 0 0 0 
obj 1547 2062.36 560 9.66 0 0 0 
obj 1547 2062.36 560 9.66 0 0 0 
obj 1541 2061.53 562.6 11.81 0 0 89.88 
obj 16152 2066.92 560.23 9.66 0 0 -180.24 
obj 1487 2063.47 561.01 10.83 0 0 0 
obj 1487 2063.45 561.79 10.83 0 0 0 
obj 1487 2063.37 562.47 10.83 0 0 0 
obj 1487 2062.77 563.42 10.83 0 0 0 
obj 1487 2062.01 556.79 10.83 0 0 0 
obj 1487 2063.62 557.97 10.83 0 0 0 
obj 1487 2067.35 562.49 10.83 0 0 0 
obj 1487 2066.73 562.49 10.83 0 0 0 
obj 1487 2067.25 560.26 10.83 0 0 0 
obj 1487 2066.86 560.32 10.83 0 0 0 
obj 1487 2066.62 555.59 10.83 0 0 0 
obj 1487 2067.01 555.58 10.83 0 0 0 
obj 1487 2067.06 557.79 10.83 0 0 0 
obj 1487 2066.48 557.91 10.83 0 0 0 
obj 1726 2063.76 570.91 9.66 0 0 0 
obj 2311 2063.97 569.23 9.66 0 0 0 
obj 1726 2065.89 567.82 9.66 0 0 180.42 
obj 2297 2061.74 569.25 9.66 0 0 44.82 
obj 1726 2071.79 571.43 9.66 0 0 0 
obj 1726 2074.97 571.19 9.66 0 0 -90.36 
obj 2311 2072.06 570.12 9.66 0 0 0 
obj 1726 2073.84 568.72 9.66 0 0 180.42 
obj 1726 2070.53 569.2 9.66 0 0 90.72 
obj 2630 2074.54 563.39 9.66 0 0 0 
obj 2630 2073.34 563.39 9.66 0 0 0 
obj 2630 2072.25 563.37 9.66 0 0 0 
obj 2627 2074.22 560.25 9.66 0 0 0 
obj 2627 2072.86 560.2 9.66 0 0 0 
obj 2627 2071.56 560.18 9.66 0 0 0 
obj 2628 2072.83 558.07 9.66 0 0 -88.8 
obj 2628 2072.79 556.65 9.66 0 0 -88.8 
obj 14416 2085.1 566.94 10 0 0 180.06 
obj 19378 2085.96 559.4 13.15 0 90 0 
obj 19454 2066.19 573.37 14.88 0 0 -89.76 
obj 19454 2075.74 573.4 14.88 0 0 -89.76 
obj 19454 2094.16 568.79 14.88 0 0 -180.48 
obj 19454 2094.05 559.34 14.88 0 0 -180.48 
obj 19454 2089.37 554.46 14.88 0 0 -89.76 
obj 19454 2079.67 554.54 14.88 0 0 -89.76 
obj 19454 2070.23 554.47 14.88 0 0 -89.76 
obj 19454 2066.12 554.39 14.88 0 0 -89.76 
obj 19435 2067.32 555.24 14.88 0 0 0 
obj 19435 2087.18 567.88 11.42 0 0 0 
obj 19435 2087.17 566.31 11.42 0 0 0 
obj 19435 2087.17 564.74 11.42 0 0 0 
obj 19435 2086.29 564.18 11.42 0 0 -88.68 
obj 19435 2084.72 564.15 11.42 0 0 -88.68 
obj 19435 2083.2 564.1 11.42 0 0 -88.68 
obj 19435 2083.13 564.99 11.42 0 0 0 
obj 19435 2083.15 566.58 11.42 0 0 0 
obj 19435 2083.16 568.12 11.42 0 0 0 
obj 19435 2083.16 569.62 11.42 0 0 0 
obj 19378 2075.6 559.43 13.15 0 90 0 
obj 19378 2066.64 560.86 13.15 0 90 -0.36 
obj 19378 2066.89 568.22 13.15 0 90 0 
obj 19378 2077.24 568.29 13.15 0 90 0 
obj 19378 2088.66 559.35 13.15 0 90 0 
obj 19458 2092.22 568.67 13.16 0 90 0 
obj 19458 2088.74 568.69 13.16 0 90 0 
obj 19378 2077.86 568.28 13.15 0 90 0 
obj 19454 2085.24 573.44 14.88 0 0 -89.76 
obj 19454 2089.33 573.47 14.88 0 0 -89.76 
obj 19408 2061.44 555.99 14.88 0 0 -0.3 
obj 19408 2061.46 559.16 14.88 0 0 -0.3 
obj 19408 2061.47 562.33 14.88 0 0 -0.3 
obj 19408 2061.44 565.43 14.88 0 0 -0.3 
obj 19408 2061.52 568.61 14.88 0 0 -0.3 
obj 19408 2061.61 571.74 14.88 0 0 -0.3 
obj 19466 2061.42 555.9 14.79 0 0 0 
obj 19466 2061.44 559.17 14.79 0 0 0 
obj 19466 2061.43 562.35 14.79 0 0 0 
obj 19466 2061.46 565.5 14.79 0 0 1.08 
obj 19466 2061.48 568.73 14.79 0 0 0 
obj 19466 2061.58 571.61 14.79 0 0 0 
obj 19454 2066.24 567.18 14.88 0 0 -89.76 
obj 19391 2071 565.56 14.88 0 0 -179.94 
obj 19408 2070.98 562.48 14.88 0 0 -0.3 
obj 19466 2070.94 562.59 14.79 0 0 0 
obj 19408 2070.96 559.34 14.88 0 0 -0.3 
obj 19408 2070.95 556.19 14.88 0 0 -0.3 
obj 19466 2070.96 559.34 14.79 0 0 0 
obj 19466 2070.97 555.93 14.79 0 0 0 
obj 19435 2087.17 569.39 11.4 0 0 0 
obj 19435 2067.32 556.84 14.88 0 0 0 
obj 19435 2067.31 558.43 14.88 0 0 0 
obj 1491 2067.3 559.21 13.24 0 0 0 
obj 19435 2069.56 559.17 14.88 0 0 -91.56 
obj 19435 2070.1 559.16 14.88 0 0 -91.56 
obj 2514 2067.99 555.51 13.24 0 0 89.4 
obj 2514 2067.98 556.72 13.24 0 0 89.4 
obj 2516 2069.86 557.35 13.24 0 0 -89.7 
obj 1701 2065.29 558.03 13.24 0 0 181.2 
obj 1701 2065.03 557.94 13.24 0 0 90.6 
obj 2297 2063.43 566.81 13.24 0 0 -43.62 
obj 2297 2066.08 566.79 13.24 0 0 -43.62 
obj 2172 2062.02 561.48 13.24 0 0 90.42 
obj 1708 2063.08 562.54 13.24 0 0 -93.24 
obj 1726 2062.66 569.13 13.24 0 0 90.18 
obj 2311 2063.84 569.42 13.24 0 0 90.18 
obj 1726 2065.35 571.1 13.24 0 0 269.46 
obj 1726 2069.46 567.81 13.24 0 0 180.36 
obj 1726 2066.43 567.88 13.24 0 0 180.36 
obj 2172 2068.05 572.74 13.24 0 0 -1.14 
obj 2172 2071.15 572.68 13.24 0 0 -1.14 
obj 2172 2074.27 572.61 13.24 0 0 -1.14 
obj 1708 2069.01 571.7 13.24 0 0 -178.38 
obj 1708 2072.2 571.54 13.24 0 0 -178.38 
obj 1708 2075.31 571.53 13.24 0 0 -181.08 
obj 1726 2080.72 568.07 13.24 0 0 269.46 
obj 2311 2079.35 566.37 13.24 0 0 90.18 
obj 1726 2078.15 566.2 13.24 0 0 449.82 
obj 1726 2078.46 569.43 13.24 0 0 358.38 
obj 1726 2080.58 564.91 13.24 0 0 538.62 
obj 2296 2086.09 554.97 13.24 0 0 179.04 
obj 2230 2083.11 555.47 13.24 0 0 161.58 
obj 2230 2086.64 555.13 13.24 0 0 212.4 
obj 1726 2083.97 559.51 13.24 0 0 358.38 
obj 2311 2085.7 558.22 13.24 0 0 179.88 
obj 1726 2087.06 559.24 13.24 0 0 269.46 
obj 1726 2082.68 557.02 13.24 0 0 448.5 
obj 19378 2076.08 559.23 16.69 0 90 0 
obj 19378 2066.75 559.13 16.69 0 90 0 
obj 19378 2066.77 568.58 16.69 0 90 0 
obj 19378 2076.83 568.63 16.69 0 90 0 
obj 19378 2086.06 559.29 16.69 0 90 0 
obj 19378 2088.74 559.28 16.69 0 90 0 
obj 19378 2085.92 568.71 16.69 0 90 0 
obj 19378 2088.74 568.78 16.69 0 90 0 
obj 19378 2088.82 559.2 9.57 0 90 0.48 
obj 19378 2088.79 559.16 9.57 0 90 1.44 
obj 19378 2088.86 568.78 16.69 0 90 0 
obj 19454 2089.14 554.48 14.88 0 0 -89.76 
obj 19378 2066.65 559.37 13.15 0 90 -0.36 
obj 19378 2066.61 559.11 9.57 0 90 0.24 
obj 19378 2052.76 577.42 9.57 0 90 0 
obj 4334 2040.49 534.66 -45.72 0 0 0 
obj 19378 2052.78 568.58 9.57 0 90 0 
obj 19378 2052.7 559.31 9.57 0 90 0 
obj 19378 2052.77 550.17 9.57 0 90 0 
obj 19378 2052.75 540.99 9.57 0 90 0 
obj 19378 2052.77 531.81 9.57 0 90 0 
obj 19378 2063.08 531.8 9.57 0 90 0 
obj 19378 2063.15 540.97 9.57 0 90 0 
obj 1646 2057.35 529.57 9.77 0 0 0 
obj 1646 2058.61 529.55 9.77 0 0 0 
obj 1646 2059.95 529.58 9.77 0 0 0 
obj 1646 2061.15 529.59 9.77 0 0 0 
obj 1646 2062.27 529.6 9.77 0 0 0 
obj 1646 2066.03 538.06 9.77 0 0 88.32 
obj 1646 2066.18 540.35 9.77 0 0 88.32 
obj 1646 2066.11 542.09 9.77 0 0 88.32 
obj 1822 2053.18 532.88 9.66 0 0 0 
obj 1726 2053.36 534.75 9.66 0 0 0 
obj 1726 2056.13 533.8 9.66 0 0 -89.4 
obj 1726 2052.46 531.85 9.66 0 0 -269.94 
obj 1822 2054.48 532.87 9.66 0 0 0 
obj 1822 2054.47 531.69 9.66 0 0 0 
obj 1822 2053.21 531.68 9.66 0 0 0 
obj 1726 2055.23 530.89 9.66 0 0 179.88 
obj 1822 2050.75 528.19 9.66 0 0 0 
obj 1726 2048.27 528.87 9.66 0 0 0 
obj 1726 2052.31 528.74 9.66 0 0 0 
obj 1822 2048.42 535.43 9.66 0 0 0 
obj 1726 2048.84 538.9 9.66 0 0 -89.4 
obj 1726 2049.01 534.97 9.66 0 0 -89.4 
obj 1822 2065.94 530.9 9.66 0 0 0 
obj 1726 2066.5 532.54 9.66 0 0 -269.94 
obj 1726 2066.49 528.46 9.66 0 0 -269.94 
obj 19378 2088.85 568.74 9.57 0 90 0 
obj 1726 2076.93 575.44 9.66 0 0 -180.12 
obj 1822 2075.5 576.3 9.66 0 0 0 
obj 1822 2078.97 576.39 9.66 0 0 0 
obj 1726 2080.73 575.32 9.66 0 0 -180.12 
