sell 10825 -139.04 -1660.5 2.4 91 0 180 
changeobj 1506 -139.5 -1663.86 1.36 0 0 0 1502
obj 19378 -135.19 -1658.28 1.28 0 90 1.56 
obj 19378 -124.72 -1658.01 1.28 0 90 1.44 
obj 19378 -124.43 -1667.63 1.28 0 90 1.56 
obj 19378 -134.93 -1667.91 1.28 0 90 1.56 
obj 19378 -134.62 -1677.5 1.28 0 90 1.56 
obj 19378 -124.15 -1677.28 1.28 0 90 1.56 
obj 19378 -119.53 -1657.86 -3.88 0 0 1.56 
obj 19378 -124.38 -1653.26 -3.88 0 0 91.56 
obj 19378 -119.27 -1667.49 -3.88 0 0 1.56 
obj 19378 -119 -1677.12 -3.88 0 0 1.56 
obj 19378 -140.35 -1658.44 -3.88 0 0 1.56 
obj 19378 -140.09 -1668.07 -3.88 0 0 1.56 
obj 19378 -139.82 -1677.68 -3.88 0 0 1.56 
obj 19378 -124.16 -1677.26 -9.22 0 90 1.56 
obj 19378 -134.66 -1677.55 -9.22 0 90 1.56 
obj 19378 -124.43 -1667.63 -9.22 0 90 1.56 
obj 19378 -134.93 -1667.91 -9.22 0 90 1.56 
obj 19378 -135.19 -1658.28 -9.22 0 90 1.56 
obj 19378 -124.69 -1658 -9.22 0 90 1.56 
obj 19378 -132.99 -1691.86 -3.88 0 0 91.56 
obj 19378 -134.67 -1691.94 -3.88 0 0 91.56 
obj 19378 -123.38 -1691.6 -3.88 0 0 91.56 
obj 19391 -138.7 -1663.9 3.12 0 0 91.8 
obj 19378 -134.4 -1687.12 1.28 0 90 1.56 
obj 19378 -123.96 -1686.88 1.28 0 90 1.56 
obj 19378 -139.56 -1687.26 -3.88 0 0 1.56 
obj 19378 -118.74 -1686.7 -3.88 0 0 1.56 
obj 3850 -140.26 -1658.49 1.92 0 0 1.32 
obj 3850 -136.13 -1653.71 1.92 0 0 91.86 
obj 3850 -132.31 -1653.63 1.92 0 0 91.86 
obj 3850 -128.69 -1653.49 1.92 0 0 91.86 
obj 3850 -124.96 -1653.29 1.92 0 0 91.86 
obj 3850 -121.41 -1653.21 1.92 0 0 91.86 
obj 3850 -140.18 -1662.02 1.92 0 0 1.32 
obj 19325 -127.11 -1663.65 2.8 0 0 -89.22 
obj 19435 -136.29 -1663.83 3.12 0 0 91.92 
obj 19325 -134.26 -1663.76 2.8 0 0 -88.56 
obj 19435 -136.29 -1663.83 3.12 0 0 91.92 
obj 19435 -131.22 -1663.67 3.12 0 0 90.72 
obj 19435 -133.76 -1663.75 3.12 91 0 92 
obj 19435 -128.65 -1663.63 3.12 91 0 91.76 
obj 19435 -126.14 -1663.66 3.12 0 0 90.72 
obj 19435 -123 -1663.59 3.12 0 0 90.72 
obj 19435 -121.43 -1663.57 3.12 0 0 90.72 
obj 19435 -120.08 -1663.55 3.12 0 0 90.72 
obj 19325 -140.17 -1667.19 2.8 0 0 1.62 
obj 19435 -139.98 -1671.29 3.12 0 0 2.16 
obj 19325 -139.94 -1675.41 2.8 0 0 1.62 
obj 19435 -139.76 -1679.51 3.12 0 0 2.1 
obj 19325 -139.72 -1683.38 2.8 0 0 1.62 
obj 19435 -139.52 -1687.48 3.12 0 0 1.14 
obj 19435 -139.49 -1689.09 3.12 0 0 1.14 
obj 19408 -138.32 -1690.9 3.12 0 0 47.64 
obj 19466 -138.29 -1690.88 3.39 0 0 47.82 
obj 2559 -137.58 -1690.88 2.65 0 0 138.12 
obj 19435 -136.38 -1691.95 3.12 0 0 91.74 
obj 3810 -137.98 -1692.27 3.98 0 0 215.52 
obj 3810 -139.74 -1690.65 3.98 0 0 215.52 
obj 19325 -132.4 -1691.81 2.8 0 0 -87.66 
obj 19435 -133.86 -1691.87 3.12 91 0 92 
obj 19435 -130.82 -1691.76 3.07 91 0 92 
obj 19435 -128.31 -1691.69 3.12 0 0 91.86 
obj 19454 -123.37 -1691.53 3.12 0 0 91.98 
obj 19325 -119.22 -1666.95 2.8 0 0 1.62 
obj 19435 -119.14 -1670.91 3.12 0 0 2.1 
obj 19325 -119.03 -1674.86 2.8 0 0 1.62 
obj 19325 -118.87 -1683.01 2.8 0 0 1.62 
obj 19435 -118.95 -1678.89 3.12 0 0 2.1 
obj 19435 -118.72 -1687.17 3.12 0 0 2.1 
obj 19408 -118.67 -1689.85 3.12 0 0 1.62 
obj 19435 -118.75 -1687.53 3.12 0 0 2.1 
obj 19466 -118.67 -1689.81 3.39 0 0 1.68 
obj 2559 -119.16 -1689.28 2.65 0 0 271.56 
obj 19378 -123.98 -1686.92 -9.22 0 90 1.56 
obj 19378 -134.46 -1687.21 -9.22 0 90 1.56 
obj 1726 -120.06 -1670.31 1.37 0 0 -88.02 
obj 1727 -122.23 -1668.59 1.37 0 0 0.72 
obj 1727 -121.11 -1674.22 1.37 0 0 182.58 
obj 2311 -121.75 -1672.22 1.37 0 0 90.42 
obj 2826 -121.72 -1670.74 1.87 0 0 29.52 
obj 2828 -121.82 -1671.38 1.87 0 0 -164.34 
obj 2824 -121.76 -1672.1 1.87 0 0 0 
obj 19454 -123.85 -1678.92 3.12 0 0 91.98 
obj 19391 -128.63 -1677.57 3.12 0 0 2.04 
obj 19454 -128.82 -1671.15 3.12 0 0 181.62 
obj 19454 -124.24 -1666.27 3.12 0 0 91.98 
obj 1708 -123.44 -1665.99 1.36 0 0 90.78 
obj 2370 -120.46 -1664.85 1.37 0 0 0.54 
obj 2824 -120.1 -1665.01 2.23 0 0 0 
obj 1786 -119.84 -1664.1 2.21 0 0 -77.22 
obj 2370 -128.22 -1672.41 1.37 0 0 0.54 
obj 14455 -122.46 -1666.42 2.88 0 0 181.98 
obj 1786 -128.05 -1672.11 2.21 0 0 90.48 
obj 949 -127.22 -1670.6 2.01 0 0 0 
obj 949 -127.07 -1673.44 2.01 0 0 0 
obj 2254 -126.02 -1678.89 3.09 0 0 182.16 
obj 2256 -123.13 -1678.79 3.09 0 0 182.16 
obj 2257 -120.16 -1678.69 3.09 0 0 182.16 
obj 2258 -120.53 -1666.24 3.09 0 0 362.4 
obj 2260 -119.7 -1670.94 3.09 0 0 271.98 
obj 2261 -122.05 -1664.17 3.09 0 0 360.96 
obj 2262 -128.49 -1664.2 3.09 0 0 360.96 
obj 2264 -133.71 -1664.36 3.09 0 0 360.96 
obj 2265 -136.69 -1664.43 3.09 0 0 360.96 
obj 2266 -139.38 -1671.35 3.09 0 0 451.86 
obj 2267 -128.67 -1672.14 3.7 0 0 451.86 
obj 2268 -138.94 -1687.42 3.7 0 0 451.86 
obj 2270 -136.33 -1691.37 3.7 0 0 542.16 
obj 2273 -132.75 -1691.25 2.9 0 0 542.94 
obj 1215 -128.42 -1676.64 1.85 0 0 0 
obj 1215 -128.37 -1678.48 1.85 0 0 0 
obj 1708 -120.58 -1678.05 1.36 0 0 133.02 
obj 19454 -128.43 -1683.99 3.12 0 0 181.62 
obj 19391 -128.25 -1690.1 3.12 0 0 2.04 
obj 1491 -128.69 -1676.81 1.36 0 0 -89.52 
obj 1491 -128.33 -1689.33 1.36 0 0 -89.52 
obj 3810 -139.9 -1663.16 3.97 0 0 90.84 
obj 3810 -137.48 -1663.05 3.97 0 0 90.84 
obj 2099 -139.9 -1671.4 1.36 0 0 90.36 
obj 19435 -123.55 -1679.66 3.12 0 0 1.14 
obj 19435 -123.52 -1681.26 3.12 0 0 1.14 
obj 19435 -123.49 -1682.85 3.12 0 0 1.14 
obj 19391 -126.75 -1683.75 3.12 0 0 91.8 
obj 19435 -129.19 -1686.34 3.12 0 0 -88.2 
obj 19435 -124.65 -1683.69 3.12 0 0 -87.78 
obj 1778 -123.95 -1679.01 1.36 0 0 0 
obj 1208 -123.92 -1683.4 1.37 0 0 0 
obj 2230 -139.79 -1671.94 1.36 0 0 114.72 
obj 2230 -139.49 -1670.03 1.36 0 0 54.12 
obj 2229 -139.23 -1669.73 1.37 0 0 54.12 
obj 2229 -139.61 -1672.27 1.37 0 0 115.26 
obj 2231 -139.22 -1672.88 1.37 0 0 140.88 
obj 2231 -138.77 -1669.44 1.37 0 0 29.7 
obj 2226 -138.98 -1671.2 1.36 0 0 87.06 
obj 2102 -138.33 -1670.07 1.37 0 0 40.26 
obj 2103 -138.54 -1672.17 1.37 0 0 120.36 
obj 2104 -139.9 -1668.1 1.37 0 0 91.68 
obj 2101 -139.6 -1668.93 1.37 0 0 91.68 
obj 1708 -138.25 -1667.34 1.36 0 0 -65.64 
obj 19373 -135.61 -1671.16 1.42 0 90 1.56 
obj 19373 -135.61 -1671.16 1.55 0 90 1.56 
obj 2745 -125.54 -1667.77 2.55 0 0 361.74 
obj 19373 -135.61 -1671.16 1.68 0 90 1.56 
obj 19373 -135.61 -1671.16 1.88 0 90 1.56 
obj 19373 -135.59 -1671.16 2.08 0 90 1.56 
obj 1709 -119.22 -1689.71 1.36 0 0 182.28 
obj 2480 -124.38 -1678.35 2.54 0 0 184.38 
obj 2311 -124.11 -1678.36 1.37 0 0 182.16 
obj 2465 -125.29 -1678.25 2.13 0 0 185.94 
obj 1371 -136.6 -1664.42 2.08 0 0 0 
obj 19175 -124.15 -1691.48 3.48 0 0 182.1 
obj 1725 -120.39 -1682.37 1.36 0 0 1.08 
obj 2370 -124.56 -1684.96 1.37 0 0 0.54 
obj 1786 -124.34 -1684.49 2.21 0 0 17.04 
obj 19058 -138.91 -1674.02 2.02 0 0 0 
obj 19408 -138.12 -1678.8 3.12 0 0 -88.02 
obj 19466 -137.97 -1678.8 3.39 0 0 92.04 
obj 19435 -135.71 -1678.71 3.12 0 0 92.52 
obj 14720 -136.32 -1683.29 1.36 0 0 -268.38 
obj 19454 -134.86 -1683.41 3.12 0 0 181.62 
obj 19391 -136.24 -1688.21 3.12 0 0 91.8 
obj 19435 -138.62 -1688.3 3.12 0 0 92.52 
obj 1491 -127.57 -1683.84 1.36 0 0 3.24 
obj 1491 -136.92 -1688.31 1.36 0 0 2.04 
obj 19058 -138.9 -1675.27 2.02 0 0 0 
obj 19058 -138.93 -1676.49 2.02 0 0 0 
obj 19058 -139.01 -1677.78 2.02 0 0 0 
obj 19058 -138.92 -1677.16 3.25 0 0 0 
obj 19058 -138.87 -1675.8 3.25 0 0 0 
obj 19058 -138.83 -1674.34 3.25 0 0 0 
obj 19341 -137.4 -1677.89 1.93 0 0 0 
obj 2035 -136.65 -1677.62 1.88 84 0 49.86 
obj 2035 -137.46 -1677.1 1.88 84 0 56.4 
obj 1254 -137.15 -1677.52 2.27 0 0 -29.7 
obj 14455 -134.69 -1681.64 2.88 0 0 271.08 
obj 1742 -118.7 -1687.13 1.37 0 0 -90.18 
obj 2145 -123.35 -1679.24 1.36 0 0 92.82 
obj 2154 -128.22 -1681.5 1.36 0 0 89.64 
obj 2802 -135.77 -1686.17 1.74 0 0 0 
obj 2800 -135.85 -1686.29 2.08 0 0 0 
obj 3850 -140.34 -1654.94 1.92 0 0 1.8 
obj 3850 -119.6 -1654.78 1.92 0 0 181.2 
obj 2745 -137.22 -1675.09 2.55 0 0 452.4 
obj 1709 -130.06 -1680.16 1.36 0 0 271.26 
obj 19435 -124.19 -1683.68 3.12 0 0 -87.78 
obj 2264 -129.26 -1686.99 3.09 0 0 360.96 
obj 19435 -129.37 -1679.62 3.12 0 0 -88.2 
obj 2273 -129.23 -1685.77 2.9 0 0 542.94 
obj 2272 -129.59 -1679.04 2.9 0 0 542.94 
obj 2265 -129.47 -1680.22 3.09 0 0 360.96 
obj 2526 -128.02 -1679.63 1.37 0 0 0.9 
obj 2131 -122.99 -1681.82 1.46 0 0 91.98 
obj 2527 -125.11 -1680.51 1.37 0 0 -87.72 
obj 2525 -124.07 -1681.88 1.56 0 0 -85.74 
obj 2742 -123.69 -1682.57 2.22 0 0 -88.5 
obj 16151 -130.04 -1671.29 1.69 0 0 1.98 
obj 19378 -134.4 -1687.12 4.95 0 90 1.56 
obj 19378 -134.62 -1677.5 4.95 0 90 1.56 
obj 19378 -134.93 -1667.91 4.95 0 90 1.56 
obj 19378 -124.43 -1667.65 4.95 0 90 1.56 
obj 19378 -123.96 -1686.88 4.95 0 90 1.56 
obj 19378 -124.15 -1677.28 4.95 0 90 1.56 
