sell 10825 -1932.41 172.03 26 85 360 266.26 
changeobj 1506 -1931.42 172.77 25.5 0 0 267.78 1502
changeobj 1506 -1931.87 163.27 25.5 0 0 85.68 1502
changeobj 1506 -1932.26 156.86 25.49 0 0 267.96 1502
obj 3585 -1930.22 171.94 26.32 0 0 267.98 
obj 1798 -1930.79 172.19 25.08 0 0 358.62 
obj 1798 -1929.75 171.92 25.19 0 0 177.59 
obj 1649 -1928.93 171.58 26.32 0 0 86.92 
obj 3585 -1930.67 163.92 26.32 0 0 265.97 
obj 2297 -1931.07 167.23 25.59 0 0 311.53 
obj 2198 -1929.99 161.96 25.56 0 0 265.86 
obj 1671 -1930.97 161.37 26.01 0 0 85.06 
obj 1726 -1929.5 165.27 25.19 0 0 176.18 
obj 1808 -1931.69 160.66 25.39 0 0 176.84 
obj 1649 -1929.48 163.39 26.73 0 0 87.9 
obj 3585 -1931.13 156.04 26.33 0 0 267.27 
obj 2528 -1931.64 159.1 25.59 0 0 358.84 
obj 2528 -1930.71 159.1 25.59 0 0 358.98 
obj 2523 -1931.56 156.98 25.59 0 0 84.99 
obj 2523 -1931.52 157.57 25.59 0 0 86.16 
obj 2097 -1931.54 154.46 25.84 0 0 262.92 
obj 2097 -1930.5 154.46 25.88 0 0 266.42 
obj 2000 -1962.28 158.74 25 0 0 0 
obj 1649 -1929.8 155.99 27.15 0 0 265.75 
