sell 10825 -2451.57 -736.47 133.99 94 25 159.84 
changeobj 1506 -2442.36 -739.34 133.46 0 0 182.28 1502
changeobj 1506 -2445.37 -739.5 133.46 0 0 362.4 1502
changeobj 1506 -2471.62 -766.54 133.23 0 0 84.96 1502
changeobj 1506 -2448.25 -750.38 133.55 0 0 92.28 1502
changeobj 1506 -2474.95 -751.29 133.31 0 0 90.24 1502
changeobj 1506 -2450.94 -740.42 133.85 0 0 179.58 1502
changeobj 1506 -2451.5 -751.13 133.55 0 0 3.72 1502
changeobj 1506 -2456.68 -748.54 133.51 0 0 -90.06 1502
obj 13725 -2462.82 -754.62 118.23 0 0 -14.04 
obj 19458 -2467.1 -747.53 133.45 1 90 1.38 
obj 19458 -2470.44 -747.59 133.45 1 90 0.54 
obj 19458 -2473.29 -747.68 133.45 1 90 0.54 
obj 19458 -2464.11 -747.48 133.45 1 90 0.54 
obj 19458 -2460.67 -747.43 133.45 1 90 0.54 
obj 19458 -2457.4 -747.37 133.46 1 90 0.54 
obj 19458 -2453.91 -747.34 133.45 1 90 0.54 
obj 19458 -2450.8 -747.32 133.45 1 90 0.54 
obj 19458 -2470.27 -744.05 133.62 1 90 92.28 
obj 19458 -2470.29 -743.21 133.8 1 90 92.82 
obj 19458 -2470.31 -742.16 134 1 90 92.28 
obj 19458 -2450.52 -756.52 133.27 1 90 0.18 
obj 19458 -2453.64 -756.83 133.27 1 90 0.18 
obj 19458 -2456.89 -756.8 133.27 1 90 0.18 
obj 19458 -2460.26 -756.79 133.27 1 90 0.18 
obj 19458 -2463.57 -756.8 133.27 1 90 0.18 
obj 19458 -2466.98 -756.82 133.27 1 90 0.18 
obj 19458 -2470.27 -756.89 133.27 1 90 0.18 
obj 19458 -2473.22 -757 133.27 1 90 0.18 
obj 19458 -2461.64 -741.76 133.89 1 90 92.28 
obj 19458 -2461.52 -742.78 133.69 1 90 92.64 
obj 19458 -2461.48 -743.79 133.53 0 90 92.28 
obj 19458 -2453.58 -741.38 133.76 1 90 93 
obj 19458 -2453.45 -742.37 133.58 1 90 92.82 
obj 19458 -2453.16 -743.41 133.53 0 90 92.28 
obj 19458 -2453.96 -741.53 133.61 1 90 92.28 
obj 19458 -2452.06 -741.4 133.45 1 90 92.28 
obj 19458 -2452.06 -741.4 133.28 1 90 92.28 
obj 19458 -2452.08 -741.43 133.11 1 90 92.28 
obj 19458 -2452.04 -741.44 132.95 1 90 92.28 
obj 19458 -2452.06 -741.46 132.78 1 90 92.28 
obj 18762 -2451.18 -739.86 131.35 0 0 0.54 
obj 18762 -2452.1 -739.9 131.35 0 0 0.24 
obj 18762 -2451.2 -739.27 131.18 0 0 -0.84 
obj 18762 -2452.15 -739.28 131.18 0 0 -0.84 
obj 18762 -2451.2 -738.6 131.02 0 0 -0.84 
obj 18762 -2452.17 -738.57 131.02 0 0 -0.84 
obj 18762 -2451.21 -737.97 130.83 0 0 -0.72 
obj 18762 -2452.19 -737.94 130.83 0 0 -0.72 
obj 19458 -2444.27 -746.22 133.45 0 90 92.82 
obj 19458 -2444.38 -743.29 133.45 0 90 92.82 
obj 19458 -2444.37 -741.13 133.45 0 90 92.82 
obj 19458 -2444.19 -749.45 133.45 0 90 92.82 
obj 19458 -2443.98 -752.62 133.45 0 90 92.82 
obj 19458 -2443.87 -756.01 133.45 0 90 91.62 
obj 19458 -2443.83 -758.73 133.45 0 90 92.52 
obj 19458 -2449.93 -755.89 133.45 0 90 2.16 
obj 19458 -2450.09 -751.13 133.49 1 90 3.12 
obj 19381 -2462.69 -766.64 133.2 0 -89 -89.76 
obj 19381 -2470.26 -766.61 133.2 0 -89 -90.36 
obj 19381 -2453.6 -766.62 133.18 0 -89 -89.76 
obj 638 -2473.77 -771.14 133.85 0 0 88.38 
obj 638 -2474.68 -769.33 133.82 0 0 -180.42 
obj 18765 -2445.66 -744.62 130.97 0 0 0 
obj 18765 -2444.43 -744.09 130.97 0 0 2.88 
obj 18765 -2453.16 -752.98 130.81 0 0 2.04 
obj 18765 -2444.03 -752.8 130.97 0 0 2.04 
obj 18765 -2462.85 -753.16 130.77 0 0 2.04 
obj 18765 -2468.03 -753.39 130.78 0 0 2.04 
obj 18765 -2470.24 -753.8 130.78 0 0 2.04 
obj 18765 -2469.9 -762.8 130.65 0 0 2.04 
obj 19381 -2443.91 -766.42 133.16 0 -89 -89.22 
obj 19381 -2443.94 -765.49 133.13 0 -89 -88.8 
obj 19454 -2474.91 -756.78 135.07 0 0 180.48 
obj 19391 -2448.28 -749.64 135.25 0 0 2.28 
obj 19401 -2448.41 -746.6 135.24 0 0 2.34 
obj 19458 -2450.06 -750.05 133.49 1 90 2.04 
obj 19454 -2438.97 -755.75 135.25 0 0 2.4 
obj 19454 -2443.08 -760.45 135.25 0 0 92.64 
obj 19454 -2447.92 -755.91 135.21 0 0 2.22 
obj 19454 -2439.34 -746.93 135.25 0 0 2.4 
obj 19454 -2439.43 -743.75 135.25 0 0 2.4 
obj 19435 -2448.5 -744.37 135.24 0 0 2.64 
obj 19435 -2448.59 -742.84 135.24 0 0 3.84 
obj 19435 -2448.7 -741.4 135.24 0 0 3.84 
obj 19435 -2448.75 -740.49 135.24 0 0 2.82 
obj 18765 -2480.1 -754.92 130.84 0 0 -1.14 
obj 18765 -2479.84 -745.09 130.84 0 0 -2.52 
obj 18765 -2489.62 -754.51 130.84 0 0 -1.38 
obj 18765 -2489.39 -747.7 130.84 0 0 -1.38 
obj 18765 -2480.11 -764.38 130.84 0 0 -1.62 
obj 18765 -2489.8 -764.39 130.84 0 0 -1.32 
obj 18765 -2479.4 -762.85 130.71 0 0 -1.14 
obj 18761 -2447.12 -737.97 136.79 0 0 4.98 
obj 19435 -2448.09 -739.62 135.24 0 0 92.94 
obj 19435 -2446.65 -739.54 135.24 0 0 92.58 
obj 19435 -2440.43 -739.19 135.24 0 0 93.48 
obj 19435 -2441.6 -739.29 135.24 0 0 93.66 
obj 19435 -2446.16 -739.51 135.24 0 0 93.12 
obj 19435 -2443.72 -739.4 136.74 -90 198 110.88 
obj 3498 -2439.15 -760.84 133.14 0 0 0 
obj 3498 -2439.46 -771.43 133.33 0 0 0 
obj 19325 -2439.22 -764.08 135.28 0 0 0.3 
obj 19325 -2439.21 -768.14 135.26 0 0 0.18 
obj 19325 -2442.9 -771.56 135.28 0 0 91.08 
obj 19325 -2449.42 -771.68 135.28 0 0 90.9 
obj 3498 -2452.57 -771.69 133.33 0 0 0 
obj 19325 -2456.01 -771.85 135.28 0 0 89.88 
obj 19325 -2462.54 -771.86 135.28 0 0 90.12 
obj 19325 -2469.01 -771.8 135.25 0 0 88.2 
obj 3498 -2465.81 -771.83 133.33 0 0 0 
obj 3498 -2471.98 -771.63 133.33 0 0 0 
obj 19435 -2471.91 -770.88 134.79 0 0 176.1 
obj 19435 -2471.81 -769.5 134.79 0 0 176.7 
obj 19435 -2471.74 -768.09 134.79 0 0 177.36 
obj 19435 -2471.92 -770.91 136.12 0 0 177.18 
obj 19435 -2471.83 -769.58 136.12 0 0 175.8 
obj 19435 -2471.72 -768.11 136.13 0 0 176.52 
obj 19391 -2471.58 -765.8 134.98 0 0 -4.02 
obj 19435 -2471.6 -765.93 137.08 -90 198 194.94 
obj 19435 -2471.43 -763.51 134.79 0 0 176.76 
obj 19435 -2471.38 -762.11 134.79 0 0 179.1 
obj 19435 -2471.44 -763.02 137.08 -90 198 195.36 
obj 2249 -2474.44 -763.31 134.01 0 0 0 
obj 2608 -2471.76 -762.38 133.94 0 0 -92.16 
obj 1808 -2471.92 -764.01 133.31 0 0 -94.26 
obj 2224 -2474.49 -764.9 133.3 0 0 -2.82 
obj 2100 -2472.39 -767.94 133.25 0 0 -150.36 
obj 630 -2472.81 -769.28 134.24 0 0 0 
obj 19304 -2475.07 -767.64 133.86 0 0 -91.14 
obj 19304 -2474.98 -763.16 133.86 0 0 -91.14 
obj 19435 -2472.19 -761.41 134.79 0 0 270.36 
obj 19435 -2473.64 -761.42 134.79 0 0 270.36 
obj 19435 -2474.12 -761.4 134.79 0 0 269.64 
obj 630 -2472.76 -770.61 134.24 0 0 0 
obj 2600 -2473.95 -770.16 133.94 0 0 -64.38 
obj 1775 -2473.73 -762.05 134.38 0 0 1.98 
obj 2860 -2472.64 -764.67 133.32 0 0 -19.86 
obj 3810 -2472.68 -769.72 136.38 0 0 171 
obj 3385 -2472.49 -765.81 133.28 0 0 0 
obj 1616 -2472.16 -767.05 136.93 0 0 0 
obj 3851 -2473.49 -766.8 138.97 0 60 -1.08 
obj 19435 -2471.42 -763.08 138.63 -90 198 194.76 
obj 19435 -2471.63 -766.42 138.63 -90 198 194.82 
obj 19435 -2471.82 -769.54 138.63 -90 198 193.98 
obj 19435 -2473.01 -761.45 137.32 -90 198 287.82 
obj 19435 -2473.22 -761.41 138.81 -90 198 287.16 
obj 18762 -2472.34 -772.28 137.02 0 0 -3.9 
obj 18762 -2473.02 -772.29 137.02 0 0 -3.9 
obj 18762 -2473.96 -772.25 137.02 0 0 -3.9 
obj 18762 -2474.87 -772.18 137.02 0 0 -3.9 
obj 18762 -2474.74 -772.21 132.41 0 0 -3.9 
obj 18762 -2473.78 -772.2 132.41 0 0 -3.9 
obj 18762 -2472.96 -772.32 132.41 0 0 -3.9 
obj 18762 -2472.36 -772.35 132.41 0 0 -3.9 
obj 19391 -2474.95 -750.55 135.07 0 0 0.9 
obj 19435 -2474.97 -748.38 135.07 0 0 180.3 
obj 19435 -2474.98 -746.9 135.07 0 0 180.3 
obj 19435 -2475 -745.52 135.07 0 0 181.74 
obj 19435 -2475.01 -744.32 135.07 0 0 181.74 
obj 19435 -2475.06 -742.79 135.07 0 0 181.74 
obj 19435 -2475.08 -741.53 135.07 0 0 181.74 
obj 19078 -2475.1 -767.39 134.49 -14 -84 -91.74 
obj 19078 -2473.36 -768.16 134.21 -14 -84 -40.26 
obj 19439 -2472.23 -742.31 135.1 0 0 5.04 
obj 19439 -2471.46 -741.56 135.1 0 0 90 
obj 19439 -2470.6 -742.24 135.1 0 0 189.9 
obj 19439 -2470.62 -742.21 133.94 0 0 189.78 
obj 19439 -2472.25 -742.27 133.94 0 0 184.8 
obj 3525 -2471.48 -742.16 133.46 0 0 6.84 
obj 3525 -2471.8 -742.16 133.46 0 0 6.84 
obj 3525 -2471.14 -742.15 133.46 0 0 6.72 
obj 2203 -2471.46 -742.24 134.22 0 0 0 
obj 19439 -2472.75 -743.12 135.1 0 0 -87.42 
obj 19439 -2470.24 -742.99 135.1 0 0 -87.42 
obj 19435 -2471.62 -743.02 136.01 -90 198 291.54 
obj 3525 -2471.77 -742.39 133.46 0 0 6.72 
obj 3525 -2471.47 -742.44 133.46 0 0 6.12 
obj 3525 -2471.09 -742.37 133.46 0 0 6.06 
obj 19439 -2472.23 -742.31 138.4 0 0 5.04 
obj 19439 -2471.48 -741.58 138.4 0 0 -89.52 
obj 19439 -2470.65 -742.3 138.41 0 0 -173.4 
obj 19439 -2471.39 -743.05 138.4 0 0 -89.52 
obj 2415 -2471.33 -742.48 132.99 0 0 3.84 
obj 19439 -2470.65 -742.3 141.82 0 0 -174.18 
obj 19439 -2471.36 -743.02 141.82 0 0 -90.48 
obj 19439 -2472.23 -742.31 141.82 0 0 5.88 
obj 19439 -2471.44 -741.59 141.82 0 0 -88.98 
obj 2718 -2471.37 -741.79 142.36 0 0 3.24 
obj 2718 -2471.48 -741.6 135.03 0 0 0.12 
obj 2753 -2472.29 -743.52 135.35 0 0 182.4 
obj 2424 -2472.38 -743.49 134.11 0 0 1.86 
obj 19304 -2475.07 -769.04 133.86 0 0 -91.14 
obj 3461 -2471.64 -742.63 132.65 0 0 0 
obj 3461 -2471.24 -742.6 132.65 0 0 -0.18 
obj 3461 -2471.89 -742.06 132.65 0 0 -0.18 
obj 3461 -2470.97 -742 132.65 0 0 -0.36 
obj 2886 -2471.45 -743.04 135.53 0 0 0 
obj 1255 -2473.57 -766.45 133.79 0 0 -202.14 
obj 19425 -2445.56 -759.69 133.53 0 0 1.68 
obj 18765 -2444.13 -761.53 125.75 0 0 2.04 
obj 18765 -2453.27 -762.28 125.75 0 0 2.04 
obj 18765 -2462.71 -762.45 125.75 0 0 2.04 
obj 18765 -2469.9 -762.82 125.72 0 0 2.04 
obj 19425 -2445.33 -754.41 133.53 0 0 2.88 
obj 19425 -2441.12 -754.26 133.53 0 0 3.36 
obj 19425 -2440.69 -759.24 133.53 0 0 2.28 
obj 3524 -2445.71 -739.04 134.03 0 0 185.1 
obj 3524 -2441.46 -738.75 134.03 0 0 185.1 
obj 1116 -2445.4 -760.41 135.98 0 0 1.32 
obj 1080 -2447.65 -757.73 136.27 0 0 4.32 
obj 1098 -2447.69 -756.63 135.5 0 0 1.5 
obj 1083 -2447.52 -758.95 135.57 0 0 3.3 
obj 1097 -2447.71 -755.45 136.32 0 0 2.58 
obj 1060 -2445.31 -760.14 135.69 0 0 2.34 
obj 1060 -2441.59 -759.92 135.69 0 0 2.34 
obj 1116 -2441.67 -760.27 135.98 0 0 1.32 
obj 1128 -2438.93 -751.96 136.62 -5 -87 -5.64 
obj 1128 -2439.17 -748.76 136.48 -5 -87 -5.64 
obj 2254 -2448.12 -754.65 135.75 0 0 -87.3 
obj 2258 -2448.03 -756.43 135.96 0 0 -86.46 
obj 2259 -2448.4 -757.96 135.33 0 0 -87.66 
obj 2261 -2448.67 -752.7 135.23 0 0 -88.56 
obj 2262 -2448.7 -751.51 135.3 0 0 -87.12 
obj 2264 -2448.44 -759.17 135.54 0 0 -87.72 
obj 2263 -2448.35 -760.11 135.3 0 0 -89.46 
obj 2103 -2440.65 -760.01 133.46 0 0 -181.44 
obj 2103 -2444.93 -760.15 133.46 0 0 -181.44 
obj 2320 -2447.77 -752.25 135.86 0 0 92.04 
obj 2000 -2447.42 -753.21 133.55 0 0 89.64 
obj 2000 -2447.4 -751.5 133.55 0 0 89.52 
obj 1235 -2439.47 -759.85 134.05 0 0 0 
obj 1235 -2446.25 -760.22 134.05 0 0 0 
obj 2605 -2439.63 -751.71 133.87 0 0 272.88 
obj 2605 -2439.79 -748 133.87 0 0 272.52 
obj 18765 -2443.93 -752.44 125.96 0 0 -1.56 
obj 18765 -2470.08 -761.07 125.72 0 0 3.66 
obj 2226 -2447.28 -739.98 133.55 0 0 4.2 
obj 19317 -2439.65 -742.16 135.56 0 0 272.22 
obj 19314 -2439.58 -744.17 135.78 0 0 7.92 
obj 19317 -2439.68 -743.29 135.65 0 0 -87.6 
obj 1010 -2448.38 -743.92 135.9 3 85 0 
obj 1010 -2448.46 -743.04 135.9 3 85 3.18 
obj 1010 -2448.53 -742.16 135.9 3 85 3.18 
obj 1010 -2448.57 -741.33 135.9 3 85 3.18 
obj 1188 -2439.79 -745.71 135.91 0 0 91.92 
obj 3852 -2441.32 -756.57 132.18 0 0 3.06 
obj 3852 -2445.55 -756.88 132.18 0 0 3.3 
obj 2199 -2447.51 -739.74 133.47 0 0 2.82 
obj 2226 -2448.22 -740.64 133.55 0 0 49.62 
obj 2167 -2439.56 -740.79 134.68 0 0 -89.22 
obj 2162 -2448.45 -743.76 134.04 0 0 91.8 
obj 2191 -2440.9 -739.83 133.52 0 0 2.04 
obj 1742 -2439.35 -746.01 133.52 0 0 -87.42 
obj 1742 -2439.45 -744.61 133.52 0 0 -87 
obj 2104 -2439.3 -749.92 133.55 0 0 -88.38 
obj 18765 -2452.57 -766.7 130.65 0 0 1.56 
obj 18765 -2461.82 -766.57 130.65 0 0 -1.62 
obj 18765 -2467.44 -766.59 130.65 0 0 0.36 
obj 18765 -2443.57 -766.72 130.65 0 0 1.56 
obj 18765 -2443.93 -766.9 126.38 0 0 1.14 
obj 18765 -2453.5 -766.49 126.38 0 0 2.52 
obj 18765 -2443.99 -767.03 122.78 0 0 1.14 
obj 18765 -2444.05 -766.25 122.78 0 0 1.14 
obj 18765 -2444 -766.83 118.79 0 0 1.14 
obj 13725 -2485.09 -756.74 118.23 0 0 -1.32 
obj 2224 -2447.69 -745.66 133.52 0 0 15.78 
obj 630 -2445.4 -748.03 134.53 0 0 0 
obj 630 -2441.84 -748 134.53 0 0 0 
obj 2784 -2445.63 -743.62 134.75 0 0 92.4 
obj 2784 -2441.78 -743.44 134.75 0 0 91.86 
obj 18765 -2477.42 -767.61 130.7 0 0 -0.24 
obj 18765 -2486.74 -767.69 130.84 0 0 -0.24 
obj 18765 -2489.91 -767.68 130.84 0 0 -0.24 
obj 2136 -2447.77 -747.32 133.44 0 0 92.04 
obj 3810 -2447.28 -750.83 135.97 0 0 0 
obj 3810 -2447.47 -748.32 135.97 0 0 0 
obj 3385 -2440.81 -756.46 133.75 0 0 2.94 
obj 3385 -2445.63 -756.95 133.75 0 0 1.44 
obj 3389 -2443.14 -757.29 133.5 0 0 183.12 
obj 3389 -2443.21 -756.29 133.5 0 0 183.12 
obj 1491 -2468.33 -760.89 133.27 0 0 -0.54 
obj 2951 -2477.82 -745.19 133.08 0 0 1.32 
obj 2951 -2481.26 -745.26 133.08 0 0 -1.5 
obj 2951 -2486.37 -744.16 133.08 0 0 -25.02 
obj 2951 -2491.31 -742.85 133.08 0 0 -0.24 
obj 2951 -2494.21 -745.64 133.08 0 0 84.78 
obj 2951 -2494.47 -750.88 133.08 0 0 89.64 
obj 2951 -2494.49 -756.23 133.08 0 0 89.64 
obj 2951 -2494.63 -761.44 133.08 0 0 87.36 
obj 2951 -2494.81 -766.63 133.08 0 0 88.62 
obj 2951 -2494.82 -769.86 133.08 0 0 89.16 
obj 2951 -2492.19 -772.32 133.08 0 0 180.36 
obj 19454 -2485.26 -772.65 134.85 0 0 269.46 
obj 19454 -2480.39 -767.95 134.85 0 0 358.8 
obj 19454 -2480.21 -758.61 134.85 0 0 358.8 
obj 19435 -2479.3 -753.9 134.79 0 0 270.36 
obj 19435 -2477.86 -753.89 134.79 0 0 270.36 
obj 19435 -2476.46 -753.87 134.79 0 0 270.36 
obj 19435 -2475.86 -753.85 134.79 0 0 270.36 
obj 19435 -2475.86 -753.85 138.16 0 0 270.36 
obj 19435 -2477.37 -753.89 138.16 0 0 270.36 
obj 19435 -2478.72 -753.95 138.16 0 0 272.52 
obj 19435 -2479.31 -753.87 138.16 0 0 272.52 
obj 19454 -2480.2 -758.64 138.17 0 0 358.8 
obj 19454 -2480.39 -768.16 138.17 0 0 358.86 
obj 19454 -2485.24 -772.72 138.17 0 0 268.98 
obj 19454 -2490.05 -772.59 138.18 0 0 269.04 
obj 19454 -2494.83 -767.7 138.17 0 0 358.92 
obj 19454 -2494.57 -759.03 138.17 0 0 358.5 
obj 19454 -2494.47 -750.26 138.17 0 0 358.62 
obj 19454 -2494.46 -746.19 138.17 0 0 358.5 
obj 19454 -2493.04 -742.62 138.17 0 0 448.2 
obj 19454 -2487.95 -743.16 138.17 0 0 424.44 
obj 19454 -2479.86 -745.08 138.17 0 0 448.8 
obj 19454 -2475.01 -745.45 138.17 0 0 540.84 
obj 19454 -2475 -750.89 138.17 0 0 540.84 
obj 19454 -2474.91 -756.62 138.17 0 0 540.78 
obj 2951 -2487.32 -772.34 133.08 0 0 178.74 
obj 19454 -2490.72 -772.6 134.85 0 0 269.46 
obj 673 -2477.7 -759.03 129.96 0 0 0 
obj 673 -2477.16 -765.43 130.64 0 0 0 
obj 673 -2477.87 -769.8 130.68 0 0 0.06 
obj 2203 -2477.42 -766.15 133.47 0 0 0 
obj 2203 -2477.27 -764.9 133.47 0 0 0 
obj 2249 -2477.43 -766.17 134.01 0 0 0 
obj 2249 -2477.3 -764.86 134.01 0 0 0 
obj 638 -2476.72 -772.19 133.82 0 0 -92.04 
obj 638 -2479.11 -772.12 133.82 0 0 -92.04 
obj 638 -2479.78 -765.68 133.82 0 0 -1.32 
obj 638 -2479.77 -761.24 133.82 0 0 -1.32 
obj 638 -2479.6 -757.4 133.82 0 0 -1.32 
obj 638 -2477.15 -754.42 133.82 0 0 91.56 
obj 19454 -2479.82 -744.93 135.08 0 0 450.12 
obj 19454 -2488.04 -743 135.08 0 0 424.98 
obj 19454 -2491.21 -742.67 134.57 0 0 446.76 
obj 19454 -2494.52 -744.51 135.08 0 0 538.5 
obj 19454 -2494.72 -754.08 135.1 0 0 539.76 
obj 19454 -2494.87 -763.5 135.1 0 0 537.24 
obj 19454 -2495.01 -767.97 135.1 0 0 538.98 
obj 18765 -2490.25 -764.24 130.84 0 0 -1.32 
obj 18765 -2490.33 -767.63 130.84 0 0 -1.32 
obj 18765 -2490.23 -754.3 130.84 0 0 1.26 
obj 18765 -2490.48 -744.45 130.84 0 0 1.26 
obj 3408 -2449.95 -737.26 132.74 0 0 187.14 
obj 2627 -2476.09 -770.56 133.17 0 0 178.8 
obj 2951 -2483.33 -772.45 133.08 0 0 178.74 
obj 19454 -2490.03 -742.08 135.08 0 0 424.98 
obj 2627 -2479.68 -770.67 133.19 0 0 178.14 
obj 2630 -2478.21 -757.78 133.3 0 0 -0.18 
obj 638 -2475.38 -758.21 133.82 0 0 181.44 
obj 2630 -2476.34 -757.79 133.3 0 0 -0.18 
obj 2632 -2478.25 -759.39 133.29 0 0 0.78 
obj 2632 -2478.21 -761.29 133.29 0 0 0.78 
obj 2632 -2476.97 -761.27 133.29 0 0 0.78 
obj 2632 -2476.87 -759.41 133.29 0 0 0.78 
obj 2632 -2478.31 -763.14 133.29 0 0 0.78 
obj 2632 -2476.9 -763.15 133.29 0 0 0.78 
obj 2627 -2477.36 -770.6 133.17 0 0 178.68 
obj 2627 -2478.67 -770.59 133.17 0 0 177.54 
obj 2632 -2477.28 -757.55 133.29 0 0 0.78 
obj 2632 -2477.39 -755.7 133.29 0 0 0.78 
obj 1985 -2479.58 -763.32 136.53 0 0 0 
obj 1985 -2479.69 -759.21 136.53 0 0 0 
obj 1985 -2479.54 -754.34 136.53 0 0 0 
obj 1985 -2475.45 -754.38 136.53 0 0 0 
obj 2628 -2478.63 -766.41 133.31 0 0 -1.92 
obj 18765 -2444.01 -766.81 114.28 0 0 1.14 
obj 18765 -2444.01 -766.81 109.58 0 0 1.14 
obj 18765 -2444.01 -766.81 104.93 0 0 1.14 
obj 2629 -2476.46 -761.95 133.31 0 0 181.86 
obj 2629 -2478.46 -762.13 133.31 0 0 181.44 
obj 1775 -2475.31 -760.14 134.22 0 0 -88.08 
obj 2913 -2476.91 -762.47 134.31 2 91 0 
obj 2913 -2478.94 -762.63 134.31 2 91 -0.12 
obj 19435 -2471.83 -770.13 138.63 -90 198 193.98 
obj 19454 -2447.93 -755.92 138.62 0 0 2.4 
obj 19454 -2448.38 -746.84 138.62 0 0 3 
obj 19454 -2444.14 -739.43 138.62 0 0 92.82 
obj 19454 -2439.48 -743.93 138.62 0 0 182.64 
obj 19454 -2439.15 -752.57 138.62 0 0 182.16 
obj 19454 -2439.03 -755.51 138.62 0 0 182.16 
obj 19454 -2443.04 -760.43 138.62 0 0 92.46 
obj 2608 -2448.32 -756.57 134.13 0 0 -88.08 
obj 1428 -2447.36 -752.32 134.14 0 0 86.28 
obj 19454 -2452.47 -760.71 135.03 0 0 90.72 
obj 3498 -2439.24 -760.56 133.14 0 0 0 
obj 19454 -2456.57 -760.76 135.03 0 0 90.72 
obj 19454 -2461.31 -760.82 135.03 0 0 90.72 
obj 19391 -2467.58 -760.88 135.03 0 0 -90.6 
obj 19435 -2469.86 -760.82 135.02 0 0 -92.64 
obj 19435 -2471.39 -760.76 135.02 0 0 -92.7 
obj 19435 -2472.6 -760.69 135.02 0 0 -91.68 
obj 19435 -2473.86 -760.66 135.02 0 0 -91.68 
obj 19435 -2474.02 -760.65 135.02 0 0 -91.68 
obj 19435 -2471.34 -761.52 135.06 0 0 -182.7 
obj 19454 -2452.47 -760.71 138.52 0 0 90.72 
obj 19454 -2461.78 -760.81 138.52 0 0 90.72 
obj 19454 -2470.17 -760.76 138.48 0 0 88.62 
obj 2162 -2448.25 -751.49 133.54 0 0 -86.4 
obj 2199 -2448.77 -760.42 133.46 0 0 180.24 
obj 19391 -2451.68 -740.44 135.56 0 0 89.64 
obj 19435 -2449.57 -740.39 135.57 0 0 92.1 
obj 19435 -2454.02 -740.4 135.57 0 0 90.66 
obj 19435 -2455.53 -740.41 135.57 0 0 91.86 
obj 19435 -2456.35 -740.45 135.62 0 0 88.02 
obj 19435 -2457.05 -741.18 135.57 0 0 183.6 
obj 19435 -2457.01 -742.48 135.57 0 0 183.6 
obj 19454 -2461.83 -741.94 135.58 0 0 266.34 
obj 19454 -2470.32 -741.42 135.58 0 0 266.34 
obj 19454 -2470.33 -741.41 139.03 0 0 266.34 
obj 19454 -2461.8 -741.91 139.03 0 0 266.58 
obj 19435 -2457.01 -742.53 138.97 0 0 183 
obj 19435 -2457.08 -741.17 138.97 0 0 183 
obj 19454 -2453.51 -740.42 138.6 0 0 269.88 
obj 2412 -2452.11 -740.91 133.83 0 0 0 
obj 2412 -2450.64 -740.81 133.83 0 0 0 
obj 2388 -2452.69 -741.55 133.82 0 0 2.58 
obj 18947 -2452.9 -741.82 135.33 -16 -40 9.78 
obj 1722 -2440.67 -752.01 133.52 0 0 -64.98 
obj 2396 -2452.94 -742.04 134.83 0 0 0 
obj 2358 -2456.17 -741.06 133.98 0 0 0 
obj 2358 -2456.19 -741.58 133.98 0 0 0 
obj 2358 -2456.19 -742.21 133.98 0 0 0 
obj 2359 -2454.98 -741.13 134.07 0 0 0 
obj 2359 -2455 -741.76 134.07 0 0 0 
obj 2359 -2455 -742.34 134.07 0 0 0 
obj 19454 -2452.22 -755.93 135.03 0 0 182.16 
obj 19454 -2452.22 -755.93 138.48 0 0 182.16 
obj 19454 -2457.11 -751.33 135.01 0 0 271.32 
obj 19435 -2461.84 -752.15 135.02 0 0 1.14 
obj 19454 -2457.11 -751.33 138.42 0 0 271.32 
obj 19435 -2461.83 -752.12 138.43 0 0 1.14 
obj 19435 -2461.83 -753.75 135.02 0 0 0.3 
obj 19435 -2461.81 -753.61 138.42 0 0 1.08 
obj 19391 -2461.78 -755.92 135.03 0 0 1.14 
obj 19435 -2461.76 -758.13 135.02 0 0 -1.26 
obj 19435 -2461.77 -759.46 135.02 0 0 0.24 
obj 19435 -2461.81 -760.06 135.02 0 0 -0.12 
obj 19454 -2461.81 -756.06 138.42 0 0 359.76 
obj 2734 -2462.04 -755.77 137.02 0 0 -90.48 
obj 1491 -2461.78 -756.67 133.27 0 0 89.22 
obj 2372 -2454.55 -759.92 133.39 0 0 -90.54 
obj 2372 -2457.06 -759.88 133.39 0 0 -90.54 
obj 2372 -2460.17 -759.99 133.39 0 0 -90.54 
obj 2412 -2461.45 -756.5 133.37 0 0 90.84 
obj 2412 -2461.43 -754.78 133.39 0 0 90.84 
obj 1514 -2460.22 -754.62 134.62 0 0 1.44 
obj 2446 -2460.32 -754.53 133.34 0 0 0 
obj 2446 -2461.31 -754.52 133.34 0 0 0 
obj 2245 -2461.28 -754.67 134.6 0 0 0 
obj 2245 -2477.81 -765.47 133.55 0 0 0 
obj 2245 -2476.97 -765.57 133.55 0 0 0 
obj 2389 -2458.98 -759.57 134.04 0 0 181.92 
obj 2389 -2459.63 -759.61 134.04 0 0 181.92 
obj 2389 -2460.3 -759.63 134.04 0 0 181.92 
obj 2399 -2457.2 -759.51 134.06 0 0 181.92 
obj 2399 -2456.62 -759.49 134.06 0 0 181.92 
obj 2399 -2455.97 -759.47 134.06 0 0 181.92 
obj 2396 -2454.61 -759.49 134.05 0 0 184.08 
obj 2396 -2454.04 -759.47 134.05 0 0 184.08 
obj 2396 -2453.36 -759.43 134.05 0 0 184.08 
obj 2376 -2458.3 -757.86 133.28 0 0 0 
obj 2386 -2456.51 -757.18 133.67 0 0 0 
obj 2386 -2457.7 -757.13 133.67 0 0 0 
obj 2386 -2458.51 -757.49 133.67 0 0 0 
obj 2386 -2457.73 -758.05 133.67 0 0 0 
obj 2386 -2456.58 -758.07 133.67 0 0 -0.06 
obj 2386 -2455.82 -757.48 133.67 0 0 -0.06 
obj 2708 -2452.68 -755.97 133.32 0 0 -89.34 
obj 2382 -2452.86 -757.04 135.06 0 0 -4.98 
obj 2382 -2452.84 -756.17 135.06 0 0 0.42 
obj 2384 -2452.83 -756.03 133.88 0 0 0 
obj 2384 -2452.72 -756.66 133.87 0 0 0 
obj 2384 -2452.65 -757.31 133.87 0 0 0 
obj 1743 -2456.71 -752.95 133.42 0 0 1.2 
obj 1717 -2458.79 -752.79 133.34 0 0 -20.22 
obj 2446 -2459.52 -751.71 133.34 0 0 0.96 
obj 2446 -2459.52 -752.41 133.34 0 0 0.96 
obj 2446 -2459.4 -754.54 133.34 0 0 1.02 
obj 2446 -2459.49 -753.06 133.34 0 0 1.02 
obj 1616 -2461.38 -754.45 137.12 0 0 181.38 
obj 19325 -2478.34 -772.7 135.25 0 0 90.54 
obj 2446 -2461.19 -760.03 133.34 0 0 88.62 
obj 2446 -2458.23 -760.16 133.34 0 0 89.46 
obj 2446 -2452.86 -758.39 133.34 0 0 89.46 
obj 3810 -2451.45 -755.55 137.15 0 0 0 
obj 1742 -2452.16 -758.43 133.55 0 0 89.04 
obj 2191 -2451.75 -753.13 133.61 0 0 93.72 
obj 2608 -2453.81 -750.96 135.81 0 0 180.96 
obj 2608 -2458.17 -751.09 135.81 0 0 178.98 
obj 16151 -2461.59 -761.93 133.63 0 0 89.94 
obj 2225 -2469.75 -743.15 134.03 0 0 0 
obj 2230 -2468.89 -743.31 133.88 0 0 0 
obj 2230 -2470.27 -743.25 133.88 0 0 0 
obj 1776 -2467.1 -742.04 135.04 0 0 0 
obj 1209 -2464.91 -742.2 134.02 0 0 -1.32 
obj 936 -2474.4 -747.47 133.93 0 0 91.02 
obj 2425 -2474.39 -746.93 134.54 0 0 90.3 
obj 18885 -2462.59 -742.32 135.06 0 0 -4.14 
obj 2427 -2474.67 -747.86 134.39 0 0 90 
obj 2429 -2475.05 -746.58 134.7 0 0 92.16 
obj 2245 -2474.37 -746.25 133.8 0 0 0 
obj 2002 -2474.45 -745.43 133.74 0 0 93.3 
obj 2251 -2473.84 -744.52 134.74 0 0 0 
obj 1736 -2471.4 -743.41 136.22 0 0 2.88 
obj 19439 -2474.26 -743.18 135.1 0 0 -87.42 
obj 19439 -2469.53 -742.2 135.1 0 0 2.1 
obj 19439 -2473.31 -742.38 136.9 2 90 2.34 
obj 19439 -2471.19 -742.22 136.88 3 91 0.24 
obj 19439 -2473.39 -742.09 136.93 2 89 -3.84 
obj 1828 -2469.15 -749.46 133.5 0 0 360.42 
obj 1711 -2468.01 -749.39 133.49 0 0 573.72 
obj 1711 -2470.73 -749.7 133.49 0 0 497.7 
obj 1827 -2469.56 -748.19 133.42 0 0 0 
obj 869 -2477.21 -765.93 133.65 0 0 -4.56 
obj 1336 -2453.49 -739.36 134.04 0 0 0 
obj 18762 -2442.92 -738.8 131.05 0 0 3.42 
obj 18762 -2443.88 -738.84 131.05 0 0 3.42 
obj 18762 -2444.88 -738.91 131.04 0 0 3.42 
obj 18762 -2443.09 -736.17 132.23 -110 -1 2.34 
obj 18762 -2444.03 -736.19 132.23 -110 -1 2.16 
obj 18762 -2444.97 -736.3 132.24 -110 -1 2.16 
obj 18762 -2444.88 -737.97 130.08 0 0 2.82 
obj 18762 -2443.02 -737.8 130.08 0 0 2.16 
obj 869 -2477.7 -767.61 133.65 0 0 -4.56 
obj 2186 -2463.3 -751.97 133.46 0 0 0 
obj 2163 -2461.9 -753 134.96 0 0 -89.04 
obj 19454 -2451.97 -764.35 135.03 0 0 180.72 
obj 19454 -2451.97 -764.35 138.51 0 0 180.72 
obj 19391 -2451.9 -770.07 135.03 0 0 -179.34 
obj 1491 -2451.89 -770.86 133.27 0 0 90.12 
obj 19454 -2451.94 -766.86 138.51 0 0 180.72 
obj 2290 -2459.19 -750.89 133.46 0 0 181.02 
obj 2290 -2453.68 -750.81 133.46 0 0 181.02 
obj 2130 -2451.41 -761.31 133.14 0 0 1.98 
obj 2131 -2449.44 -761.23 133.27 0 0 0.96 
obj 2129 -2447.48 -761.2 133.18 0 0 2.4 
obj 19454 -2438.97 -755.75 134.89 0 0 2.4 
obj 19454 -2443.08 -760.45 134.97 0 0 92.64 
obj 2002 -2446.65 -761.35 133.27 0 0 4.14 
obj 19454 -2451.88 -766.69 131.53 0 0 180 
obj 2180 -2444.91 -761.1 133.27 0 0 183.3 
obj 2800 -2446.04 -761.11 133.89 0 0 0 
obj 2425 -2444.62 -760.81 134.05 0 0 0 
obj 936 -2443.62 -761.02 133.59 0 0 2.4 
obj 2103 -2443.7 -761.01 134.06 0 0 -0.06 
obj 2251 -2443 -760.8 134.9 0 0 0 
obj 1736 -2443.66 -760.9 135.13 0 0 0 
obj 19458 -2453.62 -741.51 133.61 1 90 92.28 
obj 19458 -2453.61 -741.34 133.61 1 90 92.28 
obj 2029 -2441.68 -767.03 133.24 0 0 92.28 
obj 2029 -2442.63 -767.06 133.24 0 0 92.28 
obj 2029 -2443.45 -767.06 133.24 0 0 92.34 
obj 2029 -2444.32 -767.1 133.24 0 0 92.34 
obj 2124 -2445.35 -766.53 134.06 0 0 184.02 
obj 2124 -2440.73 -766.24 134.06 0 0 360.48 
obj 630 -2450.37 -739.87 134.82 0 0 0 
obj 630 -2454.69 -739.94 134.82 0 0 0 
obj 18762 -2452.16 -737.4 130.72 0 0 -0.72 
obj 18762 -2451.25 -737.41 130.72 0 0 -0.72 
obj 2290 -2442 -768.48 133.17 0 0 182.88 
obj 2290 -2444.04 -764.71 133.17 0 0 362.88 
obj 2128 -2442.2 -761.02 133.24 0 0 3.72 
obj 2127 -2441.21 -760.87 133.17 0 0 -0.06 
obj 2212 -2447.69 -761.38 134.31 -29 26 -9.9 
obj 1778 -2451.61 -762.45 133.33 0 0 199.38 
obj 1810 -2451.01 -763.69 133.26 0 0 132.12 
obj 1544 -2445.58 -761.04 134.05 0 0 0 
obj 1520 -2445.4 -761.24 134.11 0 0 0 
obj 2125 -2445.47 -761.91 133.6 0 0 0 
obj 1823 -2446.92 -763.25 133.24 0 0 0 
obj 1545 -2445.72 -760.78 134.92 0 0 0 
obj 2596 -2442.09 -760.79 136.01 0 0 5.7 
obj 2718 -2451.82 -765.93 135.89 0 0 91.2 
obj 2762 -2450.28 -763 133.69 0 0 0 
obj 2451 -2451.22 -767.22 133.17 0 0 90.9 
obj 2417 -2451.4 -765.39 133.27 0 0 90.48 
obj 2424 -2451.48 -768.18 133.17 0 0 89.76 
obj 2425 -2464.8 -761.05 134.24 0 0 0 
obj 1950 -2445.26 -761.04 134.25 0 0 0 
obj 1723 -2448.18 -763.03 133.21 0 0 242.1 
obj 1223 -2472.57 -762.18 131.17 0 0 -90.54 
obj 11665 -2453.65 -763.76 133.97 0 0 0.24 
obj 1817 -2448.04 -754.13 133.48 0 0 92.64 
obj 2245 -2452.66 -758.33 134.56 0 0 0 
obj 2245 -2458.13 -760.18 134.61 0 0 0 
obj 2245 -2461.07 -760.02 134.63 0 0 0 
obj 2689 -2452.72 -753.54 134.93 0 0 -87.72 
obj 2689 -2452.74 -754.53 134.93 0 0 -87.48 
obj 2221 -2447.24 -761.06 134.3 0 0 3.66 
obj 2859 -2451.33 -761.27 134.19 0 0 203.88 
obj 2784 -2463.47 -768.58 134.5 0 0 0.96 
obj 2125 -2460.45 -767.23 133.6 0 0 0 
obj 2125 -2462.08 -767.38 133.6 0 0 0 
obj 2125 -2464.09 -767.46 133.6 0 0 0 
obj 2125 -2466.07 -767.54 133.6 0 0 0 
obj 2375 -2452.42 -752.89 133.26 0 0 -89.16 
obj 1808 -2474.66 -748.71 133.42 0 0 91.8 
obj 14455 -2474.7 -749.56 135.03 0 0 -89.64 
obj 19435 -2474.2 -754.61 135.02 0 0 -90.84 
obj 19435 -2472.65 -754.64 135.02 0 0 -90.84 
obj 19435 -2471.19 -754.67 135.02 0 0 -90.84 
obj 19435 -2469.71 -754.71 135.02 0 0 -90.84 
obj 19435 -2468.22 -754.74 135.02 0 0 -90.84 
obj 19435 -2466.66 -754.75 135.02 0 0 -90.84 
obj 19391 -2464.9 -754.76 135.03 0 0 -90.3 
obj 1491 -2464.11 -754.71 133.27 0 0 179.58 
obj 19435 -2462.67 -754.78 135.02 0 0 -90.84 
obj 2566 -2472.31 -759.18 133.92 0 0 90.36 
obj 2608 -2472.4 -754.87 134.99 0 0 0 
obj 2167 -2472.92 -760.64 134.99 0 0 182.94 
obj 1742 -2470.37 -760.81 133.28 0 0 179.4 
obj 2162 -2469.86 -754.82 134.41 0 0 -1.56 
obj 2199 -2467.53 -754.94 133.37 0 0 0 
obj 2226 -2467.37 -755.23 134.81 0 0 -1.38 
obj 1958 -2467.39 -755.14 133.91 0 0 87.48 
obj 2295 -2468.47 -755.29 133.51 0 0 -25.98 
obj 2000 -2474.39 -755.31 133.26 0 0 89.64 
obj 351 -2467.7 -755.24 133.57 -78 48 43.32 
obj 2290 -2471.85 -760.01 133.26 0 0 180.84 
obj 2165 -2462.86 -760.2 133.25 0 0 182.16 
obj 19304 -2471.25 -743.05 134.6 0 0 1.74 
obj 11492 -2425.13 -720.65 131.89 0 0 361.62 
obj 1671 -2463.85 -759.36 133.71 0 0 -19.08 
obj 936 -2462.49 -758.37 133.7 0 0 -90.78 
obj 1724 -2470.22 -756.87 133.27 0 0 404.52 
obj 1828 -2469.25 -757.31 133.35 0 0 86.22 
obj 2312 -2462.13 -758.11 135.9 0 0 -88.44 
obj 2186 -2465.69 -759.49 133.3 0 0 -89.34 
obj 19381 -2470.38 -766.13 133.2 0 -89 -90.36 
obj 19381 -2461.1 -766.1 133.2 0 -89 -90.36 
obj 19381 -2456.91 -766.09 133.2 0 -89 -90.36 
obj 1711 -2461 -752.7 133.41 0 0 0 
obj 1736 -2474.51 -757.73 135.86 0 0 91.26 
obj 1946 -2473.07 -768.4 133.37 0 0 0 
obj 11665 -2471.75 -753.01 134 0 0 -90.54 
obj 2068 -2477.13 -768.44 139.03 0 0 0.66 
obj 19325 -2478.34 -772.7 137.46 0 0 90.54 
obj 2161 -2452.12 -755.61 134.77 0 0 94.5 
obj 2164 -2450.26 -760.56 133.52 0 0 182.28 
obj 1828 -2450.28 -756.81 133.54 0 0 91.44 
obj 2291 -2466.34 -758.56 133.34 0 0 113.1 
obj 2149 -2449.89 -762.96 134.26 0 0 -305.04 
obj 2195 -2450.76 -762.94 134.65 0 0 0 
obj 2227 -2473.63 -754.6 133.39 0 0 0 
obj 2196 -2469.46 -748.92 133.84 0 0 -137.1 
obj 2292 -2462.36 -754.3 133.36 0 0 179.58 
obj 2293 -2472.01 -758.1 133.34 0 0 0 
obj 2293 -2472 -757.17 133.34 0 0 0 
obj 2256 -2455.23 -751.02 137.26 0 0 180.6 
obj 2257 -2460.23 -751.25 136.16 0 0 180.84 
obj 2260 -2467.78 -754.18 135.42 0 0 178.5 
obj 2267 -2469.34 -754.49 135.79 0 0 181.32 
obj 19435 -2466.66 -754.75 138.41 0 0 -90.84 
obj 19435 -2465.26 -754.76 138.41 0 0 -90.84 
obj 19435 -2463.9 -754.78 138.41 0 0 -90.84 
obj 19435 -2462.61 -754.75 138.41 0 0 -90.84 
obj 19435 -2468.12 -754.72 138.41 0 0 -90.84 
obj 19435 -2469.58 -754.69 138.41 0 0 -90.84 
obj 19435 -2471.14 -754.66 138.41 0 0 -90.84 
obj 19435 -2472.65 -754.64 138.41 0 0 -90.84 
obj 19435 -2473.77 -754.62 138.41 0 0 -90.84 
obj 2268 -2471.13 -754.06 135.96 0 0 179.7 
obj 2269 -2472.28 -754.01 135.74 0 0 178.2 
obj 2270 -2473.47 -754.01 135.92 0 0 182.22 
obj 19435 -2474.16 -754.61 138.41 0 0 -90.84 
obj 2203 -2469.81 -742.78 136.98 0 0 0 
obj 325 -2469.9 -742.92 137.16 0 0 0 
obj 2203 -2473.45 -742.85 136.98 0 0 0 
obj 325 -2473.48 -742.97 137.16 0 0 0 
obj 19318 -2468.32 -754.66 134.6 0 0 179.88 
obj 19319 -2466.93 -754.65 135.29 0 0 182.1 
obj 2230 -2461.76 -757.5 133.35 0 0 -89.46 
obj 2230 -2462.05 -759.86 133.35 0 0 -89.46 
obj 1962 -2461.86 -758.12 134.51 0 0 90.12 
obj 1961 -2461.91 -758.92 134.9 0 0 83.94 
obj 1960 -2461.87 -757.51 134.94 0 0 86.58 
obj 1719 -2462.57 -757.95 134.18 0 0 -90.3 
obj 1718 -2462.5 -758.61 134.22 0 0 -91.62 
obj 2031 -2453.93 -742.95 133.84 0 0 93.84 
obj 18875 -2453.72 -742.58 134.64 0 0 0 
obj 18872 -2453.65 -742.82 134.63 0 0 0 
obj 19033 -2453.68 -742.98 134.68 0 0 -62.4 
obj 2196 -2453.94 -742.22 134.62 0 0 0 
obj 1718 -2454.07 -741.89 134.64 0 0 2.88 
obj 19037 -2454.01 -743.03 134.62 2 -65 -27 
obj 19138 -2453.81 -743.19 134.67 0 0 -6.78 
obj 19163 -2454.12 -742.84 134.68 -46 2 100.98 
obj 1719 -2454.06 -742.35 134.62 0 0 2.1 
obj 18765 -2444.37 -744.06 130.97 0 0 2.88 
obj 18765 -2444.25 -746.74 130.97 0 0 2.88 
obj 18762 -2440.12 -738.7 134.4 0 0 3.42 
obj 18762 -2439.21 -739.12 134.4 0 0 3.42 
obj 18762 -2439.14 -739.78 134.4 0 0 3.42 
obj 18762 -2439.12 -740.34 134.4 0 0 3.42 
obj 18762 -2439.06 -741.08 134.4 0 0 3.42 
obj 18762 -2439.01 -741.6 134.4 0 0 3.42 
obj 18762 -2438.95 -742.23 134.4 0 0 3.42 
obj 18762 -2438.89 -743.21 134.4 0 0 3.42 
obj 18762 -2438.84 -743.96 134.4 0 0 3.42 
obj 18762 -2438.78 -744.69 134.4 0 0 3.72 
obj 18762 -2438.67 -745.54 134.4 0 0 3.72 
obj 18762 -2438.76 -746.36 134.4 0 0 3.72 
obj 18762 -2438.69 -747.14 134.4 0 0 3.72 
obj 18762 -2438.62 -748.08 134.4 0 0 3.72 
obj 18762 -2438.56 -748.99 134.4 0 0 3.72 
obj 18762 -2438.47 -749.91 134.4 0 0 3.84 
obj 18762 -2438.42 -750.73 134.4 0 0 3.96 
obj 18762 -2438.6 -750.77 134.4 0 0 4.02 
obj 2292 -2449.5 -740.81 133.74 0 0 270.84 
obj 630 -2449.44 -742.67 134.82 0 0 0 
obj 1776 -2456.3 -761.13 134.34 0 0 -0.54 
obj 1209 -2455.14 -761.17 133.36 0 0 0.6 
obj 2290 -2471.28 -770.01 133.28 0 0 88.92 
obj 2130 -2452.5 -766.74 132.96 0 0 -89.4 
obj 2129 -2470.76 -761.4 133.27 0 0 86.22 
obj 2127 -2470.98 -763.45 133.23 0 0 85.98 
obj 1724 -2456.66 -770.04 133.27 0 0 27.66 
obj 1828 -2467.91 -765.38 133.32 0 0 0 
obj 1711 -2468.34 -770.06 133.22 0 0 -12.48 
obj 2135 -2452.64 -761.31 133.14 0 0 -0.3 
obj 1235 -2464.76 -760.18 133.86 0 0 0 
obj 2025 -2454.78 -751.8 133.4 0 0 0 
obj 2755 -2460.35 -769.24 134.87 0 0 0 
obj 2755 -2463.42 -769.22 134.87 0 0 0 
obj 2755 -2466.49 -769.22 134.87 0 0 0 
obj 2103 -2462.46 -762.89 134.22 0 0 0 
obj 2212 -2461.3 -768.45 134.07 -25 23 -103.56 
obj 2195 -2463.41 -768.53 134.56 0 0 0 
obj 2221 -2462.11 -768.47 134.08 0 0 0 
obj 2859 -2464.61 -768.66 134.01 0 0 0 
obj 2860 -2466.26 -768.6 134.01 0 0 -19.5 
obj 1775 -2465.96 -761.34 134.44 0 0 0.84 
obj 3810 -2466.03 -742.47 136.73 0 0 -92.58 
obj 16662 -2487.87 -770.9 134.31 0 0 153.3 
obj 3383 -2483.34 -770.35 132.97 0 0 30.84 
obj 3383 -2487.26 -771.26 132.97 0 0 2.82 
obj 3383 -2490.59 -770.8 132.97 0 0 -25.5 
obj 16782 -2487.59 -771.89 137.95 0 0 89.34 
obj 3387 -2479.36 -753.37 133.26 0 0 88.68 
obj 14791 -2489.98 -750.64 134.43 0 0 -1.92 
obj 1709 -2481.76 -755.06 133.21 0 0 -89.4 
obj 11631 -2481.09 -763.09 134.59 0 0 -89.52 
obj 1671 -2482.01 -763.38 133.77 0 0 90.24 
obj 2165 -2475.51 -747.68 133.34 0 0 -90.9 
obj 1671 -2476.29 -748.53 133.74 0 0 123.48 
obj 2164 -2476.14 -753.77 133.28 0 0 180.36 
obj 2161 -2477.91 -753.8 133.37 0 0 179.52 
obj 1711 -2490.76 -762.88 133.31 0 0 88.68 
obj 1711 -2488.09 -759.08 133.31 0 0 -3.54 
obj 1711 -2484.35 -762.15 133.31 0 0 -85.8 
obj 1711 -2487.49 -766.7 133.31 0 0 -180.12 
obj 2166 -2476.53 -745.77 133.3 0 0 -89.46 
obj 1711 -2482.89 -747.85 133.3 0 0 -50.22 
obj 1711 -2482.88 -751.19 133.3 0 0 -144.6 
obj 2186 -2478.79 -746.67 133.34 0 0 88.98 
obj 2163 -2475.04 -751.94 135.46 0 0 -90.84 
obj 3387 -2480.99 -769.26 133.26 0 0 88.14 
obj 2332 -2480.7 -766.29 133.73 0 0 -88.32 
obj 1550 -2480.75 -767.02 133.65 0 0 0 
obj 1829 -2481.12 -764.91 133.8 0 0 -88.26 
obj 2174 -2492.28 -743.37 133.3 0 0 -2.1 
obj 1711 -2491.1 -744.76 133.3 0 0 -138.72 
obj 18765 -2489.66 -754.35 142.33 0 0 0.18 
obj 18765 -2489.72 -764.16 142.33 0 0 0.18 
obj 18765 -2489.86 -767.65 142.33 0 0 -1.74 
obj 18765 -2485.3 -767.71 142.33 0 0 -1.14 
obj 18765 -2485.19 -758.48 142.33 0 0 -0.24 
obj 18765 -2485.02 -748.7 142.33 0 0 -0.24 
obj 18765 -2479.79 -748.79 142.33 0 0 -0.24 
obj 18765 -2489.7 -746.77 142.33 0 0 -0.24 
obj 18765 -2469.94 -749.38 142.33 0 0 -0.24 
obj 18765 -2465.73 -746.8 142.33 0 0 -2.16 
obj 18762 -2474.62 -743.99 142.34 0 0 -0.84 
obj 18762 -2474.31 -743.87 142.34 0 0 -0.84 
obj 18762 -2473.31 -743.89 142.34 0 0 -0.84 
obj 18762 -2472.35 -743.95 142.34 0 0 -0.84 
obj 18762 -2471.43 -743.98 142.34 0 0 -0.84 
obj 18762 -2470.69 -743.93 142.34 0 0 -0.84 
obj 18762 -2470.9 -743.55 142.34 0 0 0.18 
obj 18762 -2471.66 -743.57 142.34 0 0 0.18 
obj 18762 -2472.66 -743.56 142.34 0 0 -0.96 
obj 18762 -2472.8 -742.58 142.34 0 0 5.7 
obj 18762 -2472.8 -741.73 142.34 0 0 -0.6 
obj 18762 -2473.55 -742.99 142.34 0 0 1.56 
obj 18762 -2473.68 -742.12 142.34 0 0 1.56 
obj 18762 -2473.68 -741.65 142.34 0 0 0.24 
obj 18762 -2474.63 -743.01 142.34 0 0 1.56 
obj 18762 -2474.64 -742.03 142.34 0 0 1.56 
obj 18762 -2474.63 -741.69 142.34 0 0 1.56 
obj 18765 -2460.39 -749.49 142.33 0 0 -2.58 
obj 18765 -2470.13 -756.29 142.33 0 0 1.56 
obj 18765 -2460.62 -758.9 142.33 0 0 1.56 
obj 18765 -2460.74 -766.91 142.33 0 0 0.84 
obj 18765 -2467.12 -765.56 142.33 0 0 0.42 
obj 18765 -2466.87 -766.92 142.33 0 0 -0.42 
obj 19435 -2470.08 -771.74 139.14 -90 198 105 
obj 19435 -2470.36 -771.73 138.01 -90 198 105 
obj 19435 -2467.33 -771.86 138.01 -90 198 105 
obj 19435 -2467.49 -771.88 139.09 -90 198 105 
obj 19435 -2463.99 -771.94 138.01 -90 198 107.94 
obj 19435 -2464.05 -771.97 139.03 -90 198 108.36 
obj 19435 -2460.88 -771.92 138.01 -90 198 109.08 
obj 19435 -2460.77 -771.88 139.07 -90 198 110.4 
obj 19435 -2457.41 -771.84 138.01 -90 198 109.44 
obj 19435 -2457.38 -771.81 139.1 -90 198 107.94 
obj 19435 -2454.19 -771.82 139.1 -90 198 107.94 
obj 19435 -2454.13 -771.8 138.01 -90 198 107.94 
obj 19435 -2453.65 -771.82 138.01 -90 198 107.94 
obj 19435 -2453.82 -771.83 139.13 -90 198 107.94 
obj 19435 -2471.83 -770.13 139.08 -90 198 193.98 
obj 19435 -2471.65 -766.94 139.08 -90 198 195.48 
obj 19435 -2471.42 -763.08 139.1 -90 198 194.76 
obj 19435 -2471.48 -763.49 139.1 -90 198 194.76 
obj 18765 -2450.83 -766.86 142.33 0 0 0.84 
obj 18765 -2450.95 -758.65 142.33 0 0 1.98 
obj 18765 -2451.29 -748.98 142.33 0 0 1.98 
obj 18765 -2459.94 -746.97 142.33 0 0 -3.18 
obj 18765 -2452.62 -745.25 142.33 0 0 0.54 
obj 18765 -2444.2 -744.65 142.33 0 0 2.64 
obj 18765 -2443.89 -754.02 142.33 0 0 2.16 
obj 18765 -2444.18 -763.67 142.33 0 0 0.18 
obj 19454 -2447.29 -771.67 138.97 0 0 270.72 
obj 19454 -2444.3 -771.56 138.97 0 0 270.72 
obj 19454 -2439.16 -766.86 138.97 0 0 360.24 
obj 19454 -2439.21 -764.96 138.97 0 0 360.24 
obj 19454 -2443.88 -771.62 138.97 0 0 270.72 
obj 18765 -2444.25 -766.75 142.33 0 0 0.12 
obj 18762 -2439.15 -759.16 142.33 0 0 4.02 
obj 18762 -2439.11 -759.79 142.33 0 0 2.58 
obj 9241 -2454.62 -757.21 146.59 0 0 181.68 
obj 3586 -2433.65 -742.18 141.89 0 0 -88.02 
obj 3586 -2420.98 -741.76 135.73 0 0 -88.02 
obj 18762 -2414.01 -740.41 130.06 0 0 1.98 
obj 18762 -2413.41 -740.38 129.89 0 0 1.68 
obj 18762 -2413.96 -741.38 129.89 0 0 1.68 
obj 18762 -2413.96 -741.38 130.13 0 0 1.68 
obj 18762 -2413.39 -741.36 129.89 0 0 1.68 
obj 18762 -2413.93 -742.28 130.13 0 0 1.68 
obj 18762 -2413.91 -742.8 130.13 0 0 1.68 
obj 18762 -2413.38 -742.29 129.89 0 0 1.68 
obj 18762 -2413.37 -742.77 129.89 0 0 1.68 
obj 18762 -2414.03 -740.07 130.06 0 0 1.98 
obj 18762 -2413.42 -740.03 129.89 0 0 1.68 
obj 19435 -2473.22 -761.41 140.42 -90 198 287.16 
obj 19435 -2471.4 -762.6 137.08 -90 198 195.18 
obj 19435 -2471.4 -762.6 138.64 -90 198 195.18 
obj 19435 -2471.4 -762.6 139.14 -90 198 195.18 
obj 19435 -2472.96 -761.44 137.32 -90 198 287.82 
obj 19435 -2472.72 -760.94 140.42 -90 198 291.12 
obj 19435 -2472.72 -761.08 140.42 -90 198 291.12 
obj 19435 -2472.75 -761.19 140.42 -90 198 291.12 
obj 19435 -2472.74 -761.32 140.42 -90 198 291.12 
obj 3498 -2452.02 -771.49 133.33 0 0 -4.44 
obj 19435 -2476.79 -772.62 138.72 -90 198 108.18 
obj 19435 -2478.84 -772.63 138.72 -90 198 108.18 
obj 18762 -2438.74 -759.83 142.33 0 0 2.58 
obj 19317 -2466.17 -754.65 134.64 0 0 183.96 
obj 2292 -2468.95 -742.08 134.01 0 0 0 
obj 1693 -2487.27 -766.23 146.21 0 0 -0.42 
obj 1693 -2487.95 -756.73 146.21 0 0 -1.56 
obj 1693 -2488 -748.4 146.21 0 0 -1.14 
obj 18876 -2489.72 -750.79 130.66 0 0 -319.32 
obj 1893 -2444.16 -752.28 139.83 0 0 0 
obj 1893 -2443.33 -745.29 139.83 0 0 0 
obj 1893 -2454.04 -746.31 139.83 0 0 0 
obj 1893 -2462.6 -746.71 139.83 0 0 0 
obj 1893 -2464.98 -751.57 139.83 0 0 0 
obj 1893 -2469.32 -751.55 139.83 0 0 0 
obj 1893 -2469.91 -757.33 139.83 0 0 -90.96 
obj 1893 -2464.57 -757.45 139.83 0 0 -89.28 
obj 1893 -2459.03 -755.63 139.83 0 0 -90.72 
obj 1893 -2455.88 -755.72 139.83 0 0 -90.72 
obj 1893 -2466.44 -764.48 139.83 0 0 -86.58 
obj 1893 -2456.73 -764.18 139.83 0 0 -85.62 
obj 1893 -2447.95 -765.66 139.83 0 0 -90.6 
obj 1893 -2441.95 -765.88 139.83 0 0 -89.88 
obj 2983 -2488.94 -750.78 134.75 0 0 90.18 
obj 19435 -2448.9 -751.03 138.5 0 0 91.62 
obj 19391 -2450.76 -751.11 135.25 0 0 -86.7 
obj 19435 -2448.87 -751.03 135.11 0 0 91.62 
obj 19435 -2450.38 -751.09 138.5 0 0 91.8 
obj 19435 -2451.73 -751.16 138.14 0 0 93.54 
obj 1775 -2460.19 -742.54 135.02 0 0 -6.96 
obj 1711 -2449.94 -757.23 133.49 0 0 576.3 
obj 1341 -2475.31 -767.35 134.22 0 0 180.78 
obj 1595 -2477.72 -750.45 150.08 357 0 -1.71 
obj 19435 -2456.93 -743.89 134.95 0 0 183.6 
obj 19435 -2456.82 -745.48 134.98 0 0 183.6 
obj 19435 -2456.71 -747.03 135.19 0 0 182.88 
obj 19391 -2456.67 -749.29 135.25 0 0 -179.58 
obj 19435 -2456.71 -747.03 138.32 0 0 183.6 
obj 19435 -2456.68 -750.85 135.27 0 0 179.52 
obj 2446 -2456.68 -751.73 134.72 0 0 -0.66 
obj 2446 -2456.71 -751.75 135.75 0 0 1.02 
obj 2446 -2456.71 -751.75 136.56 0 0 1.02 
obj 2689 -2456.67 -752.24 135.72 0 0 1.08 
obj 2689 -2456.67 -752.24 136.75 0 0 1.08 
obj 2446 -2456.68 -751.73 134.66 0 0 -0.66 
obj 19435 -2456.82 -745.48 138.4 0 0 183.6 
obj 19435 -2456.93 -743.89 138.23 0 0 183.6 
obj 19435 -2456.64 -748.46 138.32 0 0 181.26 
obj 19435 -2456.58 -749.82 138.32 0 0 183.36 
obj 19435 -2456.55 -750.32 138.32 0 0 183.18 
obj 2270 -2456.38 -743.1 135.88 0 0 94.02 
obj 2277 -2449.09 -744.45 136.05 0 0 -87.3 
obj 2284 -2456.41 -741.78 136.15 0 0 452.46 
obj 2275 -2454.38 -741 136.06 0 0 0 
obj 2274 -2452.16 -750.55 135.34 0 0 182.34 
obj 2273 -2449.18 -743.24 136.17 0 0 -86.52 
obj 19435 -2448.7 -741.4 138.66 0 0 3.84 
obj 19435 -2448.76 -740.43 138.66 0 0 2.7 
obj 1341 -2448.57 -737.01 133.38 0 0 95.1 
obj 2293 -2460.13 -744.02 133.72 0 0 0 
obj 2293 -2462.71 -744.17 133.72 0 0 0 
obj 2293 -2464.77 -744.26 133.72 0 0 0 
obj 2293 -2466.87 -744.25 133.72 0 0 0 
obj 2227 -2457.24 -745.27 133.61 0 0 -86.94 
obj 2195 -2457.7 -742.97 134.51 0 0 0 
obj 1722 -2458.9 -745.04 133.6 0 0 -94.08 
obj 1817 -2485.7 -751.06 133.34 0 0 87.6 
obj 2432 -2456.54 -744.64 136.04 0 0 -86.4 
obj 1717 -2469.03 -745.68 133.47 0 0 -71.64 
obj 1697 -2472.52 -758.09 146.44 0 0 182.1 
obj 2367 -2460.66 -762.64 134 0 0 -0.9 
obj 2860 -2463.79 -762.96 134.27 0 0 -14.64 
obj 2859 -2452.42 -766.9 134.01 0 0 -89.7 
obj 19320 -2451.49 -765.35 134.48 0 0 148.08 
obj 1009 -2450.93 -765.55 133.7 0 84 0 
obj 1009 -2450.93 -765.18 133.7 0 84 -0.36 
obj 19127 -2475.45 -767.94 133.86 0 0 0 
obj 19127 -2455.75 -739.99 134.36 0 0 0 
obj 19127 -2449.54 -739.82 134.36 0 0 0 
obj 19128 -2453.88 -763.91 133.35 0 0 1.74 
obj 19161 -2454.1 -743.17 134.63 179 89 56.22 
obj 2290 -2449.06 -743.89 133.46 0 0 272.58 
obj 2432 -2457.07 -747.04 135.26 0 0 93 
obj 351 -2456.5 -746.59 136.06 0 0 97.02 
obj 1828 -2451.55 -741.82 133.82 0 0 1.68 
obj 356 -2456.51 -747.24 135.79 0 0 96.24 
obj 360 -2456.55 -745.68 135.64 0 0 91.2 
obj 358 -2456.53 -747.16 135.42 0 0 87.84 
obj 362 -2454.15 -742.28 134.04 0 0 180 
obj 362 -2454.16 -741.71 134.04 0 0 180 
obj 362 -2454.2 -741.06 134.04 0 0 180 
obj 370 -2456.4 -744.91 135.71 0 0 -89.34 
obj 347 -2453.89 -742.67 134.68 -75 198 103.92 
obj 2064 -2455.15 -744.01 134.31 0 0 8.28 
obj 2061 -2455.25 -742.43 134.26 0 0 -7.74 
obj 2238 -2454.97 -745.32 134.72 39 58 -61.26 
obj 2061 -2455.23 -741.85 134.27 0 0 0 
obj 2061 -2455.25 -741.2 134.27 0 0 0 
obj 869 -2452.17 -735.25 133.2 0 0 -8.52 
obj 19458 -2457.8 -747.36 133.46 1 90 0.54 
obj 19173 -2452.9 -751.12 137.23 0 0 2.28 
obj 3498 -2459.12 -771.93 133.33 0 0 0 
obj 19381 -2444.84 -766.33 133.16 0 -89 -89.22 
obj 18765 -2443.62 -762.47 130.65 0 0 1.56 
