sell 10825 -2518.75 2322.42 4.9 0 0 0 
changeobj 1506 -2520.03 2295.75 94 0 0 0 1502
changeobj 1506 -2517 2295.8 94 0 0 180 1502
changeobj 1506 -2520.03 2295.75 99.6 0 0 0 1502
changeobj 1506 -2517.01 2295.77 99.6 0 0 180 1502
changeobj 1506 -2520.17 2295.73 105 0 0 0 1502
changeobj 1506 -2517.22 2295.72 105 0 0 180 1502
changeobj 1506 -2469.6 2300.82 110.58 0 0 90 1502
changeobj 1506 -2469.55 2303.8 110.58 0 0 269 1502
changeobj 1506 -2520.31 2296.11 3.84 0 0 0 1502
changeobj 1506 -2518.69 2296.11 3.84 0 0 1800 1502
obj 9254 -2519.78 2308.47 4.37 0 0 0 
obj 4587 -2502.26 2303.21 62.66 0 0 0 
obj 3781 -2502.3 2303.18 25.61 0 0 0 
obj 3781 -2502.32 2303.01 80.13 0 0 0 
obj 19454 -2515.27 2295.74 98.5 -90 90 0 
obj 19454 -2519.16 2297.59 93.88 0 90 90 
obj 19454 -2519.1 2300.61 93.88 0 90 89 
obj 19454 -2521.78 2295.75 98.5 -90 90 0 
obj 19454 -2521.87 2295.76 108 -90 90 0.04 
obj 19454 -2513.67 2294.02 98.5 -90 90 -89.84 
obj 19454 -2513.69 2294 108 -90 90 -89.84 
obj 19454 -2517.95 2295.76 114.57 -90 180 -90 
obj 19454 -2515.4 2295.74 117 -90 90 0 
obj 19378 -2508.8 2290.68 99.5 0 90 90 
obj 19452 -2518.42 2300.76 99.5 0 90 90 
obj 19452 -2518.41 2297.39 99.5 0 90 90 
obj 19377 -2482.17 2308.57 105 0 90 -1 
obj 10008 -2490.05 2298.2 98.68 0 0 146 
obj 19443 -2493.06 2303.44 99.9 0 103 115 
obj 10009 -2489.61 2298.46 104.8 0 0 147 
obj 19446 -2497.7 2296.08 106.4 -18 90 149 
obj 19443 -2494.34 2302.11 107.9 1 90 149 
obj 19443 -2495.15 2300.74 107.9 1 90 149 
obj 19452 -2517.8 2297.83 110.5 0 90 88 
obj 19452 -2527.38 2298.18 110.5 0 90 88 
obj 19452 -2526.95 2300.5 110.5 0 90 91 
obj 19452 -2528.61 2294.73 110.5 0 90 88 
obj 19452 -2528.75 2291.31 110.5 0 90 88 
obj 19452 -2532.32 2295.23 110.5 0 90 -2 
obj 19452 -2519.02 2290.1 110.5 0 90 91 
obj 19452 -2518.93 2286.64 110.5 0 90 91 
obj 19452 -2526.08 2289.02 110.5 0 90 62 
obj 8614 -2504.9 2292.87 107.09 0 0 90 
obj 19452 -2510.53 2290.16 109.59 15 90 91 
obj 19376 -2486.75 2307.09 110.5 0 90 0 
obj 14809 -2481.58 2305.38 95.39 0 0 0 
obj 19452 -2494.94 2306.57 99.5 0 90 132 
obj 18102 -2481.22 2295.04 99 0 0 -83 
obj 14806 -2486.28 2325.29 95 0 0 31.86 
obj 14806 -2507.82 2301.98 95 0 0 3 
obj 14809 -2480.89 2293.21 95.39 0 0 0 
obj 2629 -2482.92 2302.89 99.58 0 0 0 
obj 2628 -2478.15 2297.9 99.58 0 0 0 
obj 2627 -2478.84 2295.63 99.58 0 0 -140 
obj 2627 -2483.54 2291.93 99.58 0 0 -140 
obj 2630 -2478.33 2303.84 99.58 0 0 90 
obj 2630 -2478.44 2311.01 99.58 0 0 90 
obj 2631 -2477.99 2313.82 99.58 0 0 90 
obj 2632 -2479.87 2313.83 99.58 0 0 90 
obj 2632 -2477.95 2317.71 99.58 0 0 90 
obj 2631 -2479.89 2317.74 99.58 0 0 90 
obj 2629 -2486.9 2306.77 99.58 0 0 0 
obj 2628 -2486.72 2309.03 99.58 0 0 0 
obj 1775 -2506.73 2301.88 100.65 0 0 0 
obj 947 -2498.55 2293.78 101.78 0 0 90 
obj 19435 -2518.48 2295.75 104 -90 180 -90 
obj 19435 -2518.63 2295.76 109.57 -90 180 -90 
obj 14806 -2529.2 2290.7 95 0 0 107 
obj 19435 -2518.62 2295.75 108.3 -90 180 -90 
obj 19454 -2522.01 2295.68 117 -90 90 0 
obj 19454 -2523.82 2293.99 117 -90 90 90 
obj 19454 -2513.67 2293.99 117 -90 90 90 
obj 19444 -2491.54 2323.48 115.5 0 90 30 
obj 19444 -2488.51 2325.23 115.5 0 90 30 
obj 19444 -2488.51 2325.23 115.5 0 90 30 
obj 2029 -2479.78 2314.24 105.07 0 0 0 
obj 2029 -2479.79 2315.21 105.07 0 0 0 
obj 2029 -2479.79 2316.09 105.07 0 0 0 
obj 2029 -2479.8 2317.03 105.07 0 0 0 
obj 2124 -2481.48 2316.56 105.87 0 0 180 
obj 2124 -2479.18 2318.35 105.87 0 0 87 
obj 2124 -2479.77 2312.2 105.87 0 0 -90 
obj 1978 -2509.33 2293.69 89.9 0 0 0 
obj 1978 -2493.14 2301.02 89.9 0 0 0 
obj 1978 -2482.53 2315.41 89.9 0 0 0 
obj 1978 -2476.12 2305.46 89.9 0 0 0 
obj 2964 -2476.38 2307.26 83.35 0 0 0 
obj 2964 -2486.27 2320.24 83.35 0 0 0 
obj 0 -2512.35 2297 78.8 0 0 180 
obj 2640 -2488.54 2296.35 78.8 0 0 180 
obj 1825 -2475 2320.42 72.43 0 0 0 
obj 1825 -2491 2288.62 72.43 0 0 0 
obj 1825 -2508.06 2293.84 72.43 0 0 0 
obj 1825 -2491.99 2304.35 72.43 0 0 0 
obj 1825 -2484.9 2313.38 72.43 0 0 0 
obj 1825 -2483.47 2320.49 72.43 0 0 0 
obj 1825 -2526 2294.04 72.43 0 0 0 
obj 1209 -2498.12 2290.89 72.43 0 0 0 
obj 1209 -2520.93 2291.07 72.43 0 0 0 
obj 1209 -2497.92 2290.98 77.92 0 0 0 
obj 2183 -2504.88 2293.17 66.99 0 0 87 
obj 2183 -2510.19 2293.5 66.99 0 0 87 
obj 2183 -2490.18 2302.56 66.99 0 0 87 
obj 2183 -2484 2317.03 66.99 0 0 181 
obj 2183 -2475.04 2311.76 66.99 0 0 181 
obj 2183 -2475.4 2293.6 66.99 0 0 181 
obj 1837 -2483.3 2310.05 72.43 0 0 179 
obj 1838 -2480.88 2295.52 72.43 0 0 89 
obj 2125 -2475.87 2290.86 67.3 0 0 -90 
obj 2125 -2477.76 2290.65 67.3 0 0 -90 
obj 2125 -2477.68 2294.59 67.3 0 0 -90 
obj 2125 -2476.11 2294.44 67.3 0 0 -90 
obj 2125 -2475.41 2304.48 67.3 0 0 -90 
obj 2125 -2477.58 2309.2 67.3 0 0 -90 
obj 2125 -2475.59 2309.34 67.3 0 0 -90 
obj 2125 -2475.64 2312.7 67.3 0 0 -90 
obj 2125 -2477.1 2312.67 67.3 0 0 -90 
obj 2125 -2484.79 2314.9 67.3 0 0 -90 
obj 2125 -2483.68 2318.54 67.3 0 0 -90 
obj 2125 -2486.49 2318.67 67.3 0 0 -90 
obj 2125 -2486.87 2314.87 67.3 0 0 -90 
obj 2125 -2489.06 2305.24 67.3 0 0 -90 
obj 2125 -2489.23 2303.04 67.3 0 0 -90 
obj 2125 -2492.29 2304.93 67.3 0 0 -90 
obj 2125 -2492.24 2303.06 67.3 0 0 -90 
obj 2125 -2503.52 2295.76 67.3 0 0 -90 
obj 2125 -2503.6 2294.08 67.3 0 0 -90 
obj 2183 -2524.94 2292.26 66.99 0 0 87 
obj 2125 -2509.13 2293.88 67.3 0 0 -90 
obj 2125 -2509.15 2295.56 67.3 0 0 -90 
obj 2125 -2512.57 2295.94 67.3 0 0 -90 
obj 2125 -2512.6 2294.07 67.3 0 0 -90 
obj 2125 -2523.47 2294.62 67.3 0 0 -90 
obj 2125 -2523.69 2292.74 67.3 0 0 -90 
obj 2125 -2527.14 2294.82 67.3 0 0 -90 
obj 2125 -2527.38 2293.03 67.3 0 0 -90 
obj 1837 -2494.83 2291.2 72.43 0 0 1 
obj 1837 -2499.2 2294.02 72.43 0 0 -89 
obj 1837 -2521.96 2293.06 72.43 0 0 -90 
obj 1209 -2487.19 2308.83 77.88 0 0 -90 
obj 1209 -2483.77 2310.59 77.88 0 0 -187 
obj 2165 -2475.28 2287.12 61.53 0 0 0 
obj 2165 -2482.79 2285.13 61.53 0 0 0 
obj 2165 -2491.66 2290.81 61.53 0 0 0 
obj 2165 -2496.79 2291.15 61.53 0 0 0 
obj 2165 -2499.55 2293.11 61.53 0 0 -90 
obj 2165 -2487.45 2300.63 61.53 0 0 -90 
obj 2165 -2484.22 2311.1 61.53 0 0 -180 
obj 2165 -2475.12 2306.46 61.53 0 0 -180 
obj 2125 -2475.88 2307.81 61.83 0 0 0 
obj 2125 -2474.7 2288.33 61.83 0 0 0 
obj 2125 -2482.08 2284.01 61.83 0 0 0 
obj 2125 -2491.16 2289.45 61.83 0 0 0 
obj 2125 -2500.84 2292.26 61.83 0 0 0 
obj 2125 -2488.79 2299.55 61.83 0 0 0 
obj 2125 -2484.97 2311.82 61.83 0 0 0 
obj 2165 -2507.37 2293.83 61.53 0 0 -90 
obj 2125 -2508.9 2292.99 61.83 0 0 0 
obj 2165 -2524.17 2295.36 61.53 0 0 -90 
obj 2125 -2525.27 2294.85 61.83 0 0 0 
obj 2165 -2493.01 2304.36 56.02 0 0 -359 
obj 2125 -2492.56 2303.44 56.4 0 0 0 
obj 2125 -2484.63 2282.81 78.2 0 0 0 
obj 2298 -2518.74 2287.85 110.58 0 0 0 
obj 1419 -2475.87 2296.83 111.1 0 0 39 
obj 1419 -2479.02 2294.32 111.1 0 0 39 
obj 1419 -2482.2 2291.81 111.1 0 0 39 
obj 1419 -2485.39 2289.34 111.1 0 0 39 
obj 1419 -2488.78 2287.62 111.1 0 0 18 
obj 1419 -2474.01 2298.75 111.1 0 0 82 
obj 1419 -2473.79 2306.67 111.1 0 0 89 
obj 1419 -2473.74 2310.68 111.1 0 0 89 
obj 1419 -2473.65 2314.89 111.1 0 0 89 
obj 1419 -2473.51 2319.16 111.1 0 0 89 
obj 1419 -2489.78 2321.29 111.1 0 0 0 
obj 1419 -2491.68 2319.62 111.1 0 0 90 
obj 1419 -2491.62 2313.51 111.1 0 0 90 
obj 1419 -2491.67 2316.96 111.1 0 0 90 
obj 1419 -2491.65 2306.37 111.1 0 0 90 
obj 1419 -2493.07 2304.72 111.1 0 0 -2 
obj 1419 -2497.09 2304.88 111.1 0 0 -2 
obj 1419 -2501.26 2304.9 111.1 0 0 -2 
obj 1792 -2497.27 2285.05 58.37 0 0 181 
obj 1825 -2475.69 2305.84 56.06 0 0 -2 
obj 2165 -2485.44 2310.89 56.02 0 0 -180 
obj 2125 -2486.22 2312.23 56.4 0 0 0 
obj 2165 -2502.65 2294.07 56.02 0 0 -269 
obj 2165 -2473.16 2302.73 56.02 0 0 -180 
obj 2165 -2501.4 2294.04 50.35 0 0 -269 
obj 2165 -2514.71 2293 56.02 0 0 -269.34 
obj 2125 -2514.01 2293.41 56.4 0 0 0 
obj 2165 -2494.11 2289.95 50.35 0 0 -269 
obj 2172 -2503.13 2291.93 45 0 0 -269 
obj 2165 -2473.16 2306.3 50.35 0 0 -180 
obj 2165 -2475 2308.14 45 0 0 -180 
obj 2165 -2477.64 2308.96 50.35 0 0 -91 
obj 2165 -2477.24 2307.66 45 0 0 -180 
obj 2165 -2487.51 2300.53 50.35 0 0 -180 
obj 2164 -2487.51 2300.53 45 0 0 -180 
obj 2165 -2487.26 2301.02 56.02 0 0 -180 
obj 2638 -2484.27 2320.03 40.5 0 0 -178 
obj 2638 -2484.38 2315.97 40.5 0 0 0 
obj 2637 -2484.05 2318.03 40.1 0 0 0 
obj 2638 -2475.17 2307.94 40.5 0 0 182 
obj 2637 -2475.28 2305.94 40.1 0 0 0 
obj 2638 -2475.23 2303.62 40.5 0 0 0 
obj 2638 -2475.08 2295.22 40.5 0 0 0 
obj 2638 -2475.2 2299.9 40.5 0 0 -183 
obj 2638 -2477.38 2281.82 40.5 0 0 0 
obj 2637 -2477.37 2283.1 40.1 0 0 0 
obj 2638 -2477.44 2284.5 40.5 0 0 -183 
obj 2638 -2524.2 2295.27 40.5 0 0 -183 
obj 2637 -2504.51 2288.87 40.1 0 0 0 
obj 2638 -2504.48 2287.19 40.5 0 0 0 
obj 2638 -2504.45 2291.3 40.5 0 0 -183 
obj 2638 -2508.77 2292.44 40.5 0 0 -183 
obj 2637 -2508.34 2289.02 40.1 0 0 0 
obj 2638 -2508.55 2287.19 40.5 0 0 0 
obj 2638 -2524.37 2291.68 40.5 0 0 0 
obj 2637 -2524.28 2293.56 40.1 0 0 0 
obj 2298 -2520.23 2287.85 110.58 0 0 0 
obj 2184 -2479.17 2313.92 110.58 0 0 91 
obj 2184 -2479.57 2316.79 110.58 0 0 135 
obj 2183 -2494.42 2294.9 110.59 0 0 0 
obj 2125 -2494.43 2296.83 110.9 0 0 0 
obj 2125 -2494.89 2293.96 110.9 0 0 0 
obj 2125 -2492.8 2293.67 110.9 0 0 0 
obj 2184 -2484.58 2317.85 110.58 0 0 -129 
obj 2184 -2481.76 2318.51 110.58 0 0 -172 
obj 2125 -2481.66 2319.45 110.9 0 0 0 
obj 2125 -2483.96 2318.91 110.9 0 0 0 
obj 1419 -2481.13 2304.23 105.7 0 0 -2 
obj 1419 -2485.2 2304.4 105.7 0 0 -2 
obj 1419 -2489.23 2304.47 105.7 0 0 -2 
obj 1419 -2492.86 2302.94 105.7 0 0 43 
obj 1419 -2494.92 2300.03 105.7 0 0 90 
obj 1419 -2494.92 2296.09 105.7 0 0 90 
obj 2638 -2475.99 2308.66 34.9 0 0 0 
obj 2638 -2475.48 2290.34 34.9 0 0 0 
obj 2638 -2495.21 2297.89 34.9 0 0 0 
obj 2638 -2508.21 2295.3 34.9 0 0 0 
obj 2638 -2524.9 2294.6 34.9 0 0 0 
obj 14791 -2480.96 2316.58 30.94 0 0 0 
obj 14791 -2526.26 2294.3 30.94 0 0 0 
obj 1753 -2476.96 2320.88 23.38 0 0 87 
obj 1756 -2476.37 2307.45 23.38 0 0 178 
obj 1753 -2477.25 2310.11 23.38 0 0 -2 
obj 1761 -2477.29 2292.44 23.38 0 0 87 
obj 1757 -2476.2 2297.35 23.38 0 0 -2 
obj 1763 -2476.11 2288.79 23.38 0 0 178 
obj 1768 -2474.61 2318.93 23.38 0 0 178 
obj 1760 -2475.24 2323.41 23.38 0 0 -2 
obj 19454 -2523.67 2294.15 98.5 -90 90 -89.84 
obj 19454 -2515.4 2295.76 107.9 -90 90 0.04 
obj 19454 -2523.82 2294.01 108 -90 90 -90 
obj 19443 -2494.34 2302.11 107.9 1 90 149 
obj 19444 -2491.54 2323.48 115.5 0 90 30 
obj 19444 -2488.51 2325.23 115.5 0 90 30 
obj 19444 -2488.51 2325.23 115.5 0 90 30 
obj 2124 -2481.56 2313.32 105.87 0 0 182 
obj 2124 -2481.53 2315.09 105.87 0 0 182 
obj 0 -2512.35 2297 78.8 0 0 180 
obj 1837 -2483.3 2310.05 72.43 0 0 179 
obj 1837 -2494.83 2291.2 72.43 0 0 1 
obj 1837 -2487.12 2306.61 72.43 0 0 -90 
obj 1837 -2521.96 2293.06 72.43 0 0 -90 
obj 1419 -2491.64 2309.6 111.1 0 0 90 
obj 1792 -2497.27 2285.05 58.37 0 0 181 
obj 2165 -2473.16 2302.73 56.02 0 0 -180 
obj 2637 -2475.13 2297.56 40.1 0 0 0 
obj 2125 -2479.2 2318.34 110.9 0 0 0 
obj 1419 -2494.96 2292.01 105.7 0 0 90 
obj 1419 -2495.05 2287.91 105.7 0 0 90 
obj 14791 -2507.05 2294.6 30.94 0 0 0 
obj 1768 -2493.74 2298.12 23.38 0 0 178 
obj 1768 -2487.9 2304.51 23.38 0 0 265 
obj 1768 -2496.6 2301.07 23.38 0 0 32 
obj 1771 -2524.65 2292.49 23.74 0 0 178 
obj 1768 -2512.58 2294.47 23.38 0 0 -4 
obj 1768 -2496.03 2290.84 23.38 0 0 -4 
obj 1764 -2485.5 2284.97 23.38 0 0 -4 
obj 1766 -2487.88 2289.86 23.38 0 0 -98 
obj 19452 -2518.14 2300.48 110.5 0 90 88 
obj 3781 -2502.32 2303.17 52.86 0 0 0 
obj 19458 -2489.85 2316.36 3.87 0 -91 0 
obj 19458 -2489.6 2311.75 3.87 0 -91 0 
obj 19452 -2473.19 2302.2 110.5 0 90 88 
obj 9241 -2453.62 2308.03 112.31 0 0 0 
obj 1419 -2471.91 2303.87 111.1 0 0 178 
obj 1419 -2471.51 2300.75 111.1 0 0 178 
obj 9241 -2453.53 2307.74 108.84 0 180 0 
obj 9583 -2469.54 2282.19 100.62 0 65 32 
obj 9583 -2469.53 2325.29 100.62 0 65 -7 
obj 9583 -2469.28 2313.47 100 0 69 -3 
obj 9583 -2469.51 2298.1 100 0 69 -2 
obj 9583 -2469.57 2305.67 100 0 69 -3 
obj 0 -2475.07 2278.54 113 -90 0 -90 
obj 8614 -2468.65 2311.69 113.11 0 0 89 
obj 8614 -2468.53 2306.78 116.74 0 0 -270 
obj 8614 -2468.4 2301.93 120.26 0 0 91 
obj 2638 -2482.87 2319 34.9 0 0 0 
obj 19325 -2469.58 2302.23 115 -179 0 0 
obj 19435 -2518.55 2295.73 98.7 -90 180 -90 
obj 19435 -2518.53 2295.74 97.3 -90 180 -90 
obj 9244 -2445.18 2311.64 9.34 0 0 0 
obj 18632 -2370.68 2220.27 5.25 0 120 -193 
obj 18632 -2370.43 2213.54 5.25 0 120 -193 
obj 1599 -2369.4 2213.17 5.45 84 17 0 
obj 19451 -2440.56 2207.41 3.7 0 90 -88 
obj 19451 -2446.66 2207.23 3.7 0 90 -88 
obj 19325 -2478.53 2223.65 2223.65 0 0 -88 
obj 0 -2442.63 2250.66 119.9 0 -180 92 
obj 19129 -2494.38 2294.74 93.9 0 0 0 
obj 19129 -2480.21 2289.87 93.88 0 0 0 
obj 19129 -2479.23 2309.72 93.88 0 0 0 
obj 19129 -2488.25 2304.67 93.9 0 0 42 
obj 19454 -2491.7 2318.14 93.86 0 90 -2 
obj 19377 -2485.15 2320.88 93.86 0 90 -2 
obj 3867 -2514 2285.86 80 0 0 0 
obj 0 -2475.64 2207.55 11 0 0 1.9 
obj 3867 -2470.87 2314.02 103 0 0 89 
obj 3867 -2471.06 2292.16 103 0 0 89 
obj 3867 -2532.39 2294.12 102.68 0 0 -90 
obj 3867 -2532.71 2294.33 80 0 0 -91 
obj 3867 -2532.76 2294.31 57 0 0 -91 
obj 3867 -2518.1 2301.18 103 0 0 181 
obj 3867 -2518.04 2301.05 80 0 0 180 
obj 3867 -2517.66 2300.85 34 0 0 180 
obj 3867 -2517.64 2300.86 57 0 0 180 
obj 3867 -2517.71 2300.8 20.96 0 0 180 
obj 3867 -2532.6 2294.15 34 0 0 -91 
obj 3867 -2532.12 2293.86 18 0 0 -91 
obj 3867 -2479.9 2326.31 57 0 0 180 
obj 3867 -2479.95 2326.12 80 0 0 182.02 
obj 3867 -2479.96 2326.25 103 0 0 180 
obj 3867 -2480.02 2326.14 34 0 0 182.02 
obj 3867 -2480.2 2326.07 19.54 0 0 180 
obj 3867 -2498.65 2307.47 103 0 0 222 
obj 3867 -2498.67 2307.48 80 0 0 222 
obj 3867 -2498.64 2307.4 57 0 0 222 
obj 3867 -2498.19 2307.29 34 0 0 222 
obj 3867 -2498.19 2307.26 19.54 0 0 222 
obj 3867 -2492.9 2317.85 80 0 0 -104 
obj 3867 -2492.82 2317.81 57 0 0 -103 
obj 3867 -2492.66 2317.75 34 0 0 -103 
obj 3867 -2492.55 2317.77 18 0 0 -102 
obj 3867 -2492.87 2317.86 102.68 0 0 -104 
obj 3867 -2514.06 2285.89 57 0 0 0 
obj 3867 -2514 2285.91 34 0 0 0 
obj 3867 -2514.02 2285.9 19.54 0 0 0 
obj 3867 -2514.43 2286.07 102.62 0 0 0 
obj 19325 -2502.65 2284.85 109.22 0 0 -91 
obj 19325 -2502.62 2284.85 105.1 0 0 -91 
obj 19325 -2502.7 2284.84 100.98 0 0 -91 
obj 19325 -2502.61 2284.76 92.82 0 0 -90 
obj 19325 -2502.56 2284.82 88.72 0 0 -90 
obj 19325 -2503.41 2284.66 76.34 0 0 -90 
obj 19325 -2502.7 2284.86 97 0 0 -91 
obj 19325 -2502.56 2284.82 84.6 0 0 -90 
obj 19325 -2502.48 2284.82 80.46 0 0 -90 
obj 19325 -2503.41 2284.66 72.22 0 0 -90 
obj 19325 -2503.41 2284.66 68.1 0 0 -90 
obj 19325 -2503.4 2284.7 64.02 0 0 -90 
obj 19325 -2503.4 2284.7 59.96 0 0 -90 
obj 19325 -2503.4 2284.7 55.9 0 0 -90 
obj 19325 -2503.4 2284.68 51.8 0 0 -90 
obj 19325 -2503.4 2284.68 47.68 0 0 -90 
obj 19325 -2503.4 2284.68 43.66 0 0 -90 
obj 19325 -2503.4 2284.68 39.56 0 0 -90 
obj 19325 -2502.82 2284.77 35.48 0 0 -90 
obj 19325 -2502.82 2284.77 31.34 0 0 -90 
obj 19325 -2502.82 2284.77 27.22 0 0 -90 
obj 19325 -2502.82 2284.77 23.1 0 0 -90 
obj 19325 -2502.82 2284.77 18.98 0 0 -90 
obj 19325 -2502.82 2284.77 14.94 0 0 -90 
obj 3867 -2471.04 2292.11 80 0 0 90 
obj 3867 -2470.89 2313.98 80 0 0 90.48 
obj 3867 -2471.04 2292.11 57 0 0 90 
obj 3867 -2470.88 2314 57 0 0 90 
obj 3867 -2471.09 2292.13 34 0 0 90 
obj 3867 -2470.95 2314.04 34 0 0 90 
obj 3867 -2471.09 2292.12 19.54 0 0 90 
obj 3867 -2470.99 2314.17 19.54 0 0 90 
obj 19325 -2469.4 2303.2 107.32 0 0 -1 
obj 19325 -2469.4 2303.2 103.32 0 0 -1 
obj 19325 -2469.4 2303.2 99.2 0 0 -2 
obj 19325 -2469.4 2303.2 95.08 0 0 -2 
obj 19325 -2469.4 2303.2 90.94 0 0 -1 
obj 19325 -2469.4 2303.2 86.88 0 0 -1 
obj 19325 -2469.4 2303.2 82.78 0 0 -1 
obj 19325 -2469.4 2303.2 78.66 0 0 -1 
obj 19325 -2469.4 2303.2 74.54 0 0 -1 
obj 19325 -2469.4 2303.2 70.54 0 0 -1 
obj 19325 -2469.4 2303.2 66.5 0 0 -1 
obj 19325 -2469.4 2303.2 62.38 0 0 -1 
obj 19325 -2469.4 2303.2 58.3 0 0 -1 
obj 19325 -2469.4 2303.2 54.22 0 0 -1 
obj 19325 -2469.4 2303.2 50.08 0 0 -1 
obj 19325 -2469.4 2303.2 46.02 0 0 -1 
obj 19325 -2469.4 2303.2 42 0 0 -1 
obj 19325 -2469.4 2303.2 38 0 0 -1 
obj 19325 -2469.4 2303.2 34 0 0 -1 
obj 19325 -2469.4 2303.2 30 0 0 -1 
obj 19325 -2469.4 2303.2 26 0 0 -1 
obj 19325 -2469.4 2303.2 22 0 0 -1 
obj 19325 -2469.4 2303.2 18 0 0 -1 
obj 19325 -2469.4 2303.2 14 0 0 -1 
obj 3867 -2482.06 2279.87 102.62 0 0 0 
obj 3867 -2482.06 2279.91 80 0 0 0 
obj 3867 -2481.94 2279.65 57 0 0 0 
obj 3867 -2481.95 2279.65 33.98 0 0 -1 
obj 19325 -2474.28 2279.25 15.88 -90 0 -90 
obj 19325 -2487.43 2279.29 20.4 -90 0 -90 
obj 19325 -2483.32 2279.32 20.4 -90 0 -90 
obj 19325 -2479.22 2279.27 20.4 -90 0 -90 
obj 19325 -2475.13 2279.29 20.4 -90 0 -90 
obj 19325 -2491.54 2279.28 20.4 -90 0 -90 
obj 19325 -2502.57 2284.86 113.36 0 0 -91 
obj 19325 -2469.54 2305.93 110 -89 0 0 
obj 2181 -2513.84 2293.45 77.9 0 0 90 
obj 2183 -2522.28 2291.8 77.9 0 0 90 
obj 2183 -2495.52 2289.72 77.9 0 0 0 
obj 2183 -2485.19 2284.1 77.9 0 0 0 
obj 2183 -2499.31 2292.1 77.9 0 0 90 
obj 2183 -2479.66 2290.78 77.9 0 0 90 
obj 2125 -2482.49 2283.07 78.2 0 0 0 
obj 2125 -2478.56 2291.15 78.2 0 0 0 
obj 2125 -2478.67 2293.77 78.2 0 0 0 
obj 2183 -2479.63 2306.36 77.9 0 0 90 
obj 2125 -2478.64 2306.99 78.2 0 0 0 
obj 2125 -2478.66 2308.81 78.2 0 0 0 
obj 2125 -2501.55 2294.87 78.2 0 0 0 
obj 2125 -2501.58 2292.4 78.2 0 0 0 
obj 2125 -2512.52 2293.04 78.2 0 0 0 
obj 2125 -2512.43 2294.56 78.2 0 0 0 
obj 2125 -2524.86 2292.5 78.2 0 0 0 
obj 2125 -2524.79 2294.5 78.2 0 0 0 
obj 2162 -2503.19 2293.92 45 0 0 -269 
obj 2165 -2477.59 2316.52 45 0 0 -180 
obj 2165 -2479.85 2316.37 45 0 0 -180 
obj 2174 -2490.95 2303.78 45 0 0 -180 
obj 2173 -2489.15 2303.8 45 0 0 -180 
obj 19377 -2518.76 2292.23 108 -90 90 0.04 
obj 19377 -2518.76 2292.21 98.4 -90 90 0.04 
obj 19377 -2518.76 2292.23 117 -90 90 0.04 
obj 19454 -2518.52 2295.73 120.08 -180 180 -90 
obj 19454 -2518.52 2295.73 117.88 -180 180 -90 
obj 19435 -2518.44 2295.76 102.92 -90 180 -90 
obj 19378 -2508.83 2297.25 99.5 0 90 90 
obj 19378 -2528.08 2296.47 99.5 0 90 90 
obj 19452 -2527.99 2289.52 99.5 0 90 90 
obj 19452 -2523.63 2287.06 99.5 0 90 90 
obj 19452 -2516.95 2287.05 99.5 0 90 90 
obj 19452 -2518.34 2290.5 99.5 0 90 90 
obj 19378 -2499.28 2290.4 99.5 0 90 90 
obj 19378 -2499.36 2299.25 99.5 0 90 90 
obj 19378 -2489.68 2304.64 99.5 0 90 90 
obj 19378 -2480.02 2309.02 99.5 0 90 90 
obj 19378 -2480.04 2298.6 99.5 0 90 90 
obj 19378 -2489.7 2288.22 99.5 0 90 90 
obj 19378 -2488.86 2315 99.5 0 90 90 
obj 19378 -2480 2319.42 99.5 0 90 90 
obj 19378 -2480.09 2288.17 99.5 0 90 90 
obj 19452 -2488.35 2321.84 99.5 0 90 90 
obj 19452 -2485.88 2324.63 99.5 0 90 90 
obj 19452 -2476.28 2324.6 99.5 0 90 90 
obj 19452 -2473.47 2318.17 99.5 0 90 0 
obj 19452 -2473.48 2308.6 99.5 0 90 0 
obj 19452 -2473.48 2299 99.5 0 90 0 
obj 19452 -2473.65 2289.53 99.5 0 90 0 
obj 19452 -2475.08 2283.18 99.5 0 90 90 
obj 19452 -2484.65 2283.17 99.5 0 90 90 
obj 19377 -2482.03 2318.07 105 0 90 0 
obj 19377 -2492.53 2308.72 105 0 90 -1 
obj 19454 -2488.96 2318.12 105 0 90 0 
obj 19454 -2491.29 2317.6 105 0 90 -12 
obj 19377 -2499.68 2297.35 105 0 90 0 
obj 19454 -2494.93 2303.15 105 0 90 -47 
obj 19377 -2509.67 2297.14 105 0 90 0 
obj 19454 -2500.48 2302.55 105 0 90 -47 
obj 19454 -2519.39 2300.34 105 0 90 90 
obj 19454 -2519.44 2297.36 105 0 90 90 
obj 19377 -2528.72 2293.69 105 0 90 -1 
obj 19454 -2528.06 2299.19 105 0 90 108 
obj 19454 -2518.97 2290.52 105 0 90 90 
obj 19454 -2518.98 2287.08 105 0 90 90 
obj 19454 -2509.53 2287.13 105 0 90 90 
obj 19454 -2509.54 2290.63 105 0 90 90 
obj 19376 -2486.68 2316.64 110.5 0 90 0 
obj 19376 -2476.36 2316.61 110.5 0 90 0 
obj 19376 -2476.25 2307.08 110.5 0 90 0 
obj 19376 -2481.64 2298.73 110.5 0 90 -51 
obj 19376 -2487.74 2300.69 110.5 0 90 0 
obj 19376 -2488.94 2292.77 110.5 0 90 -51 
obj 19452 -2478.18 2299.5 110.5 0 90 88 
obj 19376 -2498.11 2300.64 110.5 0 90 0 
obj 19376 -2508.22 2296.65 110.5 0 90 0 
obj 1419 -2487.33 2321.28 111.1 0 0 0 
obj 1419 -2475.37 2321.1 111.1 0 0 0 
obj 19452 -2498.31 2294.06 110.5 0 90 90 
obj 19452 -2509.51 2286.68 110.5 0 90 90 
obj 19452 -2498.29 2290.65 110.5 0 90 90 
obj 19377 -2474.85 2320.59 93.86 0 90 -2 
obj 19454 -2517.89 2290.39 93.88 0 90 90 
obj 19454 -2517.86 2286.91 93.88 0 90 90 
obj 19377 -2508.01 2290.05 93.86 0 90 0 
obj 19377 -2509.29 2297.52 93.86 0 90 0 
obj 19377 -2527.81 2295.2 93.86 0 90 0 
obj 19454 -2528.63 2300.35 93.88 0 90 90 
obj 19454 -2527.55 2288.67 93.88 0 90 90 
obj 2165 -2501.42 2295.99 50.35 0 0 -269 
obj 2165 -2489.13 2300.48 50.35 0 0 -180 
obj 2165 -2494.02 2288.03 50.35 0 0 -269 
obj 2165 -2477.63 2307.46 50.35 0 0 -91 
obj 2165 -2477.65 2305.88 50.35 0 0 -91 
obj 2165 -2475.08 2306.34 50.35 0 0 -180 
obj 1963 -2507 2292.86 83.73 0 0 0 
obj 1963 -2504.46 2292.88 83.73 0 0 0 
obj 1963 -2507.97 2294.88 61.88 0 0 0 
obj 1963 -2500.33 2294.18 61.88 0 0 0 
obj 2165 -2502.72 2292.07 56.02 0 0 -269 
obj 2165 -2491.54 2304.35 56.02 0 0 -359 
obj 2165 -2489.19 2300.85 56.02 0 0 -180 
obj 2165 -2511.85 2292.86 56.02 0 0 -269.34 
obj 1963 -2499.47 2300.07 18.2 0 0 0 
obj 1963 -2496.82 2300.08 18.2 0 0 0 
obj 1963 -2494.24 2300.07 18.2 0 0 0 
obj 1963 -2494.1 2286.8 18.2 0 0 0 
obj 1963 -2489.71 2286.84 18.2 0 0 0 
obj 1963 -2498 2286.8 18.2 0 0 0 
obj 1963 -2483.91 2283.98 18.2 0 0 0 
obj 1963 -2483.79 2281.76 18.2 0 0 0 
obj 1963 -2483.79 2281.76 18.2 0 0 0 
obj 1963 -2478.7 2281.52 18.2 0 0 0 
obj 1963 -2478.51 2283.88 18.2 0 0 0 
obj 1963 -2478.51 2296.65 18.2 0 0 0 
obj 1963 -2475.31 2296.85 18.2 0 0 0 
obj 2125 -2491.23 2303.4 56.4 0 0 0 
obj 2125 -2489.91 2299.69 56.4 0 0 0 
obj 2125 -2488.23 2299.59 56.4 0 0 0 
obj 2125 -2490.11 2299.16 50.9 0 0 0 
obj 2125 -2488.57 2299.14 50.9 0 0 0 
obj 2125 -2500.51 2296.93 50.9 0 0 0 
obj 2125 -2500.51 2294.74 50.9 0 0 0 
obj 2125 -2475.85 2307.49 50.9 0 0 0 
obj 2125 -2474.09 2307.57 50.9 0 0 0 
obj 2125 -2478.35 2308.9 50.9 0 0 0 
obj 2125 -2478.51 2305.54 50.9 0 0 0 
obj 2125 -2492.57 2288.33 50.9 0 0 0 
obj 2125 -2492.8 2289.74 50.9 0 0 0 
obj 2125 -2501.93 2292.92 45.46 0 0 0 
obj 2125 -2502.02 2294.85 45.46 0 0 0 
obj 2125 -2488.04 2301.42 45.46 0 0 0 
obj 2125 -2491.59 2304.57 45.46 0 0 0 
obj 2125 -2489.37 2304.62 45.46 0 0 0 
obj 2125 -2478.44 2317.34 45.46 0 0 0 
obj 2125 -2480.48 2317.25 45.46 0 0 0 
obj 2125 -2478.16 2310.03 45.46 0 0 0 
obj 2125 -2476.01 2310.01 45.46 0 0 0 
obj 1419 -2483.18 2321.26 111.1 0 0 0 
obj 1419 -2479.4 2321.14 111.1 0 0 0 
obj 1419 -2503.2 2302.94 111.1 0 0 90 
obj 2125 -2510.31 2293.4 56.4 0 0 0 
obj 2125 -2501.65 2294.91 56.4 0 0 0 
obj 2125 -2501.71 2293.04 56.4 0 0 0 
obj 2125 -2499.64 2298.42 18.2 0 0 0 
obj 2125 -2495.91 2298.35 18.2 0 0 0 
obj 2125 -2497.45 2298.47 18.2 0 0 0 
obj 19377 -2531.44 2321.21 17.51 0 0 90 
obj 1768 -2506.99 2294.54 23.38 0 0 -4 
obj 1768 -2525.59 2296.34 23.38 0 0 -4 
obj 2638 -2508.01 2291.62 34.9 0 0 0 
obj 2963 -2519.05 2287.15 112.74 0 0 90 
obj 2963 -2523.04 2288.04 112.74 0 0 66 
obj 2963 -2515 2288.07 112.74 0 0 116 
obj 2963 -2483.89 2310.01 112.64 180 0 90 
obj 1981 -2484.54 2321.57 105.02 0 0 0 
obj 1982 -2480.71 2321.6 105.02 0 0 0 
obj 1983 -2486.47 2321.54 105.02 0 0 0 
obj 1991 -2485.5 2321.57 105.02 0 0 0 
obj 1996 -2481.67 2321.59 105.02 0 0 0 
obj 1981 -2483.62 2321.56 105.02 0 0 0 
obj 1981 -2482.65 2321.58 105.02 0 0 0 
obj 1986 -2479.7 2321.63 105.02 0 0 0 
obj 19377 -2483.77 2306.5 115.36 -90 90 0.04 
obj 19454 -2485.93 2308.3 115.36 -90 90 90 
obj 19454 -2481.81 2308.3 115.36 -90 90 90 
obj 19435 -2483.84 2309.23 114.78 0 90 180 
obj 1978 -2501.24 2297.75 89.9 0 0 0 
obj 1978 -2524.41 2292.27 89.9 0 0 0 
obj 19377 -2499.69 2290.15 105 0 90 0 
obj 19454 -2525.27 2287.37 105 0 90 90 
obj 19452 -2498.27 2287.18 110.5 0 90 90 
obj 19452 -2491.75 2290.28 110.5 0 90 0 
