sell 10825 214.4 -1884.44 1.46 86 -4 -179 
changeobj 1506 214.46 -1893.66 0.44 0 0 3 1502
changeobj 1506 217.47 -1893.47 0.44 0 0 -177 1502
changeobj 1506 224.08 -1902.66 0.44 0 0 -176 1502
changeobj 1506 224.17 -1899.51 7.37 0 0 -89 1502
obj 19462 215.46 -1888.7 0.38 0 90 3 
obj 19432 221.36 -1893.3 2.12 0 0 -87 
obj 19462 223.55 -1888.46 0.38 0 90 3 
obj 19432 219.86 -1893.38 2.12 0 0 -87 
obj 19432 218.26 -1893.47 2.12 0 0 -87 
obj 19432 213.66 -1893.73 2.12 0 0 -87 
obj 19432 208.91 -1893.99 2.12 0 0 -87 
obj 19432 212.08 -1893.81 2.12 0 0 -87 
obj 19432 210.5 -1893.9 2.12 0 0 -87 
obj 19432 225.93 -1893.05 2.12 0 0 -87 
obj 19466 208.17 -1895.12 1.49 0 0 3 
obj 19381 222.19 -1898.56 0.44 0 90 93 
obj 19381 213.19 -1899.05 0.44 0 90 93 
obj 19381 222.86 -1909.01 0.44 0 90 93 
obj 19381 213.74 -1909.47 0.44 0 90 93 
obj 19466 208.4 -1899.52 1.49 0 0 3 
obj 19466 208.26 -1897.3 1.49 0 0 3 
obj 19432 208.59 -1901.4 2.12 0 0 -177 
obj 19432 208.66 -1902.99 2.12 0 0 -177 
obj 19451 208.94 -1908.59 2.12 0 0 -177 
obj 19466 209.15 -1913.83 1.47 0 0 3 
obj 19451 222.31 -1898.05 2.12 0 0 -177 
obj 19425 223.99 -1895.02 0.53 0 0 2 
obj 19451 226.95 -1897.79 2.12 0 0 -177 
obj 19425 224.44 -1900.41 0.53 0 0 2 
obj 19466 208.4 -1899.53 2.91 0 0 3 
obj 19466 208.19 -1895.19 2.91 0 0 3 
obj 19466 208.29 -1897.31 2.91 0 0 3 
obj 19466 209.15 -1913.83 2.89 0 0 3 
obj 19432 226.31 -1902.52 2.12 0 0 -87 
obj 19432 224.87 -1902.59 2.12 0 0 -87 
obj 19432 214.32 -1894.56 2.12 0 0 -177 
obj 19432 213.67 -1896.92 2.12 0 0 -87 
obj 19432 212.13 -1897 2.12 0 0 -87 
obj 19432 210.61 -1897.08 2.12 0 0 -87 
obj 19432 209.09 -1897.15 2.12 0 0 -87 
obj 1799 211.83 -1895.8 0.58 0 0 95 
obj 19432 211.75 -1894.72 2.12 0 0 -177 
obj 1502 211.9 -1896.97 0.49 0 0 93 
obj 1502 214.45 -1896.84 0.49 0 0 93 
obj 2254 209.92 -1894.05 2.09 0 0 5 
obj 2525 213.28 -1894.25 0.53 0 0 4 
obj 2524 213.34 -1894.27 0.51 0 0 0 
obj 2517 212.43 -1895.34 0.53 0 0 4 
obj 19432 221.66 -1902.82 2.12 0 0 -87 
obj 19432 220.84 -1902.06 2.12 0 0 -177 
obj 19432 220.76 -1900.45 2.12 0 0 -177 
obj 1502 220.74 -1899.73 0.49 0 0 93 
obj 1502 222.35 -1899.72 0.49 0 0 184 
obj 19432 220.58 -1897.41 2.12 0 0 -177 
obj 19432 220.5 -1895.85 2.12 0 0 -177 
obj 19432 220.43 -1894.23 2.12 0 0 -177 
obj 2525 221.31 -1900.59 0.53 0 0 94 
obj 2524 221.84 -1900 0.51 0 0 -87 
obj 2517 221.7 -1901.27 0.53 0 0 -176 
obj 1796 221.11 -1896.85 0.49 0 0 1 
obj 19432 217.61 -1894.36 2.12 0 0 -177 
obj 19432 217.68 -1895.94 2.12 0 0 -177 
obj 19432 217.76 -1897.39 2.12 0 0 -177 
obj 19432 218.53 -1898.07 2.12 0 0 -87 
obj 1726 218 -1894.32 0.49 0 0 4 
obj 2370 218.81 -1896.41 0.45 0 0 5 
obj 1502 220.67 -1898.02 0.49 0 0 184 
obj 1670 219.04 -1895.82 1.31 0 0 0 
obj 19451 214 -1914.63 2.12 0 0 -267 
obj 2784 213.18 -1912.52 1.7 0 0 4 
obj 1514 210.08 -1912.82 1.33 0 0 -174 
obj 1514 212.08 -1912.68 1.33 0 0 -174 
obj 1514 213.92 -1912.49 1.33 0 0 -174 
obj 1514 216.27 -1912.27 1.33 0 0 -174 
obj 2484 214.96 -1912.09 2.03 0 0 4 
obj 2500 212.75 -1912.72 1.17 0 0 -177 
obj 2500 210.84 -1912.88 1.17 0 0 -177 
obj 19451 227.45 -1907.21 2.12 0 0 -177 
obj 19466 227.78 -1912.86 1.49 0 0 3 
obj 19466 227.77 -1912.86 2.91 0 0 3 
obj 19466 219.74 -1914.42 1.49 0 0 -87 
obj 19466 221.96 -1914.3 1.49 0 0 -87 
obj 19466 221.94 -1914.3 2.91 0 0 -87 
obj 19466 219.73 -1914.42 2.91 0 0 -87 
obj 19466 224.18 -1914.2 1.49 0 0 -87 
obj 19466 224.16 -1914.19 2.91 0 0 -87 
obj 19432 226.02 -1914.02 2.12 0 0 -87 
obj 19432 227.06 -1913.96 2.12 0 0 -87 
obj 8572 226.46 -1909.47 2.64 0 0 91 
obj 19381 220.83 -1909.1 3.8 0 90 93 
obj 19381 222.28 -1901.57 3.8 0 90 93 
obj 19381 222.06 -1898.52 3.8 0 90 93 
obj 19381 213.16 -1899 3.8 0 90 93 
obj 19381 213.78 -1909.26 3.8 0 90 93 
obj 19432 209.77 -1907.41 2.12 0 0 -87 
obj 19432 211.32 -1907.33 2.12 0 0 -87 
obj 19432 212.86 -1907.25 2.12 0 0 -87 
obj 19432 214.41 -1907.16 2.12 0 0 -87 
obj 19432 215.96 -1907.06 2.12 0 0 -87 
obj 19432 216.62 -1906.18 2.12 0 0 -177 
obj 1502 216.62 -1905.41 0.49 0 0 93 
obj 19432 216.48 -1903.15 2.12 0 0 -177 
obj 19432 216.4 -1901.61 2.12 0 0 -177 
obj 19432 216.32 -1900.05 2.12 0 0 -177 
obj 19432 216.25 -1898.57 2.12 0 0 -177 
obj 19432 216.18 -1897.66 2.12 0 0 -177 
obj 19432 215.26 -1896.83 2.12 0 0 -87 
obj 19432 212.99 -1897.84 2.12 0 0 -179 
obj 19432 215.37 -1898.57 2.12 0 0 -89 
obj 1502 213.07 -1898.63 0.49 0 0 1 
obj 2525 213.29 -1897.42 0.53 0 0 4 
obj 2524 214.04 -1897.51 0.51 0 0 6 
obj 1742 211.08 -1897.06 0.91 0 0 4 
obj 2573 215.83 -1899.84 0.53 0 0 -89 
obj 19318 216.18 -1906.92 1.97 0 11 -178 
obj 2296 209.17 -1906.63 0.62 0 0 93 
obj 2291 211.02 -1904.91 0.53 0 0 -85 
obj 1985 209.33 -1900.52 3.71 0 0 0 
obj 2566 215.16 -1904.48 0.93 0 0 185 
obj 2172 210.87 -1900.66 0.53 0 0 0 
obj 1671 211.55 -1901.43 0.93 0 0 -181 
obj 951 208.96 -1898.74 1.01 0 0 -93 
obj 2370 209.26 -1903.08 0.53 0 0 0 
obj 2484 209.64 -1902.82 2.17 0 0 87 
obj 11319 222.88 -1890.57 3.37 0 82 -87 
obj 1671 210.36 -1911.69 0.93 0 0 4 
obj 1671 212.24 -1911.43 0.93 0 0 4 
obj 1671 216.18 -1911.3 0.93 0 0 4 
obj 1671 213.88 -1911.31 0.93 0 0 4 
obj 2746 223.04 -1909.03 1.04 0 0 0 
obj 2746 223.95 -1905.29 1.04 0 0 0 
obj 2746 220.94 -1905.36 1.04 0 0 0 
obj 2746 220.37 -1908.92 1.04 0 0 0 
obj 19451 214 -1914.63 5.6 0 0 -267 
obj 19466 219.74 -1914.42 4.84 0 0 -87 
obj 19466 221.96 -1914.3 4.84 0 0 -87 
obj 19466 224.18 -1914.2 4.84 0 0 -87 
obj 19466 209.15 -1913.77 4.84 0 0 3 
obj 19466 208.38 -1899.52 4.84 0 0 3 
obj 19466 208.26 -1897.3 4.84 0 0 3 
obj 19466 208.15 -1895.12 4.84 0 0 3 
obj 19466 227.78 -1912.86 4.84 0 0 3 
obj 19432 227.05 -1913.95 5.6 0 0 -87 
obj 19432 227.06 -1913.96 2.12 0 0 -87 
obj 19432 226.05 -1914.02 5.6 0 0 -87 
obj 19451 227.48 -1907.13 5.6 0 0 -177 
obj 19451 226.97 -1897.78 5.6 0 0 -177 
obj 19451 221.96 -1893.24 5.6 0 0 -267 
obj 19451 212.91 -1893.75 5.6 0 0 -267 
obj 19451 208.75 -1905.37 5.6 0 0 -177 
obj 19432 209.04 -1910.98 5.6 0 0 -177 
obj 19432 209.08 -1912 5.6 0 0 -177 
obj 19466 227.78 -1912.86 6.4 0 0 3 
obj 19466 209.15 -1913.77 6.4 0 0 3 
obj 19466 219.73 -1914.42 6.4 0 0 -87 
obj 19466 221.96 -1914.3 6.4 0 0 -87 
obj 19466 224.18 -1914.2 6.4 0 0 -87 
obj 951 219.37 -1912.95 1.01 0 0 11 
obj 951 221.53 -1913.35 1.01 0 0 11 
obj 951 223.45 -1913.35 1.01 0 0 11 
obj 19466 208.38 -1899.49 6.4 0 0 3 
obj 19466 208.26 -1897.3 6.4 0 0 3 
obj 19466 208.15 -1895.12 6.4 0 0 3 
obj 15036 210.61 -1896.76 5 0 0 0 
obj 19432 212.96 -1896.1 5.6 0 0 -177 
obj 1502 212.95 -1895.32 3.89 0 0 93 
obj 19432 213.07 -1897.67 5.6 0 0 -177 
obj 19432 212.37 -1898.41 5.6 0 0 -88 
obj 19432 210.77 -1898.47 5.6 0 0 -88 
obj 19432 209.17 -1898.55 5.6 0 0 -88 
obj 2258 224.01 -1893.24 5.51 0 0 4 
obj 19432 209.53 -1903 5.6 0 0 -88 
obj 19432 211.05 -1902.97 5.6 0 0 -88 
obj 19432 212.55 -1902.91 5.6 0 0 -88 
obj 1502 213.36 -1902.95 3.83 0 0 93 
obj 19432 213.24 -1900.69 5.6 0 0 -177 
obj 19432 213.17 -1899.27 5.6 0 0 -177 
obj 1796 209.15 -1902.1 3.79 0 0 3 
obj 19432 211.55 -1899.15 5.6 0 0 -177 
obj 1502 211.55 -1899.91 3.99 0 0 1 
obj 2525 212.39 -1898.9 3.89 0 0 4 
obj 2291 210.39 -1899.18 3.87 0 0 0 
obj 2484 209.72 -1902.38 4.71 0 0 0 
obj 1594 224.08 -1898.74 4.25 0 0 0 
obj 1594 219.84 -1898.04 4.25 0 0 0 
obj 1594 215.84 -1898.54 4.25 0 0 0 
obj 1594 224.36 -1901.2 4.25 0 0 0 
obj 1594 219.64 -1901.88 4.25 0 0 0 
obj 1594 216.12 -1902.09 4.25 0 0 0 
obj 1594 219.74 -1904.64 4.25 0 0 0 
obj 1594 223.78 -1904.73 4.25 0 0 0 
obj 16151 219.49 -1894.46 4.45 0 0 93 
obj 2216 216.05 -1902.36 4.7 -26 24 0 
obj 2216 219.63 -1902.23 4.7 -26 24 0 
obj 2216 219.76 -1904.9 4.7 -26 24 0 
obj 2216 223.87 -1905.08 4.7 -26 24 0 
obj 2216 224.37 -1901.46 4.7 -26 24 0 
obj 2216 224 -1898.91 4.7 -26 24 0 
obj 2216 219.94 -1898.26 4.7 -26 24 0 
obj 2216 215.81 -1898.73 4.7 -26 24 0 
obj 19451 213.48 -1907.67 5.6 0 0 -177 
obj 1502 213.95 -1914.57 3.83 0 0 93 
obj 19432 213.71 -1912.27 5.6 0 0 -177 
obj 19432 212.45 -1904.48 5.6 0 0 -88 
obj 1502 211.78 -1904.54 3.83 0 0 93 
obj 1796 210.34 -1906.54 3.79 0 0 3 
obj 2484 212.52 -1907.75 4.71 0 0 0 
obj 2525 212.38 -1903.49 3.89 0 0 4 
obj 2291 212.15 -1906.34 3.87 0 0 0 
obj 19315 209.93 -1910.81 4.16 0 0 0 
obj 2064 212.28 -1909.03 4.49 0 0 -91 
obj 2064 212.19 -1910.73 4.49 0 0 -91 
obj 2064 212.09 -1912.38 4.49 0 0 -91 
obj 19315 209.9 -1909.17 4.16 0 0 0 
obj 19315 209.86 -1912.42 4.16 0 0 0 
obj 1726 217.81 -1913.78 3.83 0 0 -177 
obj 1726 220.7 -1913.65 3.83 0 0 -177 
obj 1726 223.78 -1913.41 3.83 0 0 -177 
obj 2630 222.26 -1907.5 3.85 0 0 0 
obj 2627 220.77 -1907.75 3.85 0 0 0 
obj 2631 224.73 -1907.9 3.85 0 0 -85 
obj 2630 222.58 -1910.04 3.85 0 0 0 
obj 2627 220.69 -1910.71 3.85 0 0 0 
obj 2627 217.33 -1910.7 3.85 0 0 0 
obj 2630 218.91 -1910.21 3.85 0 0 0 
obj 2630 218.92 -1907.69 3.85 0 0 0 
obj 2627 217.26 -1908.03 3.85 0 0 0 
obj 2630 215.25 -1907.93 3.85 0 0 0 
obj 2630 215.11 -1910.67 3.85 0 0 0 
obj 8572 226.1 -1902.44 6.14 0 0 92 
obj 19381 213.15 -1898.98 7.28 0 90 93 
obj 19381 213.77 -1909.39 7.28 0 90 93 
obj 19381 221.15 -1909.29 7.28 0 90 93 
obj 19432 226.92 -1912.22 7.26 0 90 -87 
obj 19432 226.69 -1908.88 7.26 0 90 -87 
obj 19432 226.55 -1905.82 7.26 0 90 -87 
obj 19381 220.24 -1898.83 7.28 0 90 93 
obj 19432 225.77 -1898.01 7.26 0 90 -87 
obj 19432 226.11 -1897.98 7.26 0 90 -87 
obj 19432 226.03 -1894.78 7.26 0 90 -87 
obj 19432 225.68 -1894.79 7.26 0 90 -87 
obj 19432 226.55 -1904.04 9.06 0 1 -87 
obj 19432 227.23 -1903.17 9.06 0 1 2 
obj 19432 227.12 -1901.59 9.1 0 1 2 
obj 19432 227.07 -1900.03 9.08 0 1 2 
obj 19432 225.04 -1904.13 9.06 0 1 -87 
obj 19432 226.31 -1899.33 9.06 0 1 -87 
obj 19432 224.8 -1899.42 9.06 0 1 -87 
obj 19432 224.38 -1903.25 9.08 0 1 2 
obj 19432 224.35 -1901.78 9.08 0 1 2 
obj 19432 226.35 -1901.06 10.74 0 90 -87 
obj 19432 226.35 -1902.07 10.74 0 90 -87 
obj 19432 225.22 -1902.21 10.74 0 90 -87 
obj 19432 225.06 -1901.12 10.74 0 90 -87 
obj 16375 236.52 -1919.99 7.41 0 0 0 
obj 1687 223.21 -1911.76 8.13 0 0 0 
obj 1697 222.27 -1907.15 8.54 0 0 51 
obj 1697 220.5 -1897.39 8.54 0 0 51 
obj 1697 214.38 -1896.66 8.54 0 0 51 
