sell 10825 578.99 1999.08 61.1 90 90 0 
changeobj 1506 581.21 2014.88 64.91 0 0 0 1502
changeobj 1506 581.14 2014.87 64.91 0 0 180 1502
changeobj 1506 578.13 2014.97 64.91 0 0 0 1502
changeobj 1506 578 2014.87 64.91 0 0 180 1502
changeobj 1506 564.35 1999.9 64.87 0 0 90 1502
changeobj 1506 564.34 2002.9 64.87 0 0 270 1502
changeobj 1506 561.94 2003.28 65.1 0 0 0 1502
changeobj 1506 543.78 1997.34 65.03 0 0 0 1502
changeobj 1506 551.08 2001.77 64.98 0 0 90 1502
changeobj 1506 541.96 1997.35 64.97 0 0 0 1502
obj 19452 577.88 1997.88 60.44 18 90 90 
obj 19452 568.84 1997.87 63.41 18 90 90 
obj 19452 577.86 2001.25 60.46 18 90 90 
obj 19452 568.8 2001.25 63.41 18 90 90 
obj 19379 559.57 1999.26 64.89 0 90 90 
obj 19379 559.37 2009.67 64.89 0 90 90 
obj 19379 549.99 2009.79 64.89 0 90 90 
obj 19379 550.01 1999.3 64.89 0 90 90 
obj 19379 540.64 1999.33 64.89 0 90 90 
obj 19379 540.61 2009.78 64.89 0 90 90 
obj 19379 540.51 2014.97 70.17 0 0 90 
obj 19379 550.07 2014.97 70.17 0 0 90 
obj 19379 559.58 2014.85 70.17 0 0 90 
obj 19379 559.55 1994.09 70.17 0 0 90 
obj 19379 550.08 1994.08 70.17 0 0 90 
obj 19379 535.91 2000.57 70.17 0 0 0 
obj 19379 540.75 1994.07 70.17 0 0 90 
obj 19379 535.98 2010.29 70.17 0 0 0 
obj 19379 535.88 1998.82 70.17 0 0 0 
obj 19379 568.96 2009.61 64.85 0 90 90 
obj 19379 568.96 2008.26 64.85 0 90 90 
obj 19379 578.25 2008.19 64.89 0 90 90 
obj 19379 578.24 2009.61 64.89 0 90 90 
obj 19452 577.89 2019.27 63.27 20 90 180 
obj 19452 577.97 2028.28 60.03 20 90 180 
obj 19452 577.99 2037.3 56.74 20 90 180 
obj 19452 578 2046.27 53.51 20 90 180 
obj 19452 578.04 2053.74 52.21 0 90 180 
obj 19452 571.79 2056.49 50.59 20 90 272 
obj 19452 571.93 2053.09 50.59 20 90 272 
obj 19452 581.41 2053.72 52.21 0 90 180 
obj 19452 581.33 2046.19 53.51 20 90 180 
obj 19452 581.28 2037.23 56.74 20 90 180 
obj 19452 581.27 2028.21 60.03 20 90 180 
obj 19452 581.25 2019.29 63.27 20 90 180 
obj 19376 566.41 2054.98 50.44 0 90 0 
obj 19425 580.18 2003.82 64.99 0 0 0 
obj 19425 580.12 2007.88 65.01 0 0 0 
obj 19425 576.29 2007.88 65.01 0 0 0 
obj 19425 576.48 2003.85 64.99 0 0 0 
obj 19425 572.68 2003.89 64.99 0 0 0 
obj 19425 572.55 2007.84 65.01 0 0 0 
obj 19425 569.05 2003.97 65.01 0 0 0 
obj 19425 568.98 2007.82 65.01 0 0 0 
obj 19425 564.64 2013.11 65.01 0 0 90 
obj 19425 569.2 2013.04 64.89 0 0 90 
obj 19425 570.17 2013.01 64.89 0 0 90 
obj 19425 574.83 2013.1 65.01 0 0 90 
obj 19379 569.22 2014.9 70.17 0 0 90 
obj 19379 571.52 2014.91 70.17 0 0 90 
obj 19462 577.96 2014.84 69.42 0 0 90 
obj 19462 577.96 2014.84 72.89 0 0 90 
obj 19462 577.96 2014.84 73.64 0 0 90 
obj 19379 535.98 2010.08 70.17 0 0 0 
obj 19379 582.95 2010.06 70.17 0 0 0 
obj 19379 582.97 2007.82 70.17 0 0 0 
obj 19379 578.12 2002.88 70.17 0 0 90 
obj 19379 569.32 2003.07 70.17 0 0 90 
obj 19462 564.3 1998.78 73.67 0 0 0 
obj 19379 569.08 2003.1 70.17 0 0 90 
obj 19462 564.32 1998.76 70.34 0 0 0 
obj 19462 564.3 1996.02 69.58 90 0 0 
obj 19462 564.39 1998.14 69.91 90 0 0 
obj 19462 564.28 1998.53 69.4 0 0 0 
obj 19462 564.25 1998.19 70.6 90 0 0 
obj 19379 561.83 2010.05 70.17 0 0 0 
obj 19379 561.66 2008.02 70.17 0 0 0 
obj 19462 566.39 2003.16 69.62 0 0 90 
obj 19379 568.3 2003.09 70.17 0 0 90 
obj 19462 566.39 2003.16 73.07 0 0 90 
obj 19462 566.39 2003.16 73.69 0 0 90 
obj 19379 540.63 2005.33 70.17 0 0 90 
obj 19379 545.67 1998.75 70.17 0 0 0 
obj 19462 541.83 1995.72 69.58 90 0 0 
obj 1502 545.54 2003.59 64.98 0 0 90 
obj 1502 540.14 1997.34 64.98 0 0 0 
obj 1502 538.27 1997.28 64.98 0 0 0 
obj 19462 539.94 1995.66 69.58 90 0 0 
obj 19462 538.07 1995.6 69.58 90 0 0 
obj 1502 536.45 1997.21 64.98 0 0 0 
obj 19462 536.27 1995.47 69.58 90 0 0 
obj 19462 540.9 1997.39 69.58 0 0 90 
obj 19462 540.9 1997.39 72.96 0 0 90 
obj 2514 544.77 1994.65 64.96 0 0 180 
obj 2514 542.8 1994.61 64.96 0 0 180 
obj 2514 540.95 1994.56 64.96 0 0 180 
obj 2514 538.91 1994.78 64.96 0 0 180 
obj 2514 537.22 1994.68 64.96 0 0 180 
obj 2515 536.62 1995.6 65.54 0 0 90 
obj 2515 538.42 1995.88 65.54 0 0 90 
obj 2515 540.28 1995.64 65.54 0 0 90 
obj 2515 542.16 1995.45 65.54 0 0 90 
obj 2515 543.92 1995.73 65.54 0 0 90 
obj 1828 544.2 2003.57 64.96 0 0 90 
obj 1828 546.89 2004.49 64.96 0 0 90 
obj 19379 550.48 2003.48 70.17 0 0 90 
obj 19379 555.34 2000.71 70.17 0 0 0 
obj 19462 555.29 1999.03 69.17 0 0 0 
obj 19462 555.29 1999.03 72.65 0 0 0 
obj 19462 555.29 1999.03 73.67 0 0 0 
obj 19379 555.41 2006.69 70.17 0 0 0 
obj 1502 555.47 2011.61 64.97 0 0 90 
obj 1502 555.41 2014.57 65.01 0 0 -90 
obj 19462 545.36 2000.64 69.46 0 0 0 
obj 19462 545.36 2000.64 72.89 0 0 0 
obj 19462 545.36 2000.64 73.66 0 0 0 
obj 1502 555.42 1994.27 64.92 0 0 90 
obj 19462 551.1 1995.84 69.46 90 0 0 
obj 19462 551.04 1999.98 69.46 90 0 0 
obj 19462 551.08 1998.66 69.46 90 0 0 
obj 1745 546.1 1999.91 64.99 0 0 0 
obj 1745 548.56 1999.9 64.95 0 0 0 
obj 2296 549.23 1994.41 64.96 0 0 180 
obj 1208 545.32 1999.15 65 0 0 90 
obj 19462 543.66 1995.76 69.58 90 0 0 
obj 1808 550.33 1994.84 65.04 0 0 0 
obj 2100 551.85 2014.75 65.03 0 0 0 
obj 2100 543.06 2014.78 65.03 0 0 0 
obj 2100 537.07 2013.94 65.03 0 0 60 
obj 2100 536.87 2010.65 65.03 0 0 90 
obj 2100 537.2 2006.48 65.03 0 0 90 
obj 19379 578.1 2009.63 75.36 0 90 90 
obj 19379 578.15 2008.18 75.36 0 90 90 
obj 19379 568.54 2008.21 75.36 0 90 90 
obj 19379 568.58 2009.64 75.36 0 90 90 
obj 19379 559 2009.63 75.36 0 90 90 
obj 19379 549.54 2009.7 75.36 0 90 90 
obj 19379 540.06 2009.71 75.36 0 90 90 
obj 19379 540.08 1999.27 75.36 0 90 90 
obj 19379 549.72 1999.34 75.36 0 90 90 
obj 19379 559.3 1999.29 75.36 0 90 90 
obj 19379 559.54 1999.22 75.36 0 90 90 
obj 19304 582.95 2016.72 64.91 0 20 90 
obj 19304 583 2013.49 65.54 0 0 90 
obj 19304 582.97 2023.27 62.52 0 20 90 
obj 19304 582.95 2026.48 61.35 0 20 90 
obj 19304 582.95 2029.71 60.2 0 20 90 
obj 19304 582.96 2032.92 59.02 0 20 90 
obj 19304 576.32 2016.66 64.91 0 20 90 
obj 19304 582.99 2020.03 63.82 0 20 90 
obj 19304 576.35 2019.96 63.82 0 20 90 
obj 19304 576.33 2023.2 62.52 0 20 90 
obj 19304 576.3 2026.54 61.35 0 20 90 
obj 19304 576.33 2029.56 60.2 0 20 90 
obj 19304 576.3 2032.83 59.02 0 20 90 
obj 19304 576.31 2036.15 57.84 0 20 90 
obj 19304 582.94 2036.13 57.84 0 20 90 
obj 19304 582.93 2039.38 56.64 0 20 90 
obj 19304 576.29 2039.4 56.64 0 20 90 
obj 19304 582.86 2042.62 55.37 0 20 90 
obj 19304 576.32 2042.65 55.37 0 20 90 
obj 19304 576.28 2045.86 54.17 0 20 90 
obj 19304 582.87 2045.97 54.17 0 20 90 
obj 19304 582.86 2048.44 53.26 0 20 90 
obj 19304 576.34 2048.92 53.17 0 20 90 
obj 19304 583.05 2051.49 52.85 0 0 90 
obj 19304 583.04 2054.97 52.85 0 0 90 
obj 19304 583.12 2056.7 52.85 0 0 90 
obj 19304 581.39 2058.44 52.85 0 0 0 
obj 19304 578.09 2058.33 52.85 0 0 0 
obj 19376 560.42 2054.93 51.69 0 102 0 
