sell 10825 -2897.35 -593.12 6.96 84 4 90 
changeobj 1506 -2921 -598.01 6.01 0 0 97.87 1502
changeobj 1506 -2903.37 -599.74 6.01 0 0 358.95 1502
changeobj 1506 -2912.63 -596.21 9.47 0 0 289.24 1502
obj 19454 -2903.38 -602.87 5.94 0 90 0 
obj 19454 -2903.33 -593.26 5.94 0 90 0 
obj 19454 -2906.79 -593.29 5.94 0 90 0 
obj 19454 -2906.86 -602.85 5.94 0 90 0 
obj 19454 -2910.22 -593.25 5.94 0 90 0 
obj 19454 -2910.27 -602.83 5.94 0 90 0 
obj 19454 -2900.06 -593.25 5.94 0 90 0 
obj 19454 -2913.73 -593.2 5.94 0 90 0 
obj 19454 -2913.7 -602.82 5.94 0 90 0 
obj 19454 -2917.15 -593.2 5.94 0 90 0 
obj 19454 -2917.09 -602.7 5.94 0 90 0 
obj 19454 -2920.63 -593.28 5.94 0 90 0 
obj 19454 -2920.6 -602.83 5.94 0 90 0 
obj 19454 -2906.43 -607.46 7.61 0 0 269.43 
obj 19454 -2916.04 -607.47 7.61 0 0 270.37 
obj 19454 -2920.88 -602.79 7.61 0 0 181.28 
obj 19454 -2917.61 -593.47 7.61 0 0 310.65 
obj 19454 -2909.44 -590.36 7.61 0 0 271.28 
obj 19454 -2901.77 -602.85 7.61 0 0 180.28 
obj 19454 -2903.97 -594.98 7.61 0 0 187.79 
obj 19454 -2896.56 -593.31 5.94 0 90 0 
obj 3439 -2921.47 -589.95 10.11 0 0 0 
obj 3439 -2898.05 -588.99 10.11 0 0 0 
obj 3439 -2921.97 -607.3 10.11 0 0 0 
obj 3806 -2922.09 -591.68 6.36 0 0 178.86 
obj 3806 -2922.19 -594.22 6.36 0 0 178.86 
obj 3806 -2922.21 -599.08 6.36 0 0 178.86 
obj 3806 -2922.39 -601.38 6.36 0 0 178.86 
obj 3806 -2922.4 -603.7 6.36 0 0 178.86 
obj 3806 -2922.48 -605.97 6.36 0 0 178.86 
obj 970 -2922.45 -596.12 6.47 0 0 269.41 
obj 1723 -2919.22 -593.84 5.96 0 0 222.28 
obj 1723 -2916.45 -591.14 5.96 0 0 222.28 
obj 3806 -2917.38 -588.89 6.36 0 0 95.5 
obj 3806 -2920 -589.16 6.36 0 0 95.5 
obj 3532 -2913.35 -589.08 6.69 0 0 270.21 
obj 3532 -2908.62 -589.1 6.69 0 0 270.21 
obj 3532 -2906.07 -589.03 6.69 0 0 270.21 
obj 19454 -2916.2 -597.15 7.61 0 0 280.44 
obj 19454 -2911.8 -602.61 7.61 0 0 175.81 
obj 1491 -2911.46 -597.82 6.05 0 0 92.24 
obj 2296 -2920.43 -605.22 6.02 0 0 92.38 
obj 1723 -2915.21 -604.59 6.03 0 0 267.34 
obj 1723 -2915.09 -601.2 6.03 0 0 267.34 
obj 1726 -2917.75 -604.65 6.01 0 0 266.76 
obj 2644 -2919.3 -600.82 6.43 0 0 0 
obj 2827 -2919.3 -600.83 6.86 0 0 0 
obj 1808 -2918.92 -598.06 6.03 0 0 8.17 
obj 2627 -2917.21 -598.52 6.03 0 0 1.27 
obj 2627 -2915.29 -598.3 6.03 0 0 1.27 
obj 1724 -2917.07 -600.99 5.98 0 0 268.91 
obj 1724 -2917.19 -602.64 5.98 0 0 268.91 
obj 2259 -2920.3 -601.63 8.08 0 0 91.37 
obj 14455 -2912.18 -605.01 7.55 0 0 85.34 
obj 1775 -2913.54 -606.97 7.14 0 0 179.54 
obj 16151 -2907.51 -606.2 6.33 0 0 269.68 
obj 1728 -2908.84 -602.52 6.03 0 0 182.4 
obj 2644 -2909.54 -601.19 6.6 0 0 0 
obj 2858 -2909.56 -601.19 7.03 0 0 0 
obj 1728 -2910.86 -600 6.03 0 0 2.78 
obj 19433 -2904.57 -591.42 7.68 0 0 6.29 
obj 19433 -2907.53 -591.19 7.68 0 0 0.24 
obj 19433 -2907.51 -592.73 7.68 0 0 0.24 
obj 19433 -2904.42 -592.99 7.68 0 0 5.15 
obj 2525 -2905.15 -591 6.02 0 0 270.39 
obj 2525 -2905.07 -592.3 6.02 0 0 270.39 
obj 2525 -2906.93 -591.28 6.02 0 0 87.59 
obj 2525 -2906.93 -592.68 6.02 0 0 90.94 
obj 2523 -2907.12 -590.88 6.02 0 0 0 
obj 2523 -2906.19 -590.88 6.02 0 0 0 
obj 19433 -2906.67 -593.39 7.68 0 0 91.12 
obj 1491 -2905.91 -593.42 6.02 0 0 347.37 
obj 19433 -2906.23 -591.22 9.35 0 90 181.18 
obj 19433 -2906.17 -592.77 9.35 0 90 181.18 
obj 1893 -2907.84 -592.24 9.37 0 0 271.39 
obj 2747 -2908.23 -592.16 6.44 0 0 271.31 
obj 2828 -2907.91 -592.2 6.85 0 0 54.6 
obj 2827 -2908.31 -591.82 6.86 0 0 277.88 
obj 2827 -2908.23 -592.63 6.86 0 0 147.41 
obj 2639 -2909.44 -592.11 6.82 0 0 273.71 
obj 2008 -2904.43 -595.35 6.02 0 0 273 
obj 2008 -2902.28 -605.24 6.02 0 0 269.03 
obj 2164 -2917.77 -596.87 6.57 0 0 10.74 
obj 2164 -2915.18 -596.43 6.57 0 0 10.74 
obj 14455 -2916.18 -592.54 7.55 0 0 220.89 
obj 2573 -2913.58 -591.17 6.05 0 0 0 
obj 19454 -2919.12 -602.68 9.4 0 90 181.23 
obj 19454 -2915.75 -602.6 9.4 0 90 180.57 
obj 19454 -2912.3 -602.58 9.4 0 90 180 
obj 19454 -2908.83 -602.6 9.4 0 90 180.18 
obj 19454 -2905.39 -602.58 9.4 0 90 180.19 
obj 19454 -2903.42 -602.59 9.4 0 90 180.19 
obj 19454 -2916.15 -596.21 9.4 0 90 269.99 
obj 19454 -2906.51 -596.17 9.4 0 90 269.99 
obj 19454 -2916.14 -592.73 9.4 0 90 269.99 
obj 19454 -2906.54 -592.75 9.4 0 90 269.99 
obj 19454 -2915.95 -589.26 9.4 0 90 269.99 
obj 19454 -2906.53 -589.28 9.4 0 90 269.99 
obj 3499 -2902.61 -588.03 3.95 0 0 0 
obj 3499 -2920.27 -588.06 3.95 0 0 0 
obj 3499 -2920.26 -589.09 0.42 0 0 0 
obj 3499 -2921.83 -607.03 0.42 0 0 0 
obj 3499 -2910.66 -606.95 0.42 0 0 0 
obj 3499 -2904 -606.98 0.42 0 0 0 
obj 3499 -2911.51 -589.56 0.42 0 0 0 
obj 19325 -2920.92 -603.92 10.74 0 0 1.37 
obj 19454 -2916.18 -607.25 10.94 0 0 271.61 
obj 19454 -2916.8 -598.51 10.94 0 0 300.02 
obj 19454 -2911.74 -602.44 10.94 0 0 4.25 
obj 1745 -2917.99 -603.65 9.48 0 0 179.87 
obj 1745 -2915.07 -603.62 9.48 0 0 179.87 
obj 1808 -2911.73 -606 9.48 0 0 272.29 
obj 1808 -2911.9 -603.34 9.48 0 0 272.29 
obj 2131 -2912.67 -606.64 9.49 0 0 180.78 
obj 14455 -2916.01 -598.21 11.03 0 0 210.68 
obj 2259 -2912.53 -600.11 10.41 0 0 275.19 
obj 2259 -2912.37 -601.89 10.41 0 0 275.19 
obj 2608 -2911.76 -604.45 10.14 0 0 274.59 
obj 2747 -2918.38 -602.24 9.89 0 0 31.1 
obj 2821 -2918.75 -602.51 10.3 0 0 0 
obj 2858 -2918.2 -602.12 10.55 0 0 0 
obj 2747 -2916.5 -600.73 9.89 0 0 31.1 
obj 2827 -2916.8 -600.98 10.3 0 0 0 
obj 2827 -2916.29 -600.5 10.3 0 0 0 
obj 2639 -2918.01 -602.97 10.13 0 0 29.09 
obj 2639 -2915.82 -601.36 10.12 0 0 29.09 
obj 19454 -2916.16 -605.96 12.72 0 90 272.58 
obj 19454 -2916.26 -602.52 12.72 0 90 272.58 
obj 19454 -2916.43 -599.05 12.72 0 90 272.58 
obj 19454 -2916.48 -597.72 12.72 0 90 272.58 
obj 1723 -2918.09 -598.59 9.48 0 0 209.48 
obj 1723 -2914.79 -596.67 9.48 0 0 209.51 
obj 19425 -2907.39 -592.08 9.48 0 0 1.34 
obj 19425 -2907.54 -588.64 9.48 0 0 1.2 
obj 19425 -2907.52 -590.34 9.48 0 0 92.61 
obj 13749 -2899.03 -618.12 2.7 0 0 54.47 
obj 19332 -2919.12 -609.09 11.85 0 0 0 
obj 19425 -2903.95 -592.2 6.03 0 0 97.12 
obj 19425 -2900.03 -591.73 6.03 0 0 98.17 
obj 1231 -2894.43 -599.39 9.63 0 0 277.17 
obj 1231 -2895.23 -588.85 8.76 0 0 277.17 
obj 1231 -2909.55 -605.98 12.35 0 0 277.17 
obj 1231 -2910.46 -598.86 12.35 0 0 277.17 
obj 1231 -2920.25 -587.72 12.35 0 0 277.17 
obj 1893 -2907.8 -597.77 9.37 0 0 271.39 
obj 1893 -2906.76 -600.55 9.37 0 0 271.39 
obj 1893 -2915.78 -601.69 9.37 0 0 271.39 
obj 1893 -2903.06 -598.56 9.42 0 0 3.06 
obj 1728 -2905.04 -602.45 6.03 0 0 182.4 
obj 1728 -2907.08 -600.03 6.03 0 0 2.78 
obj 2858 -2905.79 -601.24 7.03 0 0 0 
obj 2644 -2905.74 -601.16 6.6 0 0 0 
obj 14791 -2915.45 -590.92 11.49 0 0 0 
obj 970 -2920.92 -598.3 10.04 0 0 270.65 
obj 970 -2920.85 -594.37 10.04 0 0 266.45 
obj 970 -2920.6 -590.35 10.04 0 0 266.49 
obj 970 -2918.44 -587.94 10.04 0 0 189.75 
obj 970 -2914.35 -587.62 10.04 0 0 178.86 
