sell 10825 -1598.04 1355.3 5.22 84 164 -4 
changeobj 1506 -1603.9 1344.98 9.53 0 0 -26 1502
changeobj 1506 -1631.79 1330.99 7.09 0 0 -40 1502
changeobj 1506 -1637.86 1336.07 4.35 0 0 -40 1502
changeobj 1506 -1644.32 1329.34 1.98 0 0 50 1502
changeobj 1506 -1618.93 1331.34 6.92 0 0 -26 1502
changeobj 1506 -1600.6 1322.57 4.34 0 0 65 1502
changeobj 1506 -1621.35 1349 9.57 0 0 64 1502
changeobj 1506 -1584.81 1332.8 9.58 0 0 64 1502
changeobj 1506 -1593.48 1337.14 9.58 0 0 64 1502
changeobj 1506 -1611.96 1346.53 9.58 0 0 64 1502
obj 3498 -1592.45 1339.15 5.04 0 0 0 
obj 19378 -1599.08 1337.45 9.52 0 90 -26 
obj 19378 -1608.44 1342.01 9.52 0 90 -26 
obj 19378 -1612.72 1333.4 9.52 0 90 -26 
obj 19378 -1603.28 1328.8 9.52 0 90 -26 
obj 3498 -1611.08 1348.31 -1.92 0 0 0 
obj 3498 -1611.08 1348.31 5.04 0 0 0 
obj 3498 -1619.24 1331.43 5.04 0 0 0 
obj 3498 -1600.47 1322.38 4.53 0 0 0 
obj 3498 -1600.45 1322.37 -3.72 0 0 0 
obj 19325 -1595.27 1340.84 11.57 0 0 64 
obj 3498 -1592.45 1339.18 8.75 0 0 0 
obj 19435 -1599 1342.6 11.32 0 0 64 
obj 19435 -1600.41 1343.29 11.33 0 0 64 
obj 19435 -1601.85 1343.98 11.34 0 0 64 
obj 19325 -1608.14 1347.08 11.57 0 0 64 
obj 19435 -1604.62 1345.31 11.33 0 0 64 
obj 3498 -1611.32 1348.43 9.13 0 0 0 
obj 19325 -1615.57 1339.38 11.57 0 0 154 
obj 19325 -1618.04 1334.29 11.57 0 0 154 
obj 3498 -1619.29 1331.17 9.14 0 0 0 
obj 19325 -1616.15 1329.74 11.57 0 0 64 
obj 19435 -1612.5 1328.04 11.36 0 0 64 
obj 19435 -1611.08 1327.36 11.35 0 0 64 
obj 19435 -1609.65 1326.66 11.36 0 0 64 
obj 19435 -1608.22 1325.96 11.35 0 0 64 
obj 19435 -1606.79 1325.25 11.34 0 0 64 
obj 19325 -1603.64 1323.7 11.57 0 0 64 
obj 3498 -1600.57 1322.33 8.63 0 0 0 
obj 19325 -1599.1 1325.4 11.57 0 0 154 
obj 19325 -1596.22 1331.31 11.57 0 0 154 
obj 19377 -1599.07 1337.38 13.16 0 90 -26 
obj 19377 -1608.5 1341.97 13.16 0 90 -26 
obj 19377 -1612.73 1333.32 13.16 0 90 -26 
obj 19377 -1603.28 1328.73 13.16 0 90 -26 
obj 19377 -1603.28 1328.73 13.33 0 90 -26 
obj 19377 -1603.28 1328.73 13.8 0 90 -26 
obj 19377 -1603.28 1328.73 13.65 0 90 -26 
obj 19377 -1612.73 1333.32 13.32 0 90 -26 
obj 19377 -1612.73 1333.32 13.5 0 90 -26 
obj 19377 -1612.73 1333.32 13.67 0 90 -26 
obj 19377 -1608.5 1341.97 13.29 0 90 -26 
obj 19377 -1608.5 1341.97 13.47 0 90 -26 
obj 19377 -1608.5 1341.97 13.64 0 90 -26 
obj 19377 -1599.07 1337.38 13.33 0 90 -26 
obj 19377 -1599.07 1337.38 13.48 0 90 -26 
obj 19377 -1599.07 1337.38 13.62 0 90 -26 
obj 19466 -1603.01 1344.5 12.99 0 0 64 
obj 19377 -1608.5 1341.97 13.8 0 90 -26 
obj 19377 -1608.5 1341.97 13.99 0 90 -26 
obj 19377 -1599.07 1337.38 13.82 0 90 -26 
obj 19377 -1599.07 1337.38 13.99 0 90 -26 
obj 19377 -1612.73 1333.32 13.83 0 90 -26 
obj 19377 -1612.73 1333.32 13.96 0 90 -26 
obj 19377 -1603.28 1328.73 13.48 0 90 -26 
obj 19377 -1603.28 1328.73 13.95 0 90 -26 
obj 3361 -1601.06 1349.27 7.52 0 0 64 
obj 3361 -1598.59 1354.32 3.72 0 0 64 
obj 19435 -1612.75 1329.11 11.36 0 0 154 
obj 19435 -1612.08 1330.54 11.36 0 0 154 
obj 19435 -1611.43 1331.92 11.36 0 0 154 
obj 19435 -1610.74 1333.34 11.36 0 0 154 
obj 19408 -1609.72 1335.48 11.36 0 0 -26 
obj 19466 -1609.77 1335.43 11.47 0 0 -26 
obj 19435 -1609.75 1337.18 11.35 0 0 64 
obj 19435 -1614.57 1339.58 11.35 0 0 64 
obj 19435 -1613.16 1338.88 11.35 0 0 64 
obj 19391 -1611.35 1337.99 11.3 0 0 64 
obj 1491 -1612.05 1338.36 9.61 0 0 -26 
obj 1701 -1614.96 1332.79 9.56 0 0 245 
obj 2311 -1615.7 1337.82 9.58 0 0 64 
obj 2827 -1615.51 1338.4 9.6 0 0 0 
obj 2824 -1615.12 1338.86 9.62 0 0 0 
obj 2827 -1615.75 1337.8 9.65 0 0 0 
obj 2826 -1615.14 1339.06 10.08 0 0 0 
obj 1786 -1615.89 1338.09 10.05 0 0 41 
obj 1728 -1609.81 1336.53 9.61 0 0 -117 
obj 1731 -1611.6 1332.11 10.59 0 0 -24 
obj 1823 -1614.24 1328.81 9.55 0 0 -26 
obj 2826 -1613.57 1329 10.08 0 0 0 
obj 2827 -1613.61 1329.12 9.62 0 0 0 
obj 1744 -1610.54 1333.6 10.52 0 0 -115 
obj 1731 -1612.66 1329.83 10.59 0 0 -24 
obj 2328 -1612.68 1332.67 9.61 0 0 -115 
obj 2328 -1613.98 1330.33 9.61 0 0 -115 
obj 2816 -1617.03 1332.74 9.61 0 0 0 
obj 2826 -1617.64 1331.92 9.62 0 0 0 
obj 2204 -1618.95 1332.04 9.61 0 0 65 
obj 2816 -1618.21 1332.99 10.39 0 0 62 
obj 2826 -1617.95 1333.66 10.38 0 0 -54 
obj 2824 -1618.13 1332.99 11 0 0 40 
obj 2816 -1618.21 1332.99 10.69 0 0 62 
obj 19435 -1605.8 1325.74 11.36 0 0 154 
obj 19435 -1605.09 1327.18 11.36 0 0 154 
obj 19435 -1604.42 1328.58 11.36 0 0 154 
obj 19408 -1603.4 1330.67 11.36 0 0 -26 
obj 19466 -1603.33 1330.76 11.47 0 0 -26 
obj 19435 -1602.01 1331.68 11.35 0 0 64 
obj 19391 -1600.03 1330.7 11.3 0 0 64 
obj 1491 -1599.33 1330.4 9.61 0 0 -206 
obj 19435 -1597.94 1329.67 11.35 0 0 64 
obj 2311 -1601.37 1326 9.58 0 0 64 
obj 1728 -1604.36 1327.45 9.61 0 0 63 
obj 1728 -1601.47 1323.83 9.61 0 0 155 
obj 2826 -1601.25 1326.12 9.64 0 0 0 
obj 2826 -1600.88 1326.79 9.64 0 0 0 
obj 1670 -1600.85 1327.07 10.05 0 0 0 
obj 2826 -1601.25 1326.12 10.08 0 0 0 
obj 2818 -1612.38 1337.33 9.61 0 0 -28 
obj 2124 -1607.17 1327.9 10.41 0 0 -28 
obj 2124 -1606.39 1329.38 10.41 0 0 -28 
obj 2124 -1605.67 1330.76 10.41 0 0 -28 
obj 2180 -1606.83 1330.16 9.53 0 0 62 
obj 2180 -1607.04 1331.38 9.53 0 0 242 
obj 2180 -1607.96 1329.64 9.53 0 0 242 
obj 2180 -1607.19 1329.24 9.53 0 0 242 
obj 2180 -1608.53 1332.17 9.53 0 0 242 
obj 2180 -1608.32 1330.94 9.53 0 0 62 
obj 2124 -1608.75 1330.02 10.41 0 0 -207 
obj 2124 -1609.29 1329.09 10.41 0 0 -207 
obj 2124 -1609.17 1332.68 10.41 0 0 -207 
obj 2124 -1609.76 1331.55 10.41 0 0 -207 
obj 19435 -1612.41 1339.33 11.36 0 0 154 
obj 19435 -1611.77 1340.65 11.36 0 0 154 
obj 19435 -1612.05 1341.66 11.35 0 0 64 
obj 1523 -1614 1342.59 9.55 0 0 -26 
obj 2526 -1614.27 1340.12 9.61 0 0 -26 
obj 2528 -1612.04 1341.21 9.61 0 0 -115 
obj 19435 -1602.37 1332.83 11.36 0 0 154 
obj 19435 -1601.69 1334.23 11.36 0 0 154 
obj 19408 -1600.68 1336.27 11.36 0 0 -26 
obj 19466 -1600.61 1336.26 11.47 0 0 -26 
obj 19435 -1599.64 1338.44 11.36 0 0 154 
obj 19435 -1598.67 1338.75 11.35 0 0 64 
obj 19408 -1596.54 1337.71 11.36 0 0 -116 
obj 19466 -1596.63 1337.78 11.47 0 0 -116 
obj 1491 -1593.79 1336.31 9.61 0 0 -207 
obj 1701 -1596.72 1336.23 9.56 0 0 64 
obj 2311 -1598.71 1330.72 9.57 0 0 -25 
obj 2595 -1597.47 1330.1 10.43 0 0 105 
obj 2827 -1598.33 1330.38 9.64 0 0 0 
obj 2826 -1597.44 1330.01 9.64 0 0 0 
obj 2826 -1598.4 1330.59 10.08 0 0 0 
obj 2063 -1601.74 1333.25 10.37 0 0 65 
obj 2103 -1601.8 1333.31 11.14 0 0 55 
obj 2229 -1601.4 1334.66 11.11 0 0 -294 
obj 1726 -1596.66 1340.92 9.59 0 0 -26 
obj 19435 -1595.38 1363.06 0.72 0 0 64 
obj 19435 -1593.94 1362.39 0.72 0 0 64 
obj 19435 -1592.53 1361.71 0.72 0 0 64 
obj 19435 -1591.56 1362.09 0.72 0 0 154 
obj 19435 -1590.93 1363.42 0.72 0 0 154 
obj 19435 -1591.33 1364.42 0.72 0 0 64 
obj 19435 -1592.77 1365.12 0.72 0 0 64 
obj 19435 -1594.09 1365.77 0.72 0 0 64 
obj 19435 -1595.04 1365.42 0.72 0 0 154 
obj 19435 -1595.71 1364.06 0.72 0 0 154 
obj 19435 -1593.03 1362.77 2.43 0 90 154 
obj 19435 -1592.37 1364.22 2.43 0 90 154 
obj 19435 -1594.15 1363.33 2.41 0 90 334 
obj 19435 -1593.43 1364.76 2.41 0 90 334 
obj 3462 -1593.27 1363.86 3.98 0 0 -122 
obj 3515 -1593.16 1363.89 -1.28 0 0 0 
obj 3498 -1638.34 1336.31 2.6 0 0 0 
obj 3498 -1630.95 1329.84 2.62 0 0 0 
obj 19378 -1637.34 1329.66 7.07 0 90 -40 
obj 3498 -1636.56 1322.9 2.64 0 0 0 
obj 3498 -1633.85 1326.42 6.75 0 90 230 
obj 3498 -1641.27 1332.73 6.7 0 90 230 
obj 3498 -1643.79 1328.82 2.64 0 0 0 
obj 3498 -1640.13 1325.84 6.71 0 90 320 
obj 3498 -1644.16 1329.24 2.64 0 0 0 
obj 3498 -1636.93 1323.22 2.64 0 0 0 
obj 3498 -1634.87 1333.37 6.76 0 90 320 
obj 3498 -1631.35 1330.29 2.59 0 0 0 
obj 3498 -1638.02 1336.06 2.52 0 0 0 
obj 19325 -1635.9 1334.47 8.96 0 0 50 
obj 19325 -1634.34 1333.16 8.96 0 0 50 
obj 3498 -1638.62 1336.53 6.52 0 0 0 
obj 3498 -1630.6 1329.74 6.52 0 0 0 
obj 19325 -1632.75 1327.2 8.94 0 0 140 
obj 19325 -1634.33 1325.33 8.94 0 0 140 
obj 3498 -1636.61 1322.57 6.51 0 0 0 
obj 19325 -1639.02 1324.7 8.96 0 0 50 
obj 19325 -1641.88 1327.1 8.96 0 0 50 
obj 3498 -1644.54 1329.3 6.55 0 0 0 
obj 19325 -1642.33 1331.84 8.94 0 0 140 
obj 19325 -1640.66 1333.81 8.94 0 0 140 
obj 14416 -1629.84 1333.49 3.96 0 0 140 
obj 19427 -1627.94 1332.55 6.09 0 0 -41 
obj 19427 -1628.98 1331.34 6.09 0 0 -41 
obj 19427 -1630.03 1330.14 6.09 0 0 -41 
obj 19427 -1631.02 1334.99 6.09 0 0 -41 
obj 19427 -1632.07 1333.77 6.09 0 0 -41 
obj 19427 -1632.79 1332.94 6.09 0 0 -41 
obj 1701 -1640.95 1331.11 7.03 0 0 139 
obj 19436 -1643.64 1328.72 8.26 0 0 50 
obj 1744 -1643.28 1328.28 8.62 0 0 -220 
obj 1728 -1637.74 1326.33 7.15 0 0 139 
obj 2311 -1637.59 1328.95 7.13 0 0 -41 
obj 1728 -1639.5 1329.62 7.15 0 0 51 
obj 2827 -1636.96 1328.42 7.18 0 0 0 
obj 1487 -1636.52 1327.92 7.34 0 0 0 
obj 1487 -1637.52 1328.83 7.2 0 92 0 
obj 2826 -1636.88 1328.3 7.63 0 0 0 
obj 1767 -1636.33 1325.11 7.16 0 0 49 
obj 1822 -1635.26 1326.63 7.1 0 0 0 
obj 19375 -1637.47 1329.55 10.71 0 90 -40 
obj 19375 -1637.47 1329.55 10.85 0 90 -40 
obj 19375 -1637.47 1329.55 11.02 0 90 -40 
obj 19435 -1590.8 1365.08 0.72 0 0 64 
obj 19435 -1592.15 1365.74 0.72 0 0 64 
obj 19435 -1593.52 1366.4 0.72 0 0 64 
obj 19435 -1594.59 1366.17 0.72 0 0 154 
obj 19435 -1590.56 1364.17 0.72 0 0 154 
obj 19435 -1591.98 1364.83 2.44 0 90 154 
obj 19435 -1593.17 1365.36 2.46 0 90 154 
obj 19380 -1609.81 1342.57 17.71 0 45 -26 
obj 19380 -1614.05 1333.9 17.71 0 45 -26 
obj 19380 -1607.43 1330.62 17.71 0 45 154 
obj 19380 -1603.19 1339.27 17.71 0 45 154 
obj 19380 -1608.38 1342.9 17.71 0 45 244 
obj 19380 -1599.73 1338.67 17.71 0 45 244 
obj 19380 -1602.96 1332.07 17.71 0 45 64 
obj 19380 -1611.64 1336.25 17.71 0 45 64 
obj 19380 -1601.95 1328.07 17.71 0 45 154 
obj 19380 -1597.72 1336.72 17.71 0 45 154 
obj 19380 -1608.68 1331.34 17.71 0 45 -26 
obj 19380 -1604.42 1340.04 17.71 0 45 -26 
obj 2828 -1611.02 1333.31 10.85 0 0 46 
obj 2828 -1617.98 1333.83 10.99 0 0 -135 
obj 2828 -1643.37 1328.77 8.94 0 0 -52 
obj 19378 -1637.41 1329.74 4.39 0 90 -40 
obj 19325 -1640.48 1333.95 4.12 0 0 140 
obj 3498 -1641.27 1332.73 6.5 0 90 230 
obj 3498 -1641.27 1332.73 6.07 0 90 230 
obj 3498 -1641.27 1332.73 5.67 0 90 230 
obj 3498 -1641.27 1332.73 5.3 0 90 230 
obj 3498 -1641.27 1332.73 4.87 0 90 230 
obj 3498 -1641.27 1332.73 4.56 0 90 230 
obj 19325 -1635.93 1334.55 2.23 0 0 50 
obj 19325 -1635.79 1334.46 2.23 0 0 50 
obj 19378 -1637.34 1329.66 1.98 0 90 -40 
obj 19325 -1641.3 1333.05 4.11 0 0 140 
obj 19325 -1641.43 1326.88 2.3 0 0 50 
obj 19325 -1639.02 1324.87 2.3 0 0 50 
obj 19325 -1634.37 1325.32 2.38 0 0 140 
obj 19325 -1632.57 1327.54 2.38 0 0 140 
obj 19325 -1634.16 1333.03 4.82 0 0 50 
obj 19325 -1634.39 1325.33 5.37 0 0 140 
obj 19325 -1632.84 1327.2 5.37 0 0 140 
obj 14416 -1634.8 1337.71 1.28 0 0 140 
obj 19427 -1637.85 1337.2 3.59 0 0 -41 
obj 19427 -1634.68 1334.63 3.59 0 0 -41 
obj 19325 -1641.38 1326.92 4.46 0 0 50 
obj 19325 -1639.55 1325.4 4.46 0 0 50 
obj 1701 -1639.26 1329.24 4.33 0 0 51 
obj 19325 -1633.67 1332.64 4.82 0 0 50 
obj 2162 -1642.13 1327.74 4.95 0 0 140 
obj 1742 -1640.68 1326.24 4.45 0 0 139 
obj 2191 -1637.24 1324.17 4.45 0 0 140 
obj 1728 -1637.61 1327.45 4.45 0 0 47 
obj 2311 -1636.16 1326.33 4.47 0 0 50 
obj 2827 -1635.64 1326.96 4.54 0 0 0 
obj 2826 -1635.67 1326.87 4.98 0 0 127 
obj 1729 -1634.13 1328.95 4.48 0 0 -40 
obj 1744 -1638.92 1324.72 5.35 0 0 141 
obj 2828 -1639.02 1325.24 5.67 0 0 -62 
obj 2328 -1641.26 1329.59 4.44 0 0 50 
obj 2828 -1642.17 1330.33 5.19 0 0 -146 
obj 2328 -1639.63 1331.89 4.44 0 0 50 
obj 2826 -1640.48 1332.56 5.21 0 0 -24 
obj 14416 -1645.83 1332.41 -1.13 0 0 230 
obj 19427 -1642.81 1332.47 1.14 0 0 51 
obj 19427 -1645.33 1329.53 1.14 0 0 51 
obj 19427 -1646.56 1330.5 1.14 0 0 51 
obj 19427 -1644.01 1333.43 1.14 0 0 51 
obj 1726 -1639.47 1327.98 1.77 0 0 -99 
obj 2296 -1642.51 1331.1 1.81 0 0 49 
obj 2311 -1639.68 1330.32 2.07 0 0 -76 
obj 2826 -1639.6 1329.94 2.59 0 0 0 
obj 2828 -1639.24 1328.95 2.57 0 0 91 
obj 1744 -1600 1337.66 11.28 0 0 -294 
obj 2828 -1599.54 1338.01 11.61 0 0 -127 
obj 2229 -1602.28 1332.65 11.08 0 0 -294 
obj 14455 -1611.29 1327.67 11.26 0 0 -27 
obj 19378 -1603.22 1328.83 6.92 0 90 -26 
obj 19378 -1599.1 1337.47 6.92 0 90 -26 
obj 19378 -1603.3 1328.97 4.31 0 90 -26 
obj 19378 -1608.51 1342.08 6.92 0 90 -26 
obj 19378 -1612.62 1333.46 6.92 0 90 -26 
obj 19378 -1612.73 1333.57 4.27 0 90 -26 
obj 19378 -1608.47 1342.24 4.27 0 90 -26 
obj 19378 -1599.16 1337.49 4.27 0 90 -26 
obj 19325 -1595.34 1340.83 7.39 0 0 64 
obj 19325 -1601.24 1343.75 7.39 0 0 64 
obj 19325 -1601.23 1343.72 3.27 0 0 64 
obj 19325 -1608.14 1347.08 7.38 0 0 64 
obj 19325 -1608.1 1347.06 3.31 0 0 64 
obj 19325 -1605.52 1345.78 3.37 0 0 64 
obj 19325 -1593.88 1336.18 7.53 0 0 154 
obj 19325 -1593.82 1336.46 3.48 0 0 154 
obj 19325 -1596.72 1330.48 7.49 0 0 154 
obj 19325 -1596.71 1330.49 3.43 0 0 154 
obj 19325 -1612.71 1345.3 7.54 0 0 154 
obj 19325 -1612.71 1345.3 3.42 0 0 154 
obj 19325 -1615.55 1339.39 7.52 0 0 154 
obj 19325 -1615.05 1340.4 3.45 0 0 154 
obj 19325 -1617.98 1334.36 7.52 0 0 154 
obj 19325 -1617.89 1334.47 3.47 0 0 154 
obj 19325 -1610.51 1327.19 7.38 0 0 64 
obj 19325 -1610.59 1327.2 3.28 0 0 64 
obj 19325 -1604.57 1324.29 7.38 0 0 64 
obj 19325 -1604.66 1324.32 3.28 0 0 64 
obj 19325 -1603.61 1323.78 7.38 0 0 64 
obj 19325 -1603.63 1323.83 3.31 0 0 64 
obj 19325 -1595.33 1340.87 7.39 0 0 64 
obj 19128 -1599.04 1335.91 7 0 0 -26 
obj 19128 -1607.86 1340.14 7 0 0 -26 
obj 19128 -1611.12 1333.39 7 0 0 -26 
obj 19128 -1602.45 1329.21 7 0 0 -26 
obj 19325 -1595.33 1340.87 3.27 0 0 64 
obj 19435 -1607.16 1335.76 7.75 90 0 154 
obj 19435 -1604.06 1334.28 7.75 90 0 152 
obj 19435 -1606.39 1333.41 7.75 90 0 244 
obj 19435 -1604.89 1336.54 7.75 90 0 244 
obj 19435 -1605.12 1335.83 8.49 0 90 152 
obj 19435 -1605.86 1334.45 8.49 0 90 152 
obj 19435 -1606.08 1334.05 8.49 0 90 154 
obj 16151 -1615.83 1336.31 7.18 0 0 156 
obj 1728 -1612.82 1328.93 7.01 0 0 154 
obj 1728 -1607.5 1326.29 7.01 0 0 154 
obj 1728 -1601.39 1323.39 6.98 0 0 154 
obj 1728 -1596.75 1340.85 6.98 0 0 -26 
obj 1728 -1601.99 1343.53 6.98 0 0 -26 
obj 1728 -1608.24 1346.56 6.98 0 0 -26 
obj 14416 -1618.45 1327.66 3.8 0 0 -25 
obj 19427 -1619.48 1330.21 5.44 0 0 -25 
obj 19427 -1620.14 1328.76 5.44 0 0 -25 
obj 19427 -1620.81 1327.33 5.44 0 0 -25 
obj 19427 -1615.84 1328.8 5.44 0 0 -25 
obj 19427 -1616.5 1327.36 5.44 0 0 -25 
obj 19427 -1617.17 1325.9 5.44 0 0 -25 
obj 19435 -1614.11 1329.03 7.76 0 0 64 
obj 19435 -1614.11 1329.03 4.32 0 0 64 
obj 19435 -1615.48 1329.7 7.76 0 0 64 
obj 19435 -1615.48 1329.7 4.28 0 0 64 
obj 19435 -1616.87 1330.38 7.76 0 0 64 
obj 19435 -1616.87 1330.38 4.29 0 0 64 
obj 19435 -1618.28 1331.05 5.24 0 0 64 
obj 19435 -1598.58 1326.9 4.28 0 0 -27 
obj 19435 -1598.54 1326.88 7.72 0 0 -27 
obj 19435 -1599.3 1325.5 4.29 0 0 -27 
obj 19435 -1599.7 1324.64 4.29 0 0 -27 
obj 19435 -1599.69 1324.65 7.76 0 0 -27 
obj 14416 -1597.25 1322.61 1.15 0 0 63 
obj 19427 -1599.71 1321.63 -0.13 0 0 63 
obj 19427 -1599.71 1321.65 3.32 0 0 63 
obj 19427 -1598.3 1320.93 3.32 0 0 63 
obj 19427 -1598.3 1320.93 -0.16 0 0 63 
obj 19427 -1596.88 1320.23 1.63 0 0 63 
obj 19427 -1598.33 1325.27 3.32 0 0 63 
obj 19427 -1596.93 1324.58 3.32 0 0 63 
obj 19435 -1599.04 1325.84 7.76 0 0 -27 
obj 19435 -1599.85 1324.04 7.75 90 0 154 
obj 19435 -1599.88 1324.03 8.74 90 0 154 
obj 19436 -1601.22 1333.12 5.24 0 0 62 
obj 19455 -1600.06 1337.81 5.22 0 0 -24 
obj 19436 -1599.83 1332.41 5.24 0 0 62 
obj 1701 -1595.75 1338.58 4.2 0 0 64 
obj 19436 -1600.14 1335.48 5.24 0 0 64 
obj 19436 -1598.71 1334.8 5.24 0 0 64 
obj 19436 -1598.39 1333.83 5.24 0 0 154 
obj 2527 -1600.38 1333.34 4.34 0 0 66 
obj 2528 -1598.61 1334.25 4.36 0 0 -26 
obj 2314 -1600.22 1336.08 4.36 0 0 -24 
obj 2316 -1598.86 1335.62 5.24 0 0 156 
obj 2826 -1599.95 1336.04 4.89 0 0 0 
obj 2311 -1599.83 1336.97 4.34 0 0 65 
obj 2828 -1599.53 1337.4 4.87 0 0 -120 
obj 2826 -1599.26 1338.3 4.96 0 0 0 
obj 2328 -1597.78 1338.68 4.23 0 0 66 
obj 2828 -1598.76 1339.12 4.99 0 0 -130 
obj 19455 -1605.27 1340.4 5.22 0 0 -24 
obj 19436 -1606.5 1335.71 5.24 0 0 62 
obj 19436 -1605.16 1335.03 5.24 0 0 62 
obj 19436 -1605.35 1337.99 5.24 0 0 64 
obj 19436 -1604.06 1337.35 5.24 0 0 64 
obj 19436 -1603.72 1336.42 5.24 0 0 154 
obj 2528 -1603.86 1336.64 4.36 0 0 -26 
obj 2527 -1605.37 1335.78 4.34 0 0 64 
obj 1701 -1600.74 1341.83 4.21 0 0 66 
obj 2314 -1605.4 1338.56 4.36 0 0 -28 
obj 2316 -1604.05 1337.95 5.24 0 0 156 
obj 2826 -1605.06 1338.5 4.9 0 0 0 
obj 2311 -1604.81 1339.77 4.34 0 0 65 
obj 2826 -1604.52 1340.85 4.85 0 0 0 
obj 2828 -1604.87 1339.94 4.85 0 0 -120 
obj 2328 -1602.93 1341.74 4.23 0 0 64 
obj 2828 -1603.94 1342.25 4.97 0 0 -147 
obj 14455 -1600.53 1337.45 5.07 0 0 65 
obj 19455 -1608.93 1336.88 5.22 0 0 64 
obj 14455 -1605.57 1340.24 5.07 0 0 65 
obj 14455 -1611.85 1338.6 5.07 0 0 -26 
obj 1726 -1608.62 1342 4.27 0 0 153 
obj 1726 -1611.59 1344.13 4.27 0 0 64 
obj 1726 -1606.45 1343.97 4.27 0 0 243 
obj 2311 -1609.46 1344.4 4.36 0 0 -26 
obj 2826 -1608.57 1344 4.43 0 0 0 
obj 3498 -1595.01 1333.51 8.75 0 0 0 
obj 3498 -1595.01 1333.51 -0.24 0 0 0 
obj 3498 -1594.21 1335.13 5.81 0 90 244 
obj 3498 -1596.01 1331.51 5.81 0 90 244 
obj 3498 -1594.21 1335.13 8.31 0 90 244 
obj 3498 -1596.01 1331.51 8.33 0 90 244 
obj 3498 -1596.7 1341.58 8.31 0 90 -206 
obj 3498 -1607.17 1346.58 8.31 0 90 -206 
obj 3498 -1596.7 1341.58 5.73 0 90 -206 
obj 3498 -1604.82 1345.47 5.73 0 90 -206 
obj 3498 -1604.82 1345.47 8.31 0 90 -206 
obj 3498 -1607.17 1346.58 5.76 0 90 -206 
obj 19436 -1598.64 1331.83 5.24 0 0 62 
obj 19436 -1604.09 1334.51 5.24 0 0 64 
obj 19436 -1613.12 1339.09 5.24 0 0 62 
obj 1215 -1611.1 1348.16 10.11 0 0 0 
obj 1215 -1592.77 1339.21 10.11 0 0 0 
obj 1215 -1599.9 1337.18 10.11 0 0 0 
obj 1215 -1602.58 1331.61 10.11 0 0 0 
obj 1215 -1605.95 1324.93 10.11 0 0 0 
obj 1215 -1600.74 1322.69 10.11 0 0 0 
obj 1215 -1597.54 1329.11 10.11 0 0 0 
obj 1215 -1616.56 1330.03 10.11 0 0 0 
obj 1215 -1638.35 1336.16 7.7 0 0 0 
obj 1215 -1631.03 1329.62 7.7 0 0 0 
obj 1215 -1636.63 1322.9 7.7 0 0 0 
obj 1215 -1636.61 1323.33 4.99 0 0 0 
obj 1215 -1631.34 1329.95 4.99 0 0 0 
obj 1215 -1638.21 1335.74 4.99 0 0 0 
obj 1215 -1643.44 1329.23 4.99 0 0 0 
obj 19435 -1594.51 1335.05 11.36 0 0 154 
obj 19435 -1593.84 1336.44 11.36 0 0 154 
obj 1491 -1596.6 1330.78 4.33 0 0 -207 
obj 1491 -1602.04 1333.53 4.33 0 0 -207 
obj 1491 -1613.83 1339.43 4.33 0 0 -207 
obj 19458 -1588.76 1335.74 9.52 0 90 65 
obj 19458 -1616.21 1348.61 9.52 0 90 65 
obj 19435 -1613.71 1343.04 11.36 0 0 154 
obj 19435 -1613.01 1344.47 11.36 0 0 154 
obj 19435 -1612.33 1345.87 11.36 0 0 154 
obj 3498 -1611.35 1348.23 9.13 0 0 0 
obj 970 -1613.56 1349.29 10.11 0 0 -25 
obj 970 -1617.3 1351.01 10.11 0 0 -25 
obj 970 -1614.71 1346 10.11 0 0 -25 
obj 970 -1618.46 1347.74 10.11 0 0 -25 
obj 3498 -1592.7 1338.75 8.75 0 0 0 
obj 970 -1590.25 1338.27 10.11 0 0 -25 
obj 970 -1586.51 1336.5 10.11 0 0 -25 
obj 19377 -1625.42 1352.47 9.6 0 91 -25 
obj 19325 -1621.66 1355.97 11.6 0 0 65 
obj 19325 -1626.92 1348 11.57 0 0 65 
obj 19435 -1623.33 1346.39 11.33 0 0 64 
obj 19435 -1629.9 1349.43 11.33 0 0 65 
obj 19435 -1631.32 1350.12 11.33 0 0 64 
obj 19435 -1622.39 1346.9 11.36 0 0 154 
obj 19435 -1621.69 1348.33 11.36 0 0 154 
obj 19435 -1619.06 1353.9 11.36 0 0 154 
obj 19435 -1619.74 1352.47 11.36 0 0 154 
obj 19435 -1620.41 1351.05 11.36 0 0 154 
obj 19435 -1624.52 1357.31 11.33 0 0 64 
obj 19435 -1625.95 1357.99 11.33 0 0 64 
obj 19435 -1627.36 1358.71 11.33 0 0 64 
obj 19325 -1630.63 1353.48 11.7 0 0 155 
obj 19435 -1629.05 1356.77 11.36 0 0 155 
obj 19435 -1628.38 1358.21 11.36 0 0 155 
obj 2096 -1619.44 1354.38 9.58 0 0 -75 
obj 2297 -1630.24 1349.99 9.77 0 0 111 
obj 2828 -1630.97 1350.36 11.47 0 0 -47 
obj 2230 -1629.74 1349.69 9.73 0 0 -202 
obj 1620 -1620.39 1351.45 12.06 0 0 -26 
obj 1617 -1627.24 1358.69 12.1 0 0 -116 
obj 1617 -1625.24 1357.72 12.1 0 0 -116 
obj 1726 -1626.27 1350.85 9.72 0 0 -24 
obj 2311 -1626.55 1349.04 9.65 0 0 -24 
obj 2826 -1625.82 1348.66 10.16 0 0 0 
obj 2100 -1622.63 1347.3 9.61 0 0 -115 
obj 2229 -1623.12 1346.22 11.29 0 0 -161 
obj 2229 -1618.9 1354.26 11.29 0 0 -68 
obj 1742 -1628.51 1358.01 10.96 0 0 64 
obj 2162 -1626.38 1357.94 11.33 0 0 -27 
obj 2328 -1627.48 1357.25 9.74 0 0 14 
obj 2828 -1627.77 1358.42 10.49 0 0 -178 
obj 2204 -1629.59 1355.21 9.76 0 0 -295 
obj 2828 -1628.92 1356.18 11.15 0 0 -135 
obj 2827 -1628.56 1356.92 10.81 0 0 84 
obj 2826 -1628.97 1356.19 10.54 0 0 0 
obj 1726 -1621.87 1353.99 9.72 0 0 154 
obj 19378 -1625.33 1352.49 13.06 0 90 -25 
obj 19378 -1625.33 1352.49 13.21 0 90 -25 
obj 19378 -1625.33 1352.49 13.37 0 90 -25 
obj 19378 -1625.33 1352.49 13.54 0 90 -25 
obj 19378 -1625.33 1352.49 13.7 0 90 -25 
obj 19458 -1621.36 1353.96 15.41 36 90 65 
obj 19458 -1622.81 1350.8 15.39 36 90 65 
obj 19458 -1624.31 1347.67 15.37 36 90 65 
obj 19439 -1629.06 1348.9 16.76 0 37 -26 
obj 19439 -1630.18 1349.43 15.13 0 37 -26 
obj 19439 -1628.4 1350.31 16.76 0 37 -26 
obj 19439 -1629.53 1350.81 15.13 0 37 -26 
obj 19439 -1627.74 1351.72 16.76 0 37 -26 
obj 19439 -1628.82 1352.23 15.13 0 37 -26 
obj 19439 -1628.22 1353.54 15.13 0 37 -26 
obj 19439 -1627.13 1353 16.76 0 37 -26 
obj 19439 -1627.52 1354.98 15.13 0 37 -26 
obj 19439 -1626.44 1354.41 16.76 0 37 -26 
obj 19439 -1625.74 1355.81 16.76 0 37 -26 
obj 19439 -1626.87 1356.34 15.13 0 37 -26 
obj 19439 -1625.29 1356.88 16.76 0 37 -26 
obj 19439 -1626.37 1357.38 15.13 0 37 -26 
obj 3498 -1615.89 1352.82 6.48 0 -47 -28 
obj 3498 -1610.1 1349.72 0.35 0 -47 -28 
obj 3498 -1619.74 1344.6 6.48 0 -47 -28 
obj 3498 -1635.92 1352.57 8.74 0 76 -27 
obj 3498 -1640.21 1354.74 7.48 0 76 -27 
obj 3498 -1633.08 1361.41 8.45 0 76 -27 
obj 3498 -1632.05 1360.89 8.74 0 76 -27 
obj 3498 -1635.39 1357.35 8.12 0 90 68 
obj 3498 -1631.76 1355.73 9.25 0 90 66 
obj 3498 -1620.1 1349.95 8.84 0 90 66 
obj 3498 -1629.3 1354.49 5.13 0 0 0 
obj 3498 -1622.44 1352.25 4.97 0 0 0 
obj 19377 -1579.44 1331.92 9.51 0 91 -26 
obj 19325 -1579.06 1336.93 11.54 1 0 64 
obj 19435 -1576.39 1335.54 11.25 0 0 64 
obj 19435 -1582.41 1337.65 11.36 0 0 154 
obj 19435 -1583.1 1336.25 11.36 0 0 154 
obj 19435 -1585.78 1330.62 11.36 0 0 154 
obj 19435 -1585.1 1332.07 11.36 0 0 154 
obj 19435 -1583.8 1334.83 11.36 0 0 154 
obj 19325 -1579.85 1326.86 11.6 0 0 65 
obj 19435 -1582.73 1328.25 11.32 0 0 65 
obj 19435 -1584.13 1328.9 11.32 0 0 65 
obj 19435 -1585.56 1329.55 11.36 0 0 65 
obj 19435 -1574.96 1334.85 11.25 0 0 64 
obj 19435 -1573.52 1334.16 11.25 0 0 64 
obj 19435 -1573.18 1333.06 11.26 0 0 154 
obj 19435 -1573.89 1331.61 11.26 0 0 154 
obj 19435 -1574.58 1330.21 11.27 0 0 154 
obj 19435 -1575.28 1328.76 11.23 0 0 154 
obj 19435 -1575.95 1327.33 11.21 0 0 154 
obj 19435 -1576.55 1326.14 11.2 0 0 154 
obj 14455 -1575.92 1328.12 11.16 0 0 63 
obj 1701 -1578.35 1332.52 9.44 0 0 -26 
obj 1742 -1573.77 1334.31 10.49 0 0 -26 
obj 2328 -1575.84 1333.52 9.45 0 0 -26 
obj 2826 -1575.35 1334.54 10.21 0 0 40 
obj 2296 -1583.63 1329.1 9.67 0 0 155 
obj 2828 -1584.57 1329.64 12.16 0 0 -47 
obj 2199 -1582.44 1328.35 9.61 0 0 155 
obj 2198 -1582.18 1336.72 9.63 0 0 64 
obj 1714 -1581.22 1336.89 9.65 0 0 -76 
obj 2063 -1583 1335.13 10.58 0 0 63 
obj 2162 -1585.46 1331.14 10.82 0 0 -296 
obj 1723 -1579.77 1328.98 9.53 0 0 -26 
obj 19378 -1579.55 1331.93 13.1 0 90 -25 
obj 19378 -1579.55 1331.93 13.28 0 90 -25 
obj 19378 -1579.55 1331.93 13.45 0 90 -25 
obj 19378 -1579.55 1331.93 13.62 0 90 -25 
obj 1620 -1584.9 1332.18 12.63 0 0 -26 
obj 1617 -1573.75 1334.35 11.76 0 0 245 
obj 19458 -1575.55 1333.92 15.41 36 90 65 
obj 19458 -1577.01 1330.76 15.41 36 90 65 
obj 19458 -1578.44 1327.59 15.41 36 90 65 
obj 1617 -1575.97 1335.41 11.76 0 0 245 
obj 19439 -1580.48 1337.19 15.13 0 37 -26 
obj 19439 -1579.36 1336.68 16.76 0 37 -26 
obj 19439 -1581.11 1335.87 15.13 0 37 -26 
obj 19439 -1580.07 1335.28 16.76 0 37 -26 
obj 19439 -1580.73 1333.86 16.76 0 37 -26 
obj 19439 -1581.41 1332.45 16.76 0 37 -26 
obj 19439 -1582.08 1331.02 16.76 0 37 -26 
obj 19439 -1582.54 1330.02 16.76 0 37 -26 
obj 19439 -1583.23 1328.77 16.76 0 37 -26 
obj 19439 -1581.8 1334.44 15.13 0 37 -26 
obj 19439 -1582.45 1333 15.13 0 37 -26 
obj 19439 -1583.11 1331.58 15.13 0 37 -26 
obj 19439 -1583.8 1330.16 15.13 0 37 -26 
obj 19439 -1584.19 1329.26 15.13 0 37 -26 
obj 3498 -1581.86 1338.15 4.97 0 0 0 
obj 3498 -1572.91 1333.8 4.88 0 0 0 
obj 3498 -1576.98 1325.62 4.97 0 0 0 
obj 3498 -1586.04 1330.26 4.97 0 0 0 
obj 3498 -1579.48 1332.25 4.97 0 0 0 
obj 3498 -1587.86 1335.43 4.97 0 0 0 
obj 3498 -1616.35 1346.7 4.97 0 0 0 
obj 1215 -1592.26 1338.82 10.15 0 0 0 
obj 1215 -1593.58 1336.27 10.15 0 0 0 
obj 970 -1588.2 1333.58 10.11 0 0 -25 
obj 970 -1591.92 1335.34 10.11 0 0 -25 
obj 1215 -1585.47 1332.42 10.15 0 0 0 
obj 1215 -1583.97 1335.29 10.15 0 0 0 
obj 1215 -1577.05 1325.7 10.15 0 0 0 
obj 1215 -1574.76 1334.2 10.15 0 0 0 
obj 1215 -1593.25 1338.89 7.55 0 0 0 
obj 1215 -1610.97 1347.95 7.55 0 0 0 
obj 19325 -1604.02 1345.09 7.39 0 0 64 
obj 1215 -1600.88 1322.8 7.55 0 0 0 
obj 1215 -1618.91 1331.79 7.55 0 0 0 
obj 1215 -1619.02 1331.76 4.92 0 0 0 
obj 1215 -1600.95 1322.67 4.92 0 0 0 
obj 1215 -1612.77 1328.54 10.16 0 0 0 
obj 1215 -1606.41 1325.38 10.16 0 0 0 
