sell 10825 1848.81 605.05 10.82 91 98 0 
changeobj 1506 1847.36 604.2 9.79 0 0 90 1502
changeobj 1506 1846.89 611.64 9.97 0 0 86 1502
changeobj 1506 1846.98 613.11 9.97 0 0 86 1502
changeobj 1506 1847.12 614.53 9.97 0 0 86 1502
changeobj 1506 1847.23 615.94 9.97 0 0 86 1502
obj 19376 1791.93 608.68 9.9 0 91 88 
obj 19376 1791.5 598.41 9.87 0 89 -92 
obj 19376 1790.78 589.83 9.93 0 90 90 
obj 19376 1800.66 608.27 9.87 0 90 -94 
obj 19376 1800.43 598.81 9.86 0 90 0 
obj 19376 1800.35 589.2 9.86 0 90 0 
obj 19376 1800.49 589.12 9.86 0 90 0 
obj 19376 1810.91 589.08 9.86 0 90 0 
obj 19376 1810.85 597.27 9.86 0 90 0 
obj 19376 1810.8 606.9 9.86 0 90 0 
obj 19376 1810.76 608.24 9.86 0 90 -2 
obj 19376 1821.3 588.56 9.86 0 90 0 
obj 19376 1821.28 597.24 9.86 0 90 0 
obj 19376 1822.39 605.58 9.83 0 90 0 
obj 19376 1821.3 607.87 9.83 0 90 -2 
obj 19376 1831.75 607.44 9.83 0 90 -4 
obj 19376 1831.74 599.49 9.82 0 90 0 
obj 19376 1831.66 589.96 9.83 0 90 0 
obj 19376 1831.76 588.25 9.83 0 90 0 
obj 19376 1842.22 587.93 9.83 0 90 0 
obj 19376 1842.17 597.44 9.83 0 90 0 
obj 19376 1841.62 606.61 9.83 0 90 -4 
obj 19376 1842.02 606.59 9.83 0 90 0 
obj 19377 1847.43 590.02 9.26 0 0 0 
obj 19377 1847.43 587.89 9.34 0 0 0 
obj 19377 1842.68 583.09 9.39 0 2 88 
obj 19377 1833.27 583.32 9.59 0 2 88 
obj 19377 1823.73 583.6 9.6 0 2 88 
obj 19377 1814.15 583.84 9.62 0 2 88 
obj 19377 1804.53 584.2 9.56 0 2 88 
obj 19377 1794.89 584.44 9.47 0 2 88 
obj 19377 1790.86 584.61 9.45 0 2 88 
obj 19377 1786.2 589.46 9.51 0 0 177 
obj 19377 1786.67 598.77 9.51 0 0 177 
obj 19377 1787.15 608.25 9.48 0 0 177 
obj 19377 1787.2 609.47 9.44 0 0 177 
obj 19377 1792.31 613.97 9.48 0 0 267 
obj 19377 1801.82 613.46 9.39 0 0 267 
obj 19377 1811.34 612.99 9.33 0 0 267 
obj 19377 1820.72 612.66 9.33 0 0 267 
obj 19377 1830.31 612.21 9.19 0 0 267 
obj 19377 1839.83 611.73 9.17 0 0 267 
obj 19377 1842.53 611.59 9.21 0 0 267 
obj 19403 -8774.56 1925.44 976.31 0 0 0 
obj 19403 1847.37 596.37 11.67 0 0 0 
obj 19403 1847.37 599.6 11.87 0 0 0 
obj 19403 1847.33 609.88 11.95 0 0 2 
obj 19383 1847.35 604.99 11.56 0 0 0 
obj 19430 1847.43 596.56 10.16 -86 2 183 
obj 19430 1847.43 600.03 10.26 -86 2 183 
obj 19430 1847.31 601.69 10.28 -88 6 183 
obj 19430 1847.31 596.36 13.56 91 0 0 
obj 19430 1847.35 599.33 13.57 91 0 0 
obj 19430 1847.37 602.74 13.65 91 0 0 
obj 19430 1847.38 606.78 13.71 91 0 0 
obj 19430 1847.36 609.51 9.34 91 0 0 
obj 19430 1847.24 596.42 12.97 91 0 0 
obj 19430 1847.33 608.37 10.2 91 0 0 
obj 19430 1847.35 607.44 12.63 180 0 0 
obj 19430 1847.48 602.34 11.86 89 0 0 
obj 19430 1847.37 604.91 13.66 91 0 0 
obj 19430 1847.41 602.75 13.5 91 0 0 
obj 19430 1847.4 606.78 13.6 91 0 0 
obj 19430 1847.35 609.68 13.69 91 0 0 
obj 19466 1847.3 599.44 11.96 0 0 0 
obj 19466 1847.36 596.5 11.83 0 0 0 
obj 19466 1847.36 609.87 11.93 0 0 0 
obj 19377 1842.22 588.16 14.59 0 89 -2 
obj 19377 1832.25 588.34 14.24 0 89 0 
obj 19377 1821.78 588.3 13.88 0 89 0 
obj 19377 1811.46 588.29 13.68 0 89 0 
obj 19377 1801.37 588.43 13.71 0 89 -2 
obj 19377 1790.94 589.05 13.7 0 89 -2 
obj 19377 1791.13 598.65 13.7 0 89 -2 
obj 19377 1791.38 609.22 13.7 0 89 -4 
obj 19377 1791.24 602.16 13.7 0 89 -2 
obj 19377 1809.39 613.14 9.33 0 0 267 
obj 19377 1801.48 608.74 13.7 0 89 -4 
obj 19377 1800.99 599.19 13.62 0 89 -4 
obj 19377 1800.54 591.69 13.7 0 89 -4 
obj 19377 1811.36 597.08 13.7 0 89 -4 
obj 19377 1811.83 606.6 13.7 0 89 -4 
obj 19377 1811.83 608.29 13.7 0 89 -4 
obj 19377 1822.08 607.76 13.7 0 89 -4 
obj 19377 1821.38 598.38 13.7 0 89 -4 
obj 19377 1821.07 595.27 13.7 0 89 -4 
obj 19377 1831.36 596.86 13.7 0 89 -4 
obj 19377 1831.89 605.87 13.7 0 89 -4 
obj 19377 1831.94 607.2 13.68 0 89 -4 
obj 19377 1842 597.52 13.76 0 89 -2 
obj 19377 1841.96 606.77 13.76 0 89 -2 
obj 19377 1835.37 594.29 13.76 0 89 -2 
obj 3528 1849.87 588.08 13.63 0 0 0 
obj 19377 1842.65 591.56 14.59 0 89 -2 
obj 3528 1849.84 593.03 13.63 0 0 0 
obj 19376 1849.04 605.04 9.78 0 89 0 
obj 9833 1851.83 604.84 12.8 0 0 0 
obj 6965 -8067.45 3871.49 1943.95 0 0 0 
obj 3524 1853.74 600.4 12.83 0 0 113 
obj 3524 1853.62 609.46 12.83 0 0 77 
obj 19376 1842.02 617.59 9.78 -87 91 0 
obj 19433 1836.47 615.98 10.58 90 -2 -2 
obj 19433 1836.47 615.98 12.21 90 -2 -2 
obj 19433 1836.47 615.98 13.79 90 -2 -2 
obj 19433 1836.28 613.72 13.81 90 -2 -2 
obj 19433 1836.28 613.72 12.25 90 -2 -2 
obj 19433 1836.28 613.72 10.65 90 -2 -2 
obj 19452 1841.1 613.46 14.4 0 91 88 
obj 19452 1841.19 615.72 14.4 0 91 88 
obj 19433 1846.3 613.02 14.37 0 90 86 
obj 19433 1846.49 615.35 14.37 0 90 86 
obj 19433 1847.04 613.33 13.41 91 171 4 
obj 19433 1847.23 615.55 13.41 91 171 4 
obj 19376 1857.37 542.81 1.99 0 89 -10 
obj 19376 1855.97 533.26 1.99 0 89 -10 
obj 19376 1854.38 523.59 1.99 0 89 -10 
obj 19376 1844.06 525.73 1.99 0 89 -10 
obj 19376 1833.69 527.83 1.99 0 89 -10 
obj 19376 1835.43 537.34 1.99 0 89 -10 
obj 19376 1836.93 546.87 1.99 0 89 -10 
obj 19376 1847.31 545.17 1.99 0 89 -10 
obj 1646 1845.87 544.09 2.31 0 0 -8 
obj 1646 1837.83 537.33 2.31 0 0 84 
obj 1646 1843.57 528.31 2.37 0 0 171 
obj 1646 1854.16 533.97 2.37 0 0 -98 
obj 3743 1849.59 555.13 6.02 0 0 166 
obj 3743 1852.61 567.01 12.42 0 0 166 
obj 14407 1854.38 575.93 11.1 0 0 -10 
obj 3660 1842.81 524.18 4.72 0 0 -12 
obj 3660 1858.65 535.03 4.72 0 0 76 
obj 3660 1832.2 538.74 4.72 0 0 76 
obj 16151 1788.19 589.13 10.45 0 0 178 
obj 14565 1796.93 603.64 12 0 -2 -2 
obj 16152 1807.6 600.85 9.88 0 0 0 
obj 16152 1807.6 600.85 9.88 0 0 0 
obj 16152 1812.41 600.47 9.88 0 0 0 
obj 16152 1818.36 599.95 9.88 0 0 0 
obj 16152 1823.56 600.03 9.88 0 0 0 
obj 16152 1818.2 589.95 9.88 0 0 0 
obj 16152 1806.85 590.09 9.88 0 0 0 
obj 16152 1806.85 590.09 9.88 0 0 0 
obj 16152 1812.4 588.94 9.88 0 0 0 
obj 16152 1823.79 589.52 9.88 0 0 0 
obj 2627 1829.42 611.07 9.9 0 0 -2 
obj 2627 1832.13 610.87 9.9 0 0 -2 
obj 2627 1835.09 610.66 9.9 0 0 -2 
obj 2627 1838.21 610.38 9.9 0 0 -2 
obj 2627 1841.94 610.37 9.9 0 0 -2 
obj 2627 1846 610.18 9.9 0 0 -2 
obj 2628 1825.21 610.79 9.89 0 0 0 
obj 2628 1822.81 610.79 9.89 0 0 0 
obj 2628 1820.31 610.71 9.89 0 0 0 
obj 2628 1817.32 611.05 9.89 0 0 0 
obj 2628 1814.44 611.06 9.89 0 0 0 
obj 2628 1811.76 610.86 9.89 0 0 0 
obj 2628 1808.52 611.02 9.89 0 0 0 
obj 1940 1811.49 611.18 10.97 0 0 0 
obj 1978 1832.31 599.4 10.96 0 0 0 
obj 1978 1836.26 599.02 10.96 0 0 0 
obj 1978 1834.05 593.98 10.96 0 0 0 
obj 1978 1833.8 604.77 10.96 0 0 0 
obj 2296 1841.57 583.55 9.93 0 0 181 
obj 1742 1843.12 583.5 9.96 0 0 179 
obj 1741 1843.96 582.47 9.92 0 0 0 
obj 1742 1838.58 583.33 9.96 0 0 179 
obj 1741 1836.26 582.36 9.92 0 0 0 
obj 1728 1838.53 592.28 9.94 0 0 0 
obj 1729 1843.06 588.85 9.84 0 0 -91 
obj 1729 1837.64 589.15 9.84 0 0 90 
