sell 10825 181.31 648.88 1.76 90 0 190 
changeobj 1506 176.34 637.74 0.51 0 0 11 1502
changeobj 1506 182.26 648.1 0.51 0 0 190 1502
changeobj 1506 162.86 644.2 0.51 0 0 11 1502
changeobj 1506 165.81 644.84 0.51 0 0 192 1502
obj 19376 168.62 641.08 0.45 0 90 11 
obj 19376 178.91 643.08 0.45 0 90 11 
obj 19405 183.41 646.81 2.29 0 0 11 
obj 19405 164.16 637.08 2.29 0 0 11 
obj 19405 170.74 636.69 2.29 0 0 101 
obj 19405 180.2 638.52 2.27 0 0 101 
obj 19389 177.06 637.9 2.28 0 0 -79 
obj 19359 183.34 639.12 2.29 0 0 -79 
obj 19359 173.9 637.31 2.29 0 0 -79 
obj 19359 167.59 636.06 2.29 0 0 -79 
obj 19432 165.25 635.6 2.29 0 0 -78 
obj 19359 184.01 643.67 2.29 0 0 11 
obj 19432 184.47 641.35 2.29 0 0 11 
obj 19432 184.7 640.13 2.29 0 0 11 
obj 19359 163.56 640.23 2.29 0 0 11 
obj 2299 181.01 640.42 0.54 0 0 -79 
obj 19359 163.08 642.73 2.29 0 0 11 
obj 19389 181.49 647.96 2.28 0 0 -79 
obj 19405 178.38 647.36 2.29 0 0 101 
obj 19432 176.02 646.89 2.29 0 0 -79 
obj 19405 167.08 638.87 2.29 0 0 11 
obj 19389 166.54 641.78 2.28 0 0 11 
obj 19432 166.07 644.14 2.29 0 0 -169 
obj 19432 167.52 636.77 2.29 0 0 -169 
obj 1502 166.7 641.05 0.51 0 0 101 
obj 19451 170.52 645.83 2.3 0 0 101 
obj 19359 175.72 639.28 2.29 0 0 11 
obj 19359 172.14 638.68 2.29 0 0 11 
obj 3812 175.84 640.44 3.21 0 0 11 
obj 2514 175.19 638.17 0.51 0 0 -167 
obj 2519 172.88 637.69 0.53 0 0 10 
obj 2517 173.61 639.23 0.48 0 0 101 
obj 2515 175.18 640.14 1.46 0 0 -79 
obj 19389 173.95 640.65 2.28 0 0 -79 
obj 19432 171.61 640.2 2.29 0 0 -78 
obj 1702 171.27 639.98 0.5 0 0 281 
obj 1523 173.19 640.46 0.5 0 0 11 
obj 2299 168.21 641.73 0.48 0 0 11 
obj 19452 177.92 633.17 0.45 0 90 11 
obj 970 175.76 635.42 1.09 0 0 -79 
obj 970 176.58 631.32 1.09 0 0 -79 
obj 970 179.1 636.01 1.09 0 0 -79 
obj 970 179.9 631.91 1.09 0 0 -79 
obj 1210 166.16 644.54 0.69 0 0 101 
obj 1432 178.79 645.7 0.64 0 0 -48 
obj 2375 183.72 644.6 0.46 0 0 -79 
obj 3812 168.71 636.63 3.21 0 0 102 
obj 1582 178.77 645.69 1.26 0 0 0 
obj 3407 182.51 648.83 0.67 0 0 -172 
obj 1232 177.06 629.51 3.16 0 0 -109 
obj 1232 180.17 629.99 3.16 0 0 -50 
obj 2533 169.9 645.1 0.52 0 0 11 
obj 1828 181.95 645.82 0.54 0 0 -79 
obj 2570 172.2 645.54 0.54 0 0 11 
obj 1518 181.44 639.15 2.88 0 0 100 
obj 2025 172.2 640.85 0.53 0 0 -168 
obj 2141 176.36 646.36 0.49 0 0 12 
obj 3361 175.22 647.91 2.15 0 0 11 
obj 2690 167.19 636.31 0.9 0 0 192 
obj 19425 164.97 640.9 0.54 0 0 11 
obj 19425 165.71 636.59 0.54 0 0 11 
obj 19466 164.13 637.02 2.24 0 0 11 
obj 19466 183.42 646.63 2.24 0 0 11 
obj 19466 178.43 647.31 2.24 0 0 101 
obj 19466 180.25 638.52 2.24 0 0 100 
obj 19466 170.76 636.65 2.24 0 0 100 
obj 19466 167.06 638.9 2.24 0 0 11 
obj 2543 169.9 645.1 0.52 0 0 11 
obj 3498 164.71 635.73 -4.03 0 0 0 
obj 3498 184.61 639.61 -4.03 0 0 0 
obj 3498 180.14 629.11 -4.03 0 0 0 
obj 3498 177.4 628.48 -4.03 0 0 0 
obj 3498 169.25 636.67 -0.61 0 90 11 
obj 3498 178.02 638.4 -0.61 0 90 11 
obj 3498 180.2 638.84 -0.61 0 90 11 
obj 19377 168.71 640.68 4.12 0 90 11 
obj 19377 179.01 642.69 4.12 0 90 11 
obj 1645 182.63 639.95 4.36 0 0 10 
obj 1645 166.52 636.9 4.36 0 0 10 
obj 970 183.02 638.58 4.74 0 0 11 
obj 970 178.94 637.79 4.74 0 0 11 
obj 970 174.85 636.99 4.74 0 0 11 
obj 970 170.76 636.19 4.74 0 0 11 
obj 970 166.68 635.39 4.74 0 0 11 
obj 970 164.24 637.06 4.74 0 0 101 
obj 970 163.46 641.15 4.74 0 0 101 
obj 970 164.86 644.18 4.74 0 0 29 
obj 970 184.67 641.04 4.74 0 0 101 
obj 970 183.87 645.13 4.74 0 0 101 
obj 970 183.63 646.36 4.74 0 0 101 
obj 970 181.2 647.98 4.74 0 0 11 
obj 970 177.14 647.21 4.74 0 0 11 
obj 970 175.1 646.82 4.74 0 0 11 
obj 970 168.72 645.58 4.74 0 0 11 
obj 3806 163.06 640.44 2.76 0 0 191 
obj 1594 181.09 644.78 4.66 0 0 8 
obj 1594 178.16 644.38 4.66 0 0 8 
obj 1998 181.54 640.38 0.54 0 0 191 
obj 1663 180.78 639.65 0.98 0 0 11 
obj 1368 179.06 639.77 4.88 0 0 11 
obj 1368 174.46 638.91 4.88 0 0 11 
obj 1368 169.81 638.08 4.88 0 0 11 
obj 1645 165.86 641.05 4.36 0 0 10 
obj 1635 185.04 641.97 2.53 0 0 -169 
obj 1432 173.6 643.42 4.26 0 0 0 
obj 1432 169.71 642.87 4.26 0 0 -177 
obj 970 164.76 644.65 3.52 180 0 11 
obj 19452 174.89 625.87 0.41 0 -89 -78 
obj 19452 173.31 618.87 0.41 0 -89 13 
obj 19452 184.33 627.84 0.39 0 -90 -78 
obj 19452 177.67 613.15 0.42 0 -91 -77 
obj 19452 187.06 615.32 0.4 0 -92 -77 
obj 19452 188.65 622.29 0.38 0 -90 12 
obj 19452 175.06 619.28 -1.33 0 0 13 
obj 19452 186.55 617.12 -1.32 0 0 -77 
obj 19452 177.18 614.88 -1.3 0 0 -76 
obj 19452 186.88 621.62 -1.28 0 0 12 
obj 19452 175.27 624.02 -1.3 0 0 -78 
obj 19452 184.65 625.98 -1.29 0 0 -78 
obj 19378 178.32 619.91 -3.13 0 -90 14 
obj 19378 181.88 620.59 -3.04 0 -91 12 
obj 1646 184.58 627.42 0.74 0 0 12 
obj 1646 182.78 626.97 0.78 0 0 12 
obj 1646 181.04 626.62 0.78 0 0 12 
obj 1646 179.46 626.3 0.77 0 0 12 
obj 1646 177.65 626.04 0.76 0 0 12 
obj 1646 175.81 625.79 0.76 0 0 10 
obj 1646 174.04 625.41 0.77 0 0 12 
obj 19452 174.55 632.47 0.43 0 -90 12 
obj 19452 171.22 631.82 0.44 0 -90 12 
obj 2543 170.31 635.99 0.49 0 0 12 
obj 2539 172.26 636.47 0.51 0 0 14 
obj 19452 170.49 631.66 0.44 0 -89 12 
obj 2542 171.34 636.01 0.53 0 0 12 
obj 2543 169.34 635.77 0.49 0 0 12 
obj 2543 168.4 635.59 0.47 0 0 10 
obj 2538 174.95 636.95 0.51 0 0 12 
obj 19452 168.78 631.29 -0.62 0 0 12 
obj 19452 170.77 621.87 -0.61 0 0 12 
obj 19452 172.24 615.06 -0.63 0 0 12 
obj 19452 178.06 611.41 -0.63 0 0 -78 
obj 19452 187.5 613.47 -0.62 0 0 -77 
obj 19452 181.23 633.81 0.35 0 -90 12 
obj 19452 184.21 634.5 0.33 0 -90 12 
obj 19452 185.95 634.92 0.28 0 90 12 
obj 19452 191.15 619.13 -0.61 0 0 12 
obj 19452 189.14 628.5 -0.62 0 0 12 
obj 19452 187.68 635.39 -0.63 0 0 12 
obj 19303 185.78 639.9 -0.13 0 0 12 
obj 2012 182.97 638.31 0.41 0 0 12 
obj 2541 184.99 638.73 0.36 0 0 10 
obj 2541 185.96 638.73 0.42 0 0 10 
obj 2543 186.92 635.83 0.4 0 0 -78 
obj 2543 187.17 634.86 0.39 0 0 -78 
obj 2543 187.4 633.86 0.37 0 0 -79 
obj 1594 180.55 636.24 0.96 0 0 12 
obj 1594 180.96 633.74 0.98 0 0 14 
obj 1594 181.41 631.31 0.94 0 0 12 
obj 1594 183.43 636.08 0.9 0 0 10 
obj 1594 184.21 632.98 1 0 0 12 
obj 1594 169.86 633.1 1.01 0 0 14 
obj 1594 170.33 630.24 1.03 0 0 12 
obj 1594 172.65 633.99 1.01 0 0 8 
obj 1594 172.99 631.15 0.99 0 0 8 
obj 19452 158.33 638.27 0.01 0 -91 12 
obj 19452 161.75 638.99 0.07 0 -91 12 
obj 19452 154.91 637.55 -0.02 0 -90 12 
obj 19452 151.49 636.8 -0.05 0 -91 12 
obj 19452 159.71 633.59 0 0 0 -78 
obj 19452 155.49 632.71 0.01 0 0 -78 
obj 19452 163.33 639.23 0.13 0 0 12 
obj 19452 150.01 636.34 0.01 0 0 10 
obj 19425 162.24 634.73 0.15 0 0 12 
obj 19425 161.47 638.59 0.13 0 0 12 
obj 19425 158.21 633.91 0.08 0 0 12 
obj 19425 157.46 637.72 0.07 0 0 12 
obj 19425 154.51 633.1 0.06 0 0 12 
obj 19425 153.79 636.97 0.06 0 0 12 
obj 967 161.84 641.65 0.13 0 0 103 
