sell 10825 -48.13 1972.57 17.63 90 -40 -50.46 
changeobj 1506 -7.86 1971.85 31.7 0 0 90 1502
changeobj 1506 -7.89 1974.85 31.7 0 0 -90 1502
obj 5412 12.08 2002.46 32.93 0 0 0 
obj 19466 32.02 1977.97 35.47 0 0 0 
obj 19466 32.02 1977.97 33.74 0 0 0 
obj 19466 32.02 1977.97 32.63 0 0 0 
obj 19466 32.02 1975.77 35.47 0 0 0 
obj 19466 32.02 1975.77 33.83 0 0 0 
obj 19466 32.02 1975.77 32.65 0 0 0 
obj 19466 32.02 1973.61 35.47 0 0 0 
obj 19466 32.02 1973.61 33.68 0 0 0 
obj 19466 32.02 1973.61 32.67 0 0 0 
obj 19466 32.02 1971.42 32.67 0 0 0 
obj 19466 32.02 1971.42 34.43 0 0 0 
obj 19466 32.02 1971.42 35.47 0 0 0 
obj 19466 32.02 1969.47 35.47 0 0 0 
obj 19466 32.02 1969.47 34.85 0 0 0 
obj 19466 32.02 1967.36 35.47 0 0 0 
obj 19466 32.02 1967.36 34.52 0 0 0 
obj 19466 32.02 1965.21 35.47 0 0 0 
obj 19466 32.02 1965.21 34.46 0 0 0 
obj 19466 32.02 1963.07 35.47 0 0 0 
obj 19466 32.02 1963.07 34.57 0 0 0 
obj 19466 32.02 1960.97 35.47 0 0 0 
obj 19466 32.02 1960.97 33.68 0 0 0 
obj 19466 32.02 1960.97 32.61 0 0 0 
obj 19466 32.02 1958.88 35.47 0 0 0 
obj 19466 32.02 1958.88 33.65 0 0 0 
obj 19466 32.02 1958.88 32.66 0 0 0 
obj 19466 32.02 1956.72 35.47 0 0 0 
obj 19466 32.02 1956.72 33.68 0 0 0 
obj 19466 32.02 1956.72 32.72 0 0 0 
obj 19466 32.02 1954.62 35.47 0 0 0 
obj 19466 32.02 1954.62 33.79 0 0 0 
obj 19466 32.02 1954.62 32.65 0 0 0 
obj 19466 32.02 1952.47 35.47 0 0 0 
obj 19466 32.02 1952.47 33.73 0 0 0 
obj 19466 32.02 1952.47 32.67 0 0 0 
obj 19466 32.02 1990.01 35.47 0 0 0 
obj 19466 32.02 1990.01 33.77 0 0 0 
obj 19466 32.02 1990.01 32.67 0 0 0 
obj 19466 32.02 1992.14 35.47 0 0 0 
obj 19466 32.02 1992.14 33.74 0 0 0 
obj 19466 32.02 1992.14 32.64 0 0 0 
obj 19466 32.02 1994.27 35.47 0 0 0 
obj 19466 32.02 1994.27 33.63 0 0 0 
obj 19466 32.02 1994.27 32.65 0 0 0 
obj 19466 32.02 1996.28 35.47 0 0 0 
obj 19466 32.02 1996.28 33.72 0 0 0 
obj 19466 32.02 1996.28 32.68 0 0 0 
obj 19466 32.02 1998.42 35.47 0 0 0 
obj 19466 32.02 1998.42 34.91 0 0 0 
obj 19466 32.02 2000.32 35.47 0 0 0 
obj 19466 32.02 2000.32 34.92 0 0 0 
obj 19466 32.02 2001.9 35.47 0 0 0 
obj 19466 32.02 2001.9 34.88 0 0 0 
obj 19466 32.02 2003.99 35.47 0 0 0 
obj 19466 32.02 2003.99 34.75 0 0 0 
obj 19466 32.02 2006.1 34.75 0 0 0 
obj 19466 32.02 2006.1 35.47 0 0 0 
obj 19466 32.02 2008.21 35.47 0 0 0 
obj 19466 32.02 2010.35 35.47 0 0 0 
obj 19466 32.02 2012.49 35.47 0 0 0 
obj 19466 32.02 2012.49 33.76 0 0 0 
obj 19466 32.02 2012.49 32.62 0 0 0 
obj 19466 32.02 2010.35 33.67 0 0 0 
obj 19466 32.02 2010.35 32.63 0 0 0 
obj 19466 32.02 2008.21 33.55 0 0 0 
obj 19466 32.02 2008.21 32.67 0 0 0 
obj 19466 32.02 2006.1 33.12 0 0 0 
obj 19466 32.02 2006.1 32.67 0 0 0 
obj 19466 32.02 2014.04 35.47 0 0 0 
obj 19466 32.02 2014.04 33.67 0 0 0 
obj 19466 32.02 2014.04 32.61 0 0 0 
obj 19466 32.02 2024.44 35.47 0 0 0 
obj 19466 32.02 2024.44 33.79 0 0 0 
obj 19466 32.02 2024.44 32.66 0 0 0 
obj 19466 32.02 2026.57 35.47 0 0 0 
obj 19466 32.02 2026.57 33.67 0 0 0 
obj 19466 32.02 2026.57 32.72 0 0 0 
obj 19466 32.02 2049.45 35.47 0 0 0 
obj 19466 32.02 2028.24 33.76 0 0 0 
obj 19466 32.02 2028.24 32.66 0 0 0 
obj 19466 32.02 2027.58 35.47 0 0 0 
obj 19466 32.02 2049.45 33.78 0 0 0 
obj 19466 32.02 2049.45 32.64 0 0 0 
obj 19466 32.02 2051.51 35.47 0 0 0 
obj 19466 32.02 2051.51 33.78 0 0 0 
obj 19466 32.02 2051.51 32.63 0 0 0 
obj 19466 32.02 2053.61 35.47 0 0 0 
obj 19466 32.02 2053.61 33.61 0 0 0 
obj 19466 32.02 2053.61 32.71 0 0 0 
obj 19466 24.5 2059.3 35.47 0 0 90 
obj 19466 24.5 2059.3 34.91 0 0 90 
obj 19466 22.44 2059.3 35.47 0 0 90 
obj 19466 22.44 2059.3 35.06 0 0 90 
obj 19466 20.38 2059.3 35.47 0 0 90 
obj 19466 20.38 2059.3 34.94 0 0 90 
obj 19466 18.26 2059.3 35.47 0 0 90 
obj 19466 18.26 2059.3 34 0 0 90 
obj 19466 16.14 2059.3 35.47 0 0 90 
obj 19466 16.14 2059.3 34.9 0 0 90 
obj 19466 13.93 2059.3 35.47 0 0 90 
obj 19466 13.93 2059.3 34.8 0 0 90 
obj 19466 11.89 2059.3 35.47 0 0 90 
obj 19466 11.89 2059.3 34.81 0 0 90 
obj 19466 10.25 2059.3 35.47 0 0 90 
obj 19466 10.25 2059.3 34.98 0 0 90 
obj 19466 8.09 2059.3 35.47 0 0 90 
obj 19466 8.09 2059.3 34.97 0 0 90 
obj 19466 5.97 2059.3 35.47 0 0 90 
obj 19466 5.97 2059.3 34.5 0 0 90 
obj 19466 3.8 2059.3 35.47 0 0 90 
obj 19466 3.8 2059.3 34.47 0 0 90 
obj 19466 1.64 2059.3 35.47 0 0 90 
obj 19466 1.64 2059.3 34.78 0 0 90 
obj 19466 -0.3 2059.3 35.47 0 0 90 
obj 19466 -0.3 2059.3 34.96 0 0 90 
obj 19466 -7.9 2013.37 35.47 0 0 0 
obj 19466 -7.9 2013.37 33.71 0 0 0 
obj 19466 -7.9 2013.37 32.68 0 0 0 
obj 19466 -7.9 2011.34 35.47 0 0 0 
obj 19466 -7.9 2011.34 33.79 0 0 0 
obj 19466 -7.9 2011.34 32.66 0 0 0 
obj 19466 -7.9 2009.24 35.47 0 0 0 
obj 19466 -7.9 2009.24 33.67 0 0 0 
obj 19466 -7.9 2009.24 32.69 0 0 0 
obj 19466 -7.9 2007.28 35.47 0 0 0 
obj 19466 -7.9 2007.28 33.58 0 0 0 
obj 19466 -7.9 2007.28 32.69 0 0 0 
obj 19462 -9.26 1969.81 31.5 0 90 0 
obj 19462 -9.26 1975.37 31.5 0 90 0 
obj 19129 3.18 2049.3 34.19 0 0 0 
obj 19129 22.07 2049.3 34.19 0 0 0 
obj 19129 3.18 2031.08 34.19 0 0 0 
obj 19129 22.07 2031.08 34.19 0 0 0 
obj 19129 3.26 2012.33 34.19 0 0 0 
obj 19129 22.07 2012.33 34.19 0 0 0 
obj 19129 22.07 1993.75 34.19 0 0 0 
obj 19129 3.26 1993.75 34.19 0 0 0 
obj 19129 22.07 1975.13 34.19 0 0 0 
obj 19129 22.07 1956.68 34.19 0 0 0 
obj 19129 22.07 1953.61 34.19 0 0 0 
obj 19129 3.26 1988.48 34.19 0 0 0 
obj 19129 8.67 1973.8 34.19 0 0 0 
obj 19129 2.14 1953.61 34.19 0 0 0 
obj 19129 2.35 1959.41 34.19 0 0 0 
obj 1824 -0.19 2025.26 34.75 0 0 0 
obj 1824 7.44 2025.2 34.75 0 0 0 
obj 1824 14.61 2025.41 34.75 0 0 0 
obj 1824 20.79 2025.49 34.75 0 0 0 
obj 1978 -0.36 2020.43 35.25 0 0 0 
obj 1978 7.4 2020.48 35.25 0 0 0 
obj 1978 14.72 2020.71 35.25 0 0 0 
obj 1978 21.12 2020.93 35.25 0 0 0 
obj 2188 4.37 2016.59 35.2 0 0 0 
obj 2188 11.97 2016.72 35.2 0 0 0 
obj 2188 18.99 2016.77 35.2 0 0 0 
obj 1339 28.38 2018.95 34.92 0 0 0 
obj 1339 -3.66 2010.21 34.92 0 0 0 
obj 1339 -3.73 2018.9 34.92 0 0 0 
obj 1339 -3.44 2030.55 34.92 0 0 0 
obj 1339 28.16 2033.99 34.92 0 0 0 
obj 1339 28.05 2043.84 34.92 0 0 0 
obj 1339 -3.37 2042.94 34.92 0 0 0 
obj 3430 16.19 1994.43 35.88 0 0 0 
obj 3430 6.83 2001.81 35.88 0 0 0 
obj 3430 15.79 2009.24 35.88 0 0 0 
obj 3430 24.2 2001.76 35.88 0 0 0 
obj 14582 18.79 1983.97 37.71 0 0 0 
obj 19379 268303 2021.55 36.52 0 90 0 
obj 19466 -7.9 1977.49 35.47 0 0 0 
obj 19466 -7.9 1977.49 33.94 0 0 0 
obj 19466 -7.9 1977.49 32.33 0 0 0 
obj 19466 -7.9 1975.97 33.94 0 0 0 
obj 19466 -7.9 1975.97 32.56 0 0 0 
obj 19466 -7.9 1975.97 35.47 0 0 0 
obj 19466 -7.9 1973.85 35.47 0 0 0 
obj 19466 -7.9 1971.75 35.47 0 0 0 
obj 19466 -7.9 1969.96 35.47 0 0 0 
obj 19466 -7.9 1970.74 33.94 0 0 0 
obj 19466 -7.9 1970.74 32.44 0 0 0 
obj 19466 -7.9 1973.85 35.16 0 0 0 
obj 19466 -7.9 1971.75 35.16 0 0 0 
obj 14791 6.75 2047.64 36.24 0 0 0 
obj 14791 17.27 2047.78 36.24 0 0 0 
obj 14791 17.22 2037.96 36.24 0 0 0 
obj 14791 7.06 2038.11 36.24 0 0 0 
obj 1700 25.36 2057.13 34.2 0 0 -90 
obj 1700 25.2 2051.72 34.2 0 0 -90 
obj 1700 26.64 2026.85 34.2 0 0 -90 
obj 1745 29.47 1947.24 34.25 0 0 -180 
obj 1745 25.56 1947.24 34.25 0 0 -180 
obj 1745 20.98 1947.24 34.25 0 0 -180 
obj 1745 15.77 1947.24 34.25 0 0 -180 
obj 1745 10.23 1947.24 34.25 0 0 -180 
obj 1745 2.88 1947.24 34.25 0 0 -180 
obj 19379 -12.7 1984.59 31.5 0 90 0 
obj 19379 -12.7 1975.85 31.5 0 90 0 
obj 19379 -12.7 1969.63 31.5 0 90 0 
obj 19379 -12.7 1961.31 31.5 0 90 0 
obj 19379 -12.7 1951.94 31.5 0 90 0 
obj 19379 -12.7 1947.29 31.5 0 90 0 
obj 19379 -12.7 1993.84 31.5 0 90 0 
obj 19379 -12.7 2003.13 31.5 0 90 0 
obj 19379 -12.7 2011.82 31.5 0 90 0 
obj 19379 -12.7 2020.21 31.5 0 90 0 
obj 19379 -12.7 2028.97 31.5 0 90 0 
obj 19379 -12.7 2037.9 31.5 0 90 0 
obj 19379 -12.7 2046.73 31.5 0 90 0 
obj 19379 -12.7 2054.63 31.5 0 90 0 
obj 3586 -23.04 1972.67 28.5 0 0 90 
obj 3586 -35.16 1972.67 22.22 0 0 90 
obj 13562 -47.05 1968.47 18.01 0 0 0 
obj 19443 -42.56 1972.67 18.74 0 90 90 
obj 19443 -42.8 1972.67 18.6 0 90 90 
obj 19443 -43.03 1972.67 18.44 0 90 90 
obj 19443 -43.32 1972.67 18.28 0 90 90 
obj 19443 -43.61 1972.67 18.12 0 90 90 
obj 19443 -43.87 1972.67 17.95 0 90 90 
obj 19443 -44.08 1972.67 17.78 0 90 90 
obj 19443 -44.34 1972.67 17.62 0 90 90 
obj 19443 -44.52 1972.67 17.46 0 90 90 
obj 19443 -44.67 1972.67 17.29 0 90 90 
obj 19443 -44.84 1972.67 17.12 0 90 90 
obj 19443 -44.97 1972.67 16.97 0 90 90 
obj 19443 -45.22 1972.67 16.79 0 90 90 
obj 19443 -45.38 1972.67 16.65 0 90 90 
obj 13562 -47.05 1977.16 18.01 0 0 0 
obj 19462 -7.79 1947.27 37.91 0 0 0 
obj 19462 -7.79 1956.31 37.91 0 0 0 
obj 19462 -7.79 1965.43 37.91 0 0 0 
obj 19462 -7.79 1974.47 37.91 0 0 0 
obj 19462 -7.79 1983.42 37.91 0 0 0 
obj 19462 -7.79 1992.28 37.91 0 0 0 
obj 19462 -7.79 2001.4 37.91 0 0 0 
obj 19462 -7.79 2010.68 37.91 0 0 0 
obj 19462 -7.79 2019.34 37.91 0 0 0 
obj 19462 -7.79 2028.31 37.91 0 0 0 
obj 19462 -7.79 2037.51 37.91 0 0 0 
obj 19462 -7.79 2046.67 37.91 0 0 0 
obj 19462 -7.79 2054.46 37.91 0 0 0 
obj 19462 -2.98 2059.18 37.91 0 0 90 
obj 19462 6.31 2059.18 37.91 0 0 90 
obj 19462 15.56 2059.18 37.91 0 0 90 
obj 19462 24.86 2059.18 37.91 0 0 90 
obj 19462 27.24 2059.18 37.91 0 0 90 
obj 19462 31.97 2054.45 37.91 0 0 0 
obj 19462 31.97 2045.26 37.91 0 0 0 
obj 19462 31.97 2036.1 37.91 0 0 0 
obj 19462 31.97 2026.75 37.91 0 0 0 
obj 19462 31.97 2017.4 37.91 0 0 0 
obj 19462 31.97 2008.05 37.91 0 0 0 
obj 19462 31.97 1998.75 37.91 0 0 0 
obj 19462 31.97 1989.41 37.91 0 0 0 
obj 19462 31.97 1980.05 37.91 0 0 0 
obj 19462 31.97 1970.71 37.91 0 0 0 
obj 19462 31.97 1961.52 37.91 0 0 0 
obj 19462 31.97 1952.27 37.91 0 0 0 
obj 19462 31.97 1947.32 37.91 0 0 0 
obj 19462 -3.06 1942.54 37.91 0 0 90 
obj 19462 6.32 1942.54 37.91 0 0 90 
obj 19462 15.44 1942.54 37.91 0 0 90 
obj 19462 24.54 1942.54 37.91 0 0 90 
obj 19462 27.23 1942.54 37.91 0 0 90 
obj 19379 26.82 1947.3 39.71 0 90 0 
obj 19379 16.7 1947.3 39.71 0 90 0 
obj 19379 6.42 1947.3 39.71 0 90 0 
obj 19379 -2.66 1947.3 39.71 0 90 0 
obj 19379 -2.66 1956.33 39.71 0 90 0 
obj 19379 -2.66 1965.81 39.71 0 90 0 
obj 19379 -2.66 1975.07 39.71 0 90 0 
obj 19379 -2.66 1984.42 39.71 0 90 0 
obj 19379 -2.66 1993.4 39.71 0 90 0 
obj 19379 -2.66 2002.64 39.71 0 90 0 
obj 19379 -2.66 2012 39.71 0 90 0 
obj 19379 -2.66 2021.22 39.71 0 90 0 
obj 19379 -2.66 2030.46 39.71 0 90 0 
obj 19379 -2.66 2039.04 39.71 0 90 0 
obj 19379 -2.66 2048.14 39.71 0 90 0 
obj 19379 -2.66 2054.52 39.71 0 90 0 
obj 19379 7.59 2054.52 39.71 0 90 0 
obj 19379 17.8 2054.52 39.71 0 90 0 
obj 19379 26.83 2054.52 39.71 0 90 0 
obj 19379 26.83 2045.49 39.71 0 90 0 
obj 19379 26.83 2036.16 39.71 0 90 0 
obj 19379 26.83 2026.95 39.71 0 90 0 
obj 19379 26.83 2017.73 39.71 0 90 0 
obj 19379 26.83 2008.48 39.71 0 90 0 
obj 19379 26.83 1999.55 39.71 0 90 0 
obj 19379 26.83 1990.23 39.71 0 90 0 
obj 19379 26.83 1980.96 39.71 0 90 0 
obj 19379 26.83 1971.99 39.71 0 90 0 
obj 19379 26.83 1962.7 39.71 0 90 0 
obj 19379 26.83 1953.91 39.71 0 90 0 
obj 19379 17.4 1956.33 39.71 0 90 0 
obj 19379 7.69 1956.3 39.71 0 90 0 
obj 19379 7.3 1964.09 39.71 0 90 0 
obj 19379 17.08 1965.18 39.71 0 90 0 
obj 19379 17.2 1974.04 39.71 0 90 0 
obj 19379 7.6 1971.12 39.71 0 90 0 
obj 19379 7.68 1979.83 39.71 0 90 0 
obj 19379 17.04 1981.85 39.71 0 90 0 
obj 19379 17.16 1988.1 39.71 0 90 0 
obj 19379 7.23 1988.81 39.71 0 90 0 
obj 19379 7.24 1997.68 39.71 0 90 0 
obj 19379 16.88 1996.91 39.71 0 90 0 
obj 19379 16.98 2005.69 39.71 0 90 0 
obj 19379 7 2006.51 39.71 0 90 0 
obj 19379 7.45 2014.41 39.71 0 90 0 
obj 19379 17.42 2014.72 39.71 0 90 0 
obj 19379 7.41 2023.03 39.71 0 90 0 
obj 19379 17.16 2024.19 39.71 0 90 0 
obj 19379 17.14 2032.09 39.71 0 90 0 
obj 19379 7.21 2032.01 39.71 0 90 0 
obj 19379 7.27 2039.65 39.71 0 90 0 
obj 19379 16.76 2040.48 39.71 0 90 0 
obj 19379 16.98 2046.99 39.71 0 90 0 
obj 19379 7.03 2047.03 39.71 0 90 0 
obj 7073 -12.95 2045.88 49.78 0 0 0 
obj 7073 -12.95 1955.88 49.78 0 0 0 
obj 9833 -14.69 2035.49 34.63 0 0 0 
obj 9833 -14.93 2026.71 34.63 0 0 0 
obj 9833 -14.78 2019.47 34.63 0 0 0 
obj 1222 -10.89 2013 32.02 0 0 0 
obj 1222 -11.26 2015.59 32.02 0 0 0 
obj 1222 -10.97 2009.1 32.02 0 0 0 
obj 1222 -16.86 2011.03 32.02 0 0 0 
obj 1222 -16.82 2006.85 32.02 0 0 0 
obj 1222 -16.65 2014.87 32.02 0 0 0 
obj 11470 -13.75 1945.58 36.55 0 0 90 
obj 7388 -14.61 1979.28 31.47 0 0 -90 
obj 13667 -18.23 1999.3 47.33 0 0 -180 
