sell 10825 1384.56 2088.28 12.23 76 -4 273 
RemoveBuildingForPlayer playerid 3460 1431.7734 2057.2266 14   
changeobj 1506 1429.77 2175.56 28.7 0 0 1 1502
changeobj 1506 1430.54 2153.26 28.7 0 0 1 1502
changeobj 1506 1436.11 2153.47 32.2 0 0 91 1502
changeobj 1506 1436.31 2177.23 32.2 0 0 89 1502
obj 19451 1429.66 2158.06 30.44 0 0 0 
obj 19405 1429.67 2164.34 30.44 0 0 0 
obj 19451 1429.68 2170.75 30.44 0 0 0 
obj 19405 1429.69 2177.16 30.44 0 0 0 
obj 19405 1429.7 2180.21 30.44 0 0 0 
obj 19451 1434.39 2181.78 30.44 0 0 -91 
obj 19451 1439.25 2176.97 30.44 0 0 0 
obj 19405 1439.25 2170.54 30.44 0 0 0 
obj 19451 1439.24 2164.18 30.44 0 0 0 
obj 19405 1439.23 2157.77 30.44 0 0 0 
obj 19405 1439.24 2155.11 30.44 0 0 0 
obj 19389 1431.31 2153.34 30.44 0 0 91 
obj 19466 1439.27 2157.84 30.39 0 0 0 
obj 19466 1439.21 2154.93 30.39 0 0 0 
obj 19466 1429.64 2164.41 30.39 0 0 0 
obj 19466 1439.28 2170.57 30.39 0 0 0 
obj 19466 1429.65 2180.51 30.39 0 0 0 
obj 19377 1434.09 2158.1 28.64 0 90 0 
obj 19377 1433.94 2167.7 28.64 0 90 0 
obj 19377 1434.03 2177.21 28.64 0 90 0 
obj 19405 1434.51 2153.38 30.44 0 0 91 
obj 19405 1437.71 2153.44 30.44 0 0 91 
obj 19466 1437.83 2153.4 30.39 0 0 90 
obj 19466 1434.63 2153.35 30.39 0 0 90 
obj 19432 1438.41 2175.65 30.43 0 0 90 
obj 19432 1436.81 2175.64 30.43 0 0 90 
obj 19432 1435.23 2175.64 30.43 0 0 90 
obj 19432 1433.66 2175.64 30.43 0 0 90 
obj 19432 1432.06 2175.63 30.43 0 0 90 
obj 19466 1429.69 2177.35 30.39 0 0 0 
obj 14409 1435.76 2166.08 29 0 0 -270 
obj 19432 1438.41 2163.98 30.43 0 0 90 
obj 19432 1436.8 2163.98 30.43 0 0 90 
obj 19432 1435.22 2163.99 30.43 0 0 90 
obj 19432 1433.61 2163.99 30.43 0 0 90 
obj 19432 1433.57 2168.14 30.43 0 0 90 
obj 19432 1435.13 2168.14 30.43 0 0 90 
obj 19432 1436.73 2168.13 30.43 0 0 90 
obj 19432 1438.35 2168.11 30.43 0 0 90 
obj 19432 1438.41 2172.33 30.43 0 0 90 
obj 19432 1436.93 2172.33 30.43 0 0 90 
obj 19432 1435.36 2172.36 30.43 0 0 90 
obj 19432 1433.78 2172.35 30.43 0 0 90 
obj 19432 1433.04 2173.24 30.43 0 0 0 
obj 1523 1433.08 2175.55 28.7 0 0 -84.64 
obj 2527 1439.61 2172.83 28.71 0 0 -271 
obj 2613 1433.58 2173.53 28.73 0 0 0 
obj 2526 1437.46 2175.05 28.73 0 0 0 
obj 2524 1436.06 2172.91 28.71 0 0 -180 
obj 2525 1436.26 2175.06 28.72 0 0 0 
obj 2815 1433.11 2175.04 28.74 0 0 -90 
obj 1728 1435.71 2176.27 28.73 0 0 -178 
obj 1724 1438.62 2176.83 28.72 0 0 -90 
obj 1729 1437.4 2178.15 28.7 0 0 -91 
obj 1729 1432.19 2178.14 28.7 0 0 -272 
obj 2311 1433.94 2178.16 28.72 0 0 0 
obj 2296 1433.65 2181.35 28.73 0 0 -2 
obj 19458 1434.47 2162.18 32.11 0 90 90 
obj 19458 1434.47 2158.68 32.11 0 90 90 
obj 19458 1434.47 2155.19 32.11 0 90 90 
obj 19458 1434.49 2169.79 32.11 0 90 90 
obj 19458 1434.5 2173.29 32.11 0 90 90 
obj 19458 1434.48 2176.79 32.11 0 90 90 
obj 19458 1434.48 2180.05 32.11 0 90 90 
obj 19439 1431.38 2164.7 32.11 0 90 -1 
obj 19439 1431.37 2166.29 32.11 0 90 -1 
obj 19439 1431.39 2167.66 32.13 0 90 -1 
obj 19432 1436.39 2168.89 33.92 0 0 0 
obj 19432 1436.36 2170.47 33.92 0 0 0 
obj 19432 1436.35 2172.05 33.92 0 0 0 
obj 19405 1436.35 2174.4 33.9 0 0 0 
obj 19466 1436.35 2174.36 34.17 0 0 0 
obj 19432 1436.35 2176.44 33.92 0 0 0 
obj 19405 1436.31 2180.29 33.9 0 0 0 
obj 19466 1436.29 2180.31 34.17 0 0 0 
obj 19432 1435.49 2168.12 33.81 0 0 90 
obj 19432 1433.96 2168.12 33.81 0 0 90 
obj 19432 1432.49 2168.21 33.81 0 0 90 
obj 19432 1433.11 2167.29 33.92 0 0 0 
obj 19432 1433.14 2165.71 33.92 0 0 0 
obj 19432 1433.16 2164.56 33.92 0 0 0 
obj 19432 1431.92 2181.83 33.87 0 0 90 
obj 19432 1430.8 2181.84 33.87 0 0 90 
obj 19405 1429.66 2180.26 33.9 0 0 0 
obj 19432 1429.64 2177.87 33.92 0 0 0 
obj 19432 1429.64 2176.34 33.92 0 0 0 
obj 19432 1429.61 2174.74 33.92 0 0 0 
obj 19405 1429.63 2172.43 33.9 0 0 0 
obj 19432 1429.63 2170.02 33.92 0 0 0 
obj 19432 1429.6 2168.97 33.92 0 0 0 
obj 1502 1429.76 2168.13 32.19 0 0 0 
obj 19432 1434.03 2164.01 33.9 0 0 90 
obj 19432 1435.23 2164.05 33.9 0 0 90 
obj 19432 1436.09 2163.19 33.92 0 0 0 
obj 19432 1436.08 2161.48 33.92 0 0 0 
obj 19405 1436.08 2159.13 33.9 0 0 0 
obj 19432 1436.06 2156.75 33.92 0 0 0 
obj 19432 1436.07 2155.8 33.92 0 0 0 
obj 19466 1429.68 2172.26 34.17 0 0 0 
obj 19466 1429.71 2180.37 34.17 0 0 0 
obj 19466 1436.14 2159.14 34.17 0 0 0 
obj 19432 1435.34 2153.34 33.9 0 0 90 
obj 19432 1433.71 2153.36 33.9 0 0 90 
obj 19405 1429.65 2155.01 33.9 0 0 0 
obj 19432 1429.61 2157.42 33.92 0 0 0 
obj 19432 1429.58 2159.19 33.92 0 0 0 
obj 19432 1429.57 2160.73 33.92 0 0 0 
obj 19432 1429.58 2162.31 33.9 0 0 0 
obj 19405 1429.57 2165.5 33.9 0 0 0 
obj 19432 1429.56 2163.02 33.92 0 0 0 
obj 19432 1429.58 2167.54 33.92 0 0 -4 
obj 19466 1429.65 2165.3 34.17 0 0 0 
obj 19466 1429.63 2155.14 34.17 0 0 0 
obj 1724 1432.44 2164.81 32.09 0 0 -90 
obj 1724 1432.43 2165.92 32.09 0 0 -90 
obj 1724 1432.45 2167.05 32.09 0 0 -90 
obj 1724 1432.41 2168.11 32.09 0 0 -90 
obj 19405 1437.76 2153.42 33.89 0 0 91 
obj 19466 1437.75 2153.44 34.08 0 0 91 
obj 19405 1439.27 2155.1 33.95 0 0 0 
obj 19466 1439.25 2155.12 34.06 0 0 0 
obj 19451 1439.24 2161.53 33.91 0 0 0 
obj 19451 1439.3 2171.15 33.91 0 0 0 
obj 19405 1439.3 2177.54 33.9 0 0 0 
obj 19432 1439.3 2179.95 33.92 0 0 0 
obj 19432 1439.27 2181.07 33.92 0 0 0 
obj 19466 1439.3 2177.78 34.17 0 0 0 
obj 19405 1437.73 2181.88 33.91 0 0 91 
obj 19466 1437.78 2181.92 34.08 0 0 91 
obj 1724 1437.59 2180.61 32.18 0 0 0 
obj 1724 1438.92 2154.08 32.15 0 0 -180 
obj 2251 1435.62 2163.34 33.04 0 0 0 
obj 2164 1430.05 2158.49 33.1 0 0 90 
obj 2162 1430.03 2156.75 32.18 0 0 89 
obj 2562 1430.14 2163.13 32.11 0 0 0 
obj 2573 1433.41 2154.02 32.19 0 0 -181 
obj 2648 1430.86 2154.02 34.39 0 0 178 
obj 1808 1430.26 2160.11 32.2 0 0 89 
obj 2562 1435.72 2173.33 32.15 0 0 -90 
obj 1724 1430.34 2181.2 32.19 0 0 0 
obj 1723 1431.88 2181.21 32.19 0 0 0 
obj 1724 1434.41 2181.21 32.19 0 0 0 
obj 2251 1435.84 2181.34 33.04 0 0 0 
obj 2296 1430.07 2175.96 32.2 0 0 91 
obj 2100 1430.05 2173.32 32.26 0 0 84 
obj 2229 1429.92 2172.08 32.14 0 0 -232 
obj 2229 1430.28 2175.41 32.14 0 0 -291 
obj 19380 1434.55 2158.23 35.64 0 90 0 
obj 19380 1434.49 2167.83 35.64 0 90 0 
obj 19380 1434.5 2177.45 35.64 0 90 0 
obj 19432 1432.23 2153.3 33.9 0 0 90 
obj 19432 1430.37 2153.32 33.9 0 0 90 
obj 2068 1350.6 2108.45 10.01 0 82 90 
obj 2068 1354.23 2107.79 10.3 0 82 178 
obj 2068 1346.61 2108 10.3 0 82 -5 
obj 2068 1350.49 2107.95 13.77 0 185 90 
obj 2068 1349.69 2191.59 10.01 0 82 -92 
obj 2068 1346.14 2191.95 10.01 0 82 0 
obj 2068 1353.26 2191.5 10.24 0 82 -181 
obj 2068 1349.69 2191.59 13.45 0 177 -92 
obj 16375 1456.89 2149.45 35.76 0 0 -2 
obj 16375 1456.89 2163.59 35.76 0 0 -2 
obj 3361 1428.18 2161.08 33.52 0 0 -89.76 
obj 970 1431.66 2153.48 36.22 0 0 -0.42 
obj 970 1435.76 2153.44 36.22 0 0 -0.42 
obj 970 1437.61 2153.47 36.22 0 0 -0.42 
obj 970 1439.67 2155.53 36.22 0 0 -90.48 
obj 970 1439.67 2159.66 36.22 0 0 -90.48 
obj 970 1439.72 2163.8 36.22 0 0 -90.48 
obj 970 1439.67 2167.86 36.22 0 0 -90.48 
obj 970 1439.69 2171.98 36.22 0 0 -90.48 
obj 970 1439.68 2176.1 36.22 0 0 -90.48 
obj 970 1439.65 2180.16 36.22 0 0 -90.48 
obj 970 1437.53 2182.19 36.22 0 0 -180 
obj 970 1434.16 2182.23 36.22 0 0 -180 
obj 970 1431.38 2182.21 36.22 0 0 -180 
obj 970 1429.2 2180.2 36.22 0 0 -269.34 
obj 970 1429.24 2175.95 36.22 0 0 -269.34 
obj 970 1429.25 2172.43 36.22 0 0 -269.64 
obj 970 1429.3 2168.83 36.22 0 0 -269.76 
obj 970 1429.35 2167.23 36.22 0 0 -269.34 
obj 970 1429.44 2160.65 36.22 0 0 -269.34 
obj 970 1429.5 2156.56 36.22 0 0 -269.34 
obj 970 1429.62 2155.56 36.22 0 0 -268.2 
obj 1568 1430.08 2153.8 35.72 0 0 0 
obj 1568 1439.23 2153.82 35.58 0 0 0 
obj 1568 1439.61 2165.86 35.72 0 0 0 
obj 1568 1439.18 2181.77 35.72 0 0 0 
obj 1568 1429.59 2182.01 35.72 0 0 0 
obj 1568 1429.71 2165.43 35.72 0 0 0 
obj 1568 1429.77 2162.6 35.72 0 0 0 
obj 2100 1429.84 2162.43 28.73 0 0 85.86 
obj 2100 1429.85 2157.71 28.73 0 0 85.86 
obj 3361 1428.28 2153.98 31.02 0 0 -88.08 
obj 1806 1432.43 2162.12 32.17 0 0 43.02 
obj 3278 1428.17 2165.33 35.59 0 0 1.56 
obj 3278 1427.33 2164.56 35.59 0 0 -90.66 
obj 1701 1433.84 2159.58 32.1 0 0 0 
obj 1701 1432.79 2174.91 32.08 0 0 -91 
obj 1701 1432.43 2169.88 32.1 0 0 -91 
obj 1661 1433.38 2176.82 35.17 0 0 0 
obj 1661 1433.04 2172.67 35.17 0 0 0 
obj 2311 1435.84 2158.25 28.73 0 0 87 
obj 1727 1436.29 2157.27 28.73 0 0 179 
obj 1727 1435.55 2160.83 28.73 0 0 -4 
obj 1726 1434.62 2158.11 28.73 0 0 86 
obj 1726 1437.07 2160 28.73 0 0 266 
obj 2059 1435.74 2159.7 28.83 0 0 0 
obj 2059 1435.73 2158.94 28.83 0 0 0 
obj 2059 1435.7 2158.51 28.83 0 0 0 
obj 948 1432.33 2153.81 28.73 0 0 0 
obj 948 1430.33 2153.8 28.73 0 0 0 
obj 1510 1435.8 2158.75 29.25 0 0 0 
obj 1485 1435.66 2158.76 29.24 0 0 0 
obj 1950 1435.98 2159.89 29.43 0 0 0 
obj 1950 1435.64 2159.88 29.43 0 0 0 
obj 1668 1436.06 2159.73 29.41 0 0 0 
obj 1668 1435.64 2159.73 29.41 0 0 0 
obj 1668 1435.61 2160.05 29.41 0 0 0 
obj 2837 1435.51 2158.88 29.25 0 0 91 
obj 948 1434.8 2178.17 29.2 0 0 0 
obj 2099 1432.43 2181.38 28.73 0 0 0 
obj 2099 1436.75 2181.45 28.73 0 0 0 
obj 2296 1430.04 2159.2 28.73 0 0 89 
obj 1808 1435.6 2160.25 32.2 0 0 -90 
obj 1742 1433.71 2168.15 28.73 0 0 -180 
obj 1742 1435.15 2168.17 28.73 0 0 -180 
obj 1742 1436.57 2168.15 28.73 0 0 -180 
obj 1742 1438.03 2168.14 28.73 0 0 -180 
obj 1726 1435.36 2169.85 28.73 0 0 0 
obj 1726 1433.02 2169.85 28.73 0 0 0 
obj 1726 1433.08 2171.75 28.73 0 0 0 
obj 1726 1435.53 2171.75 28.73 0 0 0 
obj 2251 1438.75 2168.45 29.59 0 0 0 
obj 1829 1434.98 2157.78 32.7 0 0 -91 
obj 1829 1434.98 2156.93 32.7 0 0 -91 
obj 1829 1434.98 2156.09 32.7 0 0 -91 
obj 1829 1434.99 2156.95 33.6 0 0 -91 
obj 1829 1435.01 2156.07 33.6 0 0 -91 
obj 1829 1434.97 2157.79 33.6 0 0 -91 
obj 1212 1433.71 2156.7 32.2 0 0 0 
obj 1212 1434.49 2156.94 32.2 0 0 0 
obj 1212 1434.09 2157.13 32.2 0 0 0 
obj 1212 1433.92 2157.04 32.2 0 0 0 
obj 1212 1433.96 2157.45 32.2 0 0 0 
obj 1212 1433.72 2157.79 32.2 0 0 0 
obj 1212 1434.57 2157.67 32.2 0 0 0 
obj 1212 1433.89 2155.95 32.2 0 0 0 
obj 1212 1434.14 2155.88 32.2 0 0 0 
obj 1212 1433.8 2156.21 32.2 0 0 0 
obj 1212 1434.38 2156.12 32.2 0 0 0 
obj 1212 1434.14 2156.86 32.2 0 0 0 
obj 1212 1434.1 2156.45 32.2 0 0 0 
obj 1212 1434.29 2157.83 32.2 0 0 0 
obj 1212 1434.56 2155.86 32.2 0 0 0 
obj 1212 1434.04 2158.05 32.2 0 0 0 
obj 1661 1433.24 2156.34 35.19 0 0 0 
obj 1661 1433.14 2159.03 35.19 0 0 0 
obj 3802 1429.94 2152.53 31.19 0 0 -98 
obj 3802 1432.33 2152.56 31.19 0 0 -98 
obj 1727 1437.87 2163.29 28.73 0 0 -47 
obj 1727 1438.56 2154.76 28.73 0 0 236 
obj 1646 1419.94 2148.98 28.82 0 0 -95 
obj 1646 1420.03 2146.76 28.82 0 0 -95 
obj 1646 1420.02 2144.59 28.82 0 0 -95 
obj 1646 1420.23 2142.55 28.82 0 0 -95 
obj 1646 1423 2142.44 28.82 0 0 -95 
obj 1646 1423.09 2144.34 28.82 0 0 -95 
obj 1646 1423.09 2146.5 28.82 0 0 -95 
obj 1646 1423.24 2148.58 28.82 0 0 -95 
obj 1726 1420.16 2137.14 28.7 0 0 -91 
obj 1726 1418.51 2135.3 28.7 0 0 268 
obj 1726 1418.48 2139.47 28.7 0 0 268 
obj 3361 1415.23 2087.34 26.8 0 0 178 
obj 3361 1407.41 2087.53 23 0 0 178 
obj 3361 1399.26 2087.86 19 0 0 178 
obj 3361 1391.58 2088.14 14.72 0 0 178 
obj 19444 1386.92 2088.05 11.65 0 127 178 
obj 19444 1386.97 2088.53 11.65 0 127 178 
obj 2710 1435.66 2172.83 33.09 0 0 -105 
obj 2710 1435.75 2171.4 33.09 0 0 -105 
obj 1813 1432.46 2178.94 32.2 0 0 0 
obj 1813 1434.06 2178.92 32.2 0 0 0 
obj 1813 1430.82 2178.97 32.2 0 0 0 
obj 1670 1433.05 2179.46 32.72 0 0 0 
obj 1670 1434.43 2179.52 32.72 0 0 0 
obj 1670 1433.77 2179.44 32.72 0 0 0 
obj 1670 1432.26 2179.59 32.72 0 0 0 
obj 1670 1431.56 2179.58 32.72 0 0 0 
obj 1670 1430.92 2179.56 32.72 0 0 0 
obj 2631 1432.31 2157.63 28.73 0 0 0 
obj 2631 1432.39 2159.49 28.73 0 0 0 
obj 2631 1432.45 2161.44 28.73 0 0 0 
obj 2631 1432.46 2163.41 28.73 0 0 0 
obj 2631 1432.35 2155.9 28.73 0 0 0 
obj 2631 1432.36 2154.58 28.73 0 0 0 
obj 955 1436.09 2153.83 29.13 0 0 178 
obj 1209 1435.08 2163.38 28.73 0 0 0 
obj 19432 1429.6 2157.57 33.92 0 0 0 
obj 19432 1433.94 2181.8 33.87 0 0 90 
obj 19432 1430.52 2181.85 33.87 0 0 90 
obj 19432 1433 2164.56 33.92 0 0 0 
obj 19432 1432.08 2168.2 33.81 0 0 90 
obj 19432 1430.41 2163.82 33.9 0 0 90 
obj 19432 1436.09 2163.09 33.92 0 0 0 
obj 19451 1429.66 2158.06 30.44 0 0 0 
obj 19405 1429.67 2164.34 30.44 0 0 0 
obj 19405 1439.23 2157.77 30.44 0 0 0 
obj 19405 1439.24 2155.11 30.44 0 0 0 
obj 19389 1431.31 2153.34 30.44 0 0 91 
obj 19405 1434.51 2153.38 30.44 0 0 91 
obj 19405 1437.71 2153.44 30.44 0 0 91 
obj 2613 1433.58 2173.53 28.73 0 0 0 
obj 19458 1434.47 2162.18 32.11 0 90 90 
obj 19439 1431.38 2164.7 32.11 0 90 -1 
obj 19439 1431.37 2166.29 32.11 0 90 -1 
obj 19439 1431.39 2167.66 32.13 0 90 -1 
obj 19432 1432.49 2168.21 33.81 0 0 90 
obj 19432 1435.52 2181.82 33.88 0 0 90 
obj 19432 1432.93 2181.79 33.87 0 0 90 
obj 19432 1429.64 2177.87 33.92 0 0 0 
obj 19432 1429.64 2176.34 33.92 0 0 0 
obj 19432 1429.61 2174.74 33.92 0 0 0 
obj 19466 1436.14 2159.14 34.17 0 0 0 
obj 19432 1433.7 2153.32 33.9 0 0 90 
obj 19432 1429.61 2157.42 33.92 0 0 0 
obj 19432 1429.56 2163.02 33.92 0 0 0 
obj 19432 1432.11 2163.78 33.9 0 0 90 
obj 19405 1439.27 2155.1 33.95 0 0 0 
obj 19432 1439.3 2179.95 33.92 0 0 0 
obj 19432 1439.27 2181.07 33.92 0 0 0 
obj 19432 1430.31 2153.3 33.9 0 0 90 
obj 2068 1350.6 2108.45 10.01 0 82 90 
obj 2068 1354.23 2107.79 10.3 0 82 178 
obj 2068 1346.61 2108 10.3 0 82 -5 
obj 2068 1350.49 2107.95 13.77 0 185 90 
obj 2068 1349.69 2191.59 10.01 0 82 -92 
obj 2068 1346.14 2191.95 10.01 0 82 0 
obj 2068 1353.26 2191.5 10.24 0 82 -181 
obj 2068 1349.69 2191.59 13.45 0 177 -92 
obj 970 1429.35 2167.23 36.22 0 0 -269.34 
obj 2311 1435.84 2158.25 28.73 0 0 87 
obj 1727 1435.55 2160.83 28.73 0 0 -4 
obj 1510 1435.8 2158.75 29.25 0 0 0 
obj 1485 1435.66 2158.76 29.24 0 0 0 
obj 1668 1436 2159.58 29.41 0 0 0 
obj 1668 1435.59 2159.55 29.41 0 0 0 
obj 1668 1435.76 2159.97 29.41 0 0 0 
obj 2837 1435.67 2158.4 29.25 0 0 0 
obj 2837 1435.91 2159.07 29.25 0 0 91 
obj 1808 1435.6 2160.25 32.2 0 0 -90 
obj 1212 1434.38 2156.12 32.2 0 0 0 
obj 1670 1433.05 2179.46 32.72 0 0 0 
obj 1670 1434.43 2179.52 32.72 0 0 0 
obj 1670 1433.77 2179.44 32.72 0 0 0 
obj 1209 1436.35 2163.22 28.73 0 0 0 
obj 19432 1431.09 2153.28 33.9 0 0 90 
obj 19432 1435.12 2153.33 33.9 0 0 90 
obj 19432 1431.47 2163.75 33.9 0 0 90 
