sell 10825 1514.95 -2475.48 13.52 88 -3 0 
changeobj 1506 1511.86 -2453.04 12.47 0 0 267.34 1502
changeobj 1506 1519.28 -2453.39 12.46 0 0 268.79 1502
changeobj 1506 1513.22 -2472.02 12.39 0 0 0 1502
changeobj 1506 1516.18 -2471.99 12.36 0 0 180.44 1502
changeobj 1506 1557.32 -2474.03 12.38 0 0 359.7 1502
changeobj 1506 1558.83 -2474.04 12.38 0 0 359.7 1502
changeobj 1506 1535.73 -2472.18 12.49 0 0 269.9 1502
changeobj 1506 1518.88 -2469.88 12.59 0 0 357.92 1502
changeobj 1506 1560.53 -2474.07 12.55 0 0 357.05 1502
changeobj 1506 1511.86 -2453.04 12.47 0 0 267.34 1502
changeobj 1506 1519.28 -2453.39 12.46 0 0 268.79 1502
changeobj 1506 1513.22 -2472.02 12.39 0 0 0 1502
changeobj 1506 1516.18 -2471.99 12.36 0 0 180.44 1502
changeobj 1506 1557.32 -2474.03 12.38 0 0 359.7 1502
changeobj 1506 1558.83 -2474.04 12.38 0 0 359.7 1502
changeobj 1506 1535.73 -2472.18 12.49 0 0 269.9 1502
changeobj 1506 1518.88 -2469.88 12.59 0 0 357.92 1502
changeobj 1506 1560.53 -2474.07 12.55 0 0 357.05 1502
obj 19454 1503.73 -2467.19 14.22 0 0 359.7 
obj 19454 1503.8 -2457.67 14.22 0 0 359.7 
obj 2296 1504.15 -2470.36 12.65 0 0 90.03 
obj 2296 1504.22 -2464.05 12.65 0 0 90.03 
obj 2296 1504.56 -2457.96 12.65 0 0 90.03 
obj 1726 1506.81 -2456.67 12.49 0 0 0.18 
obj 19454 1508.72 -2453.01 14.22 0 0 268.75 
obj 19454 1518.35 -2453.22 14.22 0 0 268.53 
obj 19454 1527.98 -2453.4 14.22 0 0 269.36 
obj 19454 1511.72 -2459.37 14.22 0 0 359.29 
obj 19454 1508.45 -2472.03 14.22 0 0 269.66 
obj 1726 1509.02 -2469.95 12.59 0 0 181.35 
obj 19454 1511.67 -2467.13 14.22 0 0 359.69 
obj 1726 1510.09 -2461.32 12.58 0 0 269.49 
obj 19454 1519.08 -2459.75 14.22 0 0 358 
obj 19454 1537.57 -2453.52 14.22 0 0 269.36 
obj 19454 1547.15 -2453.62 14.22 0 0 269.36 
obj 19454 1551.72 -2458.64 14.22 0 0 177.58 
obj 19454 1518.83 -2468.93 14.22 0 0 358.51 
obj 19430 1516.97 -2471.95 13.17 0 0 271.61 
obj 19430 1518.03 -2471.92 13.17 0 0 271.2 
obj 19454 1508.57 -2470.27 16.06 0 -90 269 
obj 19454 1508.62 -2466.82 16.06 0 -90 269 
obj 19454 1508.56 -2463.32 16.06 0 -90 269 
obj 19454 1508.71 -2459.82 16.1 0 -90 269 
obj 19454 1508.66 -2454.55 16 0 -90 269 
obj 19454 1522.07 -2454.9 15.99 0 -90 269 
obj 19454 1508.59 -2459.77 16 0 -90 269 
obj 19454 1508.64 -2457.33 16 0 -90 269 
obj 19454 1521.98 -2458.4 15.99 0 -90 269 
obj 19454 1521.93 -2461.9 15.99 0 -90 269 
obj 19454 1521.91 -2465.37 15.99 0 -90 269 
obj 19454 1522.01 -2468.73 15.99 0 -90 269 
obj 19454 1522.02 -2471.81 15.99 0 -90 269 
obj 19454 1515.27 -2471.73 15.99 0 -90 269 
obj 19454 1515.12 -2457.74 15.95 0 -90 179.22 
obj 19454 1516.34 -2457.78 15.95 0 -90 179.22 
obj 19454 1514.95 -2467.06 15.95 0 -90 179.22 
obj 19454 1516.59 -2467.15 15.95 0 -90 179.22 
obj 19454 1519.47 -2463 15.95 0 -90 179.22 
obj 19454 1524.01 -2460.28 14.22 0 0 269.36 
obj 19454 1528.57 -2465.24 14.22 0 0 358.51 
obj 19454 1523.62 -2473.72 14.22 0 0 269.66 
obj 19454 1533.23 -2473.79 14.22 0 0 269.66 
obj 19454 1542.87 -2473.92 14.22 0 0 269.66 
obj 19454 1551.43 -2468.19 14.22 0 0 177.58 
obj 19454 1552.51 -2474.03 14.22 0 0 269.66 
obj 19430 1551.21 -2473.24 14.22 0 0 358.19 
obj 19454 1531.51 -2472.01 15.99 0 -90 269 
obj 19454 1541.15 -2472.08 15.99 0 -90 269 
obj 19454 1541.12 -2468.57 15.99 0 -90 269 
obj 19454 1531.5 -2468.51 15.99 0 -90 269 
obj 19454 1531.45 -2465.05 15.99 0 -90 269 
obj 19454 1531.56 -2461.65 15.99 0 -90 269 
obj 19454 1531.62 -2458.16 15.99 0 -90 269 
obj 19454 1531.66 -2455.12 15.99 0 -90 269 
obj 19454 1541.29 -2455.18 15.99 0 -90 269 
obj 19454 1547.12 -2455.27 15.99 0 -90 269 
obj 19454 1547.04 -2458.79 15.99 0 -90 269 
obj 19454 1541.19 -2458.63 15.99 0 -90 269 
obj 19454 1541.2 -2462.13 15.99 0 -90 269 
obj 19454 1546.96 -2462.18 15.99 0 -90 269 
obj 19454 1541.08 -2465.36 15.99 0 -90 269 
obj 19454 1546.74 -2465.63 15.99 0 -90 269 
obj 19454 1546.63 -2469.1 15.99 0 -90 269 
obj 19454 1546.6 -2472.16 15.99 0 -90 269 
obj 19454 1556.74 -2453.84 14.22 0 0 269.36 
obj 19454 1560.87 -2458.77 14.22 0 0 178.09 
obj 19454 1560.57 -2468.26 14.22 0 0 177.58 
obj 19454 1560.54 -2469.3 14.22 0 0 178.9 
obj 19454 1555.68 -2472.36 15.99 0 -90 269 
obj 19454 1555.74 -2468.87 15.99 0 -90 269 
obj 19454 1555.82 -2465.38 15.99 0 -90 269 
obj 19454 1555.98 -2461.89 15.99 0 -90 269 
obj 19454 1556.23 -2458.38 15.99 0 -90 269 
obj 19454 1556.33 -2455.5 15.99 0 -90 269 
obj 3794 1553.9 -2457.14 13 0 0 0 
obj 3794 1557.36 -2456.38 13 0 0 0 
obj 3794 1557.31 -2458.76 13 0 0 0 
obj 3794 1557.45 -2460.36 13 0 0 0 
obj 3794 1557.35 -2462.53 13 0 0 0 
obj 19454 1535.76 -2458.42 14.22 0 0 358.51 
obj 14720 1550.39 -2455.29 12.49 0 0 178.91 
obj 19454 1535.69 -2467.33 14.22 0 0 358.51 
obj 1825 1548.11 -2468.17 12.79 0 0 0 
obj 4866 1517.16 -2449.65 12.55 0 0 0 
obj 1825 1548.15 -2464.93 12.79 0 0 0 
obj 1825 1545.58 -2467.77 12.79 0 0 0 
obj 1825 1545.89 -2463.8 12.79 0 0 0 
obj 1825 1548.4 -2462.01 12.79 0 0 0 
obj 1825 1544.76 -2461.52 12.79 0 0 0 
obj 1825 1547.61 -2460.01 12.79 0 0 0 
obj 1825 1542.62 -2468.63 12.79 0 0 0 
obj 1825 1543.29 -2464.2 12.79 0 0 0 
obj 2860 1543.04 -2464.37 13.6 0 0 0 
obj 2860 1544.62 -2461.67 13.69 0 0 0 
obj 3534 1512.46 -2472.13 15.73 0 0 0 
obj 3534 1516.72 -2472.25 15.73 0 0 0 
obj 19454 1525.33 -2463.46 14.22 0 0 268.95 
obj 2514 1527.5 -2460.96 12.59 0 0 271.3 
obj 2514 1527.51 -2461.68 12.59 0 0 272.13 
obj 2602 1528.16 -2462.68 13 0 0 273.18 
obj 2515 1525.63 -2462.65 14 0 0 175.6 
obj 19454 1525.21 -2470.02 14.22 0 0 268.95 
obj 2565 1523.05 -2466.06 13 0 0 357.54 
obj 14867 1524.54 -2469.3 13.81 0 0 0 
obj 2311 1507.28 -2467.88 12.55 0 0 0 
obj 2311 1507 -2458.6 12.54 0 0 0 
obj 19454 1570.51 -2458.94 14.22 0 0 177.58 
obj 19454 1566.33 -2453.98 14.22 0 0 269.36 
obj 19454 1570.5 -2459.06 14.22 0 0 177.58 
obj 19454 1570.12 -2468.68 14.22 0 0 177.58 
obj 19454 1566.84 -2474.16 14.22 0 0 269.36 
obj 19454 1555.82 -2465.38 15.99 0 -90 269 
obj 19454 1565.6 -2462.31 15.99 0 -90 268.28 
obj 19454 1565.72 -2458.9 15.99 0 -90 268.28 
obj 19454 1565.87 -2455.75 15.99 0 -90 268.28 
obj 19454 1565.45 -2465.8 15.99 0 -90 268.28 
obj 19454 1565.33 -2469.27 15.99 0 -90 268.28 
obj 19454 1565.24 -2472.64 15.99 0 -90 268.28 
obj 2207 1564.17 -2459.15 12.55 0 0 357.67 
obj 1723 1561.89 -2465.98 12.55 0 0 87.17 
obj 1723 1561.58 -2469.44 12.55 0 0 87.17 
obj 1723 1568.75 -2464.49 12.66 0 0 269.15 
obj 1723 1568.71 -2467.92 12.66 0 0 269.15 
obj 19435 1569.97 -2473.34 14.14 0 0 358.87 
obj 19454 1503.73 -2467.19 14.22 0 0 359.7 
obj 19454 1503.8 -2457.67 14.22 0 0 359.7 
obj 2296 1504.15 -2470.36 12.65 0 0 90.03 
obj 2296 1504.22 -2464.05 12.65 0 0 90.03 
obj 2296 1504.56 -2457.96 12.65 0 0 90.03 
obj 1726 1506.81 -2456.67 12.49 0 0 0.18 
obj 19454 1508.72 -2453.01 14.22 0 0 268.75 
obj 19454 1518.35 -2453.22 14.22 0 0 268.53 
obj 19454 1527.98 -2453.4 14.22 0 0 269.36 
obj 19454 1511.72 -2459.37 14.22 0 0 359.29 
obj 19454 1508.45 -2472.03 14.22 0 0 269.66 
obj 1726 1509.02 -2469.95 12.59 0 0 181.35 
obj 19454 1511.67 -2467.13 14.22 0 0 359.69 
obj 1726 1510.09 -2461.32 12.58 0 0 269.49 
obj 19454 1519.08 -2459.75 14.22 0 0 358 
obj 19454 1537.57 -2453.52 14.22 0 0 269.36 
obj 19454 1547.15 -2453.6 14.22 0 0 269.36 
obj 19454 1551.72 -2458.64 14.22 0 0 177.58 
obj 19454 1518.83 -2468.93 14.22 0 0 358.51 
obj 19430 1516.97 -2471.95 13.17 0 0 271.61 
obj 19430 1518.03 -2471.92 13.17 0 0 271.2 
obj 19454 1508.57 -2470.27 16.06 0 -90 269 
obj 19454 1508.62 -2466.82 16.06 0 -90 269 
obj 19454 1508.56 -2463.32 16.06 0 -90 269 
obj 19454 1508.71 -2459.82 16.1 0 -90 269 
obj 19454 1508.66 -2454.55 16 0 -90 269 
obj 19454 1522.07 -2454.9 15.99 0 -90 269 
obj 19454 1508.59 -2459.77 16 0 -90 269 
obj 19454 1508.64 -2457.33 16 0 -90 269 
obj 19454 1521.98 -2458.4 15.99 0 -90 269 
obj 19454 1521.93 -2461.9 15.99 0 -90 269 
obj 19454 1521.91 -2465.37 15.99 0 -90 269 
obj 19454 1522.01 -2468.73 15.99 0 -90 269 
obj 19454 1522.02 -2471.81 15.99 0 -90 269 
obj 19454 1515.27 -2471.73 15.99 0 -90 269 
obj 19454 1515.12 -2457.74 15.95 0 -90 179.22 
obj 19454 1516.34 -2457.78 15.95 0 -90 179.22 
obj 19454 1514.95 -2467.06 15.95 0 -90 179.22 
obj 19454 1516.59 -2467.15 15.95 0 -90 179.22 
obj 19454 1519.47 -2463 15.95 0 -90 179.22 
obj 19454 1524.01 -2460.28 14.22 0 0 269.36 
obj 19454 1528.57 -2465.24 14.22 0 0 358.51 
obj 19454 1523.62 -2473.72 14.22 0 0 269.66 
obj 19454 1533.23 -2473.79 14.22 0 0 269.66 
obj 19454 1542.87 -2473.92 14.22 0 0 269.66 
obj 19454 1551.43 -2468.19 14.22 0 0 177.58 
obj 19454 1552.51 -2474.03 14.22 0 0 269.66 
obj 19430 1551.21 -2473.24 14.22 0 0 358.19 
obj 19454 1531.51 -2472.01 15.99 0 -90 269 
obj 19454 1541.11 -2472.14 15.99 0 -90 269 
obj 19454 1541.12 -2468.57 15.99 0 -90 269 
obj 19454 1531.5 -2468.51 15.99 0 -90 269 
obj 19454 1531.45 -2465.05 15.99 0 -90 269 
obj 19454 1531.56 -2461.65 15.99 0 -90 269 
obj 19454 1531.62 -2458.16 15.99 0 -90 269 
obj 19454 1531.66 -2455.12 15.99 0 -90 269 
obj 19454 1541.35 -2455.14 15.99 0 -90 269 
obj 19454 1547.12 -2455.27 15.99 0 -90 269 
obj 19454 1547.04 -2458.79 15.99 0 -90 269 
obj 19454 1541.19 -2458.63 15.99 0 -90 269 
obj 19454 1541.14 -2462.15 15.99 0 -90 269 
obj 19454 1546.96 -2462.18 15.99 0 -90 269 
obj 19454 1541.08 -2465.36 15.99 0 -90 269 
obj 19454 1546.74 -2465.63 15.99 0 -90 269 
obj 19454 1546.63 -2469.1 15.99 0 -90 269 
obj 19454 1546.6 -2472.16 15.99 0 -90 269 
obj 19454 1556.74 -2453.84 14.22 0 0 269.36 
obj 19454 1560.87 -2458.77 14.22 0 0 178.09 
obj 19454 1560.57 -2468.26 14.22 0 0 177.58 
obj 19454 1560.54 -2469.3 14.22 0 0 178.9 
obj 19454 1555.68 -2472.36 15.99 0 -90 269 
obj 19454 1555.74 -2468.87 15.99 0 -90 269 
obj 19454 1555.82 -2465.38 15.99 0 -90 269 
obj 19454 1555.98 -2461.89 15.99 0 -90 269 
obj 19454 1556.23 -2458.38 15.99 0 -90 269 
obj 19454 1556.33 -2455.5 15.99 0 -90 269 
obj 3794 1553.9 -2457.14 13 0 0 0 
obj 3794 1553.89 -2460.78 13 0 0 0 
obj 3794 1553.87 -2463.39 13 0 0 0 
obj 19454 1535.76 -2458.42 14.22 0 0 358.51 
obj 14720 1550.39 -2455.29 12.49 0 0 178.91 
obj 19454 1535.69 -2467.33 14.22 0 0 358.51 
obj 2130 1536.28 -2455.36 12.59 0 0 354.51 
obj 1825 1548.11 -2468.17 12.79 0 0 0 
obj 4866 1517.16 -2449.65 12.55 0 0 0 
obj 1825 1548.15 -2464.93 12.79 0 0 0 
obj 1825 1545.58 -2467.77 12.79 0 0 0 
obj 1825 1545.89 -2463.8 12.79 0 0 0 
obj 1825 1548.4 -2462.01 12.79 0 0 0 
obj 1825 1544.76 -2461.52 12.79 0 0 0 
obj 1825 1547.61 -2460.01 12.79 0 0 0 
obj 1825 1542.62 -2468.63 12.79 0 0 0 
obj 1825 1543.29 -2464.2 12.79 0 0 0 
obj 2860 1543.04 -2464.37 13.6 0 0 0 
obj 2860 1544.62 -2461.67 13.69 0 0 0 
obj 3534 1512.46 -2472.13 15.73 0 0 0 
obj 3534 1516.72 -2472.25 15.73 0 0 0 
obj 19454 1525.33 -2463.46 14.22 0 0 268.95 
obj 2514 1527.5 -2460.96 12.59 0 0 271.3 
obj 2514 1527.51 -2461.68 12.59 0 0 272.13 
obj 2602 1528.16 -2462.68 13 0 0 273.18 
obj 2515 1525.63 -2462.65 14 0 0 175.6 
obj 19454 1525.21 -2470.02 14.22 0 0 268.95 
obj 2565 1523.05 -2466.06 13 0 0 357.54 
obj 14867 1524.54 -2469.3 13.81 0 0 0 
obj 2311 1507.28 -2467.88 12.55 0 0 0 
obj 2311 1507 -2458.6 12.54 0 0 0 
obj 19454 1570.51 -2458.94 14.22 0 0 177.58 
obj 19454 1566.33 -2453.98 14.22 0 0 269.36 
obj 19454 1570.5 -2459.06 14.22 0 0 177.58 
obj 19454 1570.1 -2468.54 14.22 0 0 177.58 
obj 19454 1566.84 -2474.16 14.22 0 0 269.36 
obj 19454 1555.82 -2465.38 15.99 0 -90 269 
obj 19454 1565.25 -2462.03 15.99 0 -90 268.28 
obj 19454 1565.72 -2458.9 15.99 0 -90 268.28 
obj 19454 1565.8 -2455.61 15.99 0 -90 268.28 
obj 19454 1565.16 -2465.55 15.99 0 -90 268.28 
obj 19454 1565.33 -2469.27 15.99 0 -90 268.28 
obj 19454 1565.24 -2472.64 15.99 0 -90 268.28 
obj 2207 1564.17 -2459.15 12.55 0 0 357.67 
obj 1723 1561.89 -2465.98 12.55 0 0 87.17 
obj 1723 1561.58 -2469.44 12.55 0 0 87.17 
obj 1723 1568.75 -2464.49 12.66 0 0 269.15 
obj 1723 1568.71 -2467.92 12.66 0 0 269.15 
obj 19454 1571.89 -2469.56 14.22 0 0 177.58 
obj 19454 1572.35 -2459.95 14.22 0 0 177.58 
obj 19435 1572.58 -2454.8 14.14 0 0 356.82 
obj 19454 1567.78 -2453.99 14.22 0 0 269.36 
obj 19454 1567.84 -2455.68 15.99 0 -90 268.28 
obj 19454 1567.75 -2459.14 15.99 0 -90 268.28 
obj 19454 1567.65 -2462.6 15.99 0 -90 268.28 
obj 19454 1567.54 -2465.9 15.99 0 -90 268.28 
obj 19454 1567.44 -2469.34 15.99 0 -90 268.28 
obj 19454 1567.37 -2472.7 15.99 0 -90 268.28 
obj 2130 1538.27 -2455.54 12.59 0 0 354.51 
obj 2130 1540.23 -2455.72 12.59 0 0 354.51 
obj 2130 1542.21 -2455.96 12.59 0 0 354.51 
obj 2130 1544.23 -2456.12 12.59 0 0 354.51 
obj 1724 1564.65 -2456.78 12.55 0 0 356.75 
obj 19425 1515.66 -2461.59 12.54 0 0 0 
obj 19425 1515.61 -2466.67 12.59 0 0 0 
obj 3437 1504.78 -2472.17 18.24 0 0 0 
obj 3437 1570.76 -2474.65 18.24 0 0 0 
