sell 10825 -375.81 -432.9 16.13 91 11 18 
changeobj 1506 -377.19 -431.85 15.18 0 0 -5 1502
changeobj 1506 -374.18 -432.12 15.18 0 0 173 1502
changeobj 1506 -375.69 -413.88 18.66 0 0 84 1502
changeobj 1506 -365.42 -450.89 20.07 0 0 197 1502
changeobj 1506 -358.24 -474.44 20.07 0 0 197 1502
changeobj 1506 -369.48 -400.41 8.24 0 0 0 1502
changeobj 1506 -366.47 -400.39 8.24 0 0 180 1502
changeobj 1506 -376.06 -390.96 8.28 0 0 0 1502
changeobj 1506 -373.65 -380.45 8.28 0 0 90 1502
changeobj 1506 -393.51 -367.26 8.28 0 0 0 1502
changeobj 1506 -426.6 -338.97 0.08 0 0 0 1502
changeobj 1506 -371.79 -415.89 11.68 0 0 85 1502
obj 19452 -385.49 -436.01 15.12 0 90 -5 
obj 19452 -384.65 -426.43 15.12 0 90 -5 
obj 19452 -383.82 -416.85 15.12 0 90 -5 
obj 19452 -380.35 -417.15 15.12 0 90 -5 
obj 19452 -381.2 -426.72 15.12 0 90 -5 
obj 19452 -382.03 -436.3 15.12 0 90 -5 
obj 19452 -378.58 -436.6 15.12 0 90 -5 
obj 19452 -377.74 -427.03 15.12 0 90 -5 
obj 19452 -376.89 -417.45 15.12 0 90 -5 
obj 19452 -375.11 -436.92 15.12 0 90 -5 
obj 19452 -374.26 -427.33 15.12 0 90 -5 
obj 19452 -373.41 -417.75 15.12 0 90 -5 
obj 19380 -372.53 -427.36 9.92 0 0 -5 
obj 19380 -373.38 -437.09 9.92 0 0 -5 
obj 19380 -383.28 -440.92 10.36 90 0 -95 
obj 19458 -381.61 -412.25 13.46 0 0 -95 
obj 19458 -380.44 -412.45 16.94 0 0 -95 
obj 19458 -386.27 -426.32 16.94 0 0 -5 
obj 19458 -381.97 -431.39 16.94 0 0 -95 
obj 19458 -373.7 -427.51 16.94 0 0 -5 
obj 19425 -386.75 -432.74 15.19 0 0 -95 
obj 19425 -387.02 -435.9 15.19 0 0 -95 
obj 19425 -387.29 -439.03 15.19 0 0 -95 
obj 19425 -385.4 -436.07 15.19 0 0 -185 
obj 19425 -382.29 -436.34 15.19 0 0 -185 
obj 19425 -380.66 -436.38 15.19 0 0 -95 
obj 19425 -380.38 -433.23 15.19 0 0 -95 
obj 19425 -380.95 -439.53 15.19 0 0 -95 
obj 19325 -385.41 -415.12 16.61 0 0 -4 
obj 19325 -385.86 -421.68 16.69 0 0 -4 
obj 19325 -372.97 -419.53 16.61 0 0 -4 
obj 19325 -375.44 -414.37 16.61 0 0 55 
obj 19462 -384.29 -423.01 16.82 -22 90 -5 
obj 19452 -381.68 -429.4 18.6 0 90 -95 
obj 19452 -381.99 -432.87 18.6 0 90 -95 
obj 19452 -372.39 -433.69 18.6 0 90 -95 
obj 19452 -372.08 -430.21 18.6 0 90 -95 
obj 19452 -378.15 -426.21 18.6 0 90 -95 
obj 19452 -368.59 -427 18.6 0 90 -95 
obj 19452 -377.82 -422.72 18.6 0 90 -95 
obj 19452 -380.96 -418.94 18.6 0 90 -95 
obj 19452 -371.41 -419.77 18.6 0 90 -95 
obj 19452 -368.3 -423.55 18.6 0 90 -95 
obj 19419 -386.92 -433.17 18.57 0 0 -95 
obj 19452 -364.64 -416.5 18.6 0 90 -5 
obj 19452 -380.66 -415.5 18.6 0 90 -95 
obj 19452 -380.35 -412.04 18.6 0 90 -95 
obj 19452 -371.11 -416.34 18.6 0 90 -95 
obj 19452 -370.91 -412.84 18.6 0 90 -95 
obj 19325 -385.2 -413.27 20.35 0 0 -5 
obj 19325 -385.74 -419.86 20.35 0 0 -5 
obj 19325 -386.31 -426.45 20.33 0 0 -5 
obj 19329 -387.01 -432.08 16.17 0 0 86 
obj 19325 -383.5 -434.38 20.59 0 0 85 
obj 19325 -376.92 -434.95 20.59 0 0 85 
obj 19452 -365.37 -424.91 18.6 0 90 -5 
obj 19366 -386.53 -429.37 20.44 0 0 -2 
obj 19366 -372.56 -435.37 20.44 0 0 -95 
obj 19325 -367.56 -432.4 20.59 0 0 -6 
obj 19325 -366.87 -425.81 20.41 0 0 -6 
obj 19325 -366.18 -419.22 20.39 0 0 -6 
obj 19458 -370.29 -415.51 20.46 0 0 -95 
obj 19458 -380.67 -416.16 22.28 0 90 -95 
obj 19458 -380.14 -411.04 20.44 0 0 -95 
obj 19458 -380.97 -419.59 22.28 0 90 -95 
obj 19458 -370.75 -416.92 22.28 0 90 -95 
obj 19458 -371.41 -420.37 22.28 0 90 -95 
obj 19458 -381.28 -423.04 22.28 0 90 -95 
obj 19458 -381.58 -426.49 22.28 0 90 -95 
obj 19458 -381.9 -429.94 22.34 0 90 -95 
obj 19458 -382.21 -433.38 22.34 0 90 -95 
obj 19458 -371.73 -423.85 22.3 0 90 -95 
obj 19458 -372.03 -427.31 22.32 0 90 -95 
obj 19458 -372.35 -430.76 22.32 0 90 -95 
obj 19458 -372.63 -434.23 22.34 0 90 -95 
obj 19458 -365.86 -431.77 22.38 0 90 -5 
obj 19458 -365.01 -422.15 22.38 0 90 -5 
obj 19455 -400.18 -474.78 18.33 8 90 -73 
obj 19455 -399.16 -478.1 18.33 8 90 -73 
obj 19455 -391.06 -472 19.13 1 90 -73 
obj 19455 -390.03 -475.31 19.13 1 90 -73 
obj 19455 -401.21 -471.44 18.33 8 90 -73 
obj 19455 -392.08 -468.67 19.13 1 90 -73 
obj 19454 -382.66 -476.81 19.22 0 90 17 
obj 19454 -379.32 -475.78 19.22 0 90 17 
obj 19454 -375.99 -474.77 19.22 0 90 17 
obj 19454 -372.64 -473.73 19.22 0 90 17 
obj 3624 -374.05 -466.46 23.49 0 0 17 
obj 19454 -369.31 -472.7 19.22 0 90 17 
obj 19454 -365.98 -471.68 19.22 0 90 17 
obj 19454 -362.64 -470.64 19.22 0 90 17 
obj 19454 -359.3 -469.69 19.22 0 90 17 
obj 19454 -362.16 -460.48 19.22 0 90 17 
obj 19454 -365 -451.35 19.24 0 90 17 
obj 19454 -365.5 -461.44 19.22 0 90 17 
obj 19454 -368.35 -452.34 19.22 0 90 17 
obj 19454 -385.09 -470.71 19.22 0 90 17 
obj 19454 -384.97 -457.51 19.22 0 90 17 
obj 19454 -388.33 -458.47 19.22 0 90 17 
obj 19454 -381.63 -456.46 19.22 0 90 17 
obj 19454 -382.13 -466.6 19.22 0 90 17 
obj 19454 -378.32 -455.38 19.22 0 90 17 
obj 19454 -374.99 -454.36 19.22 0 90 17 
obj 19454 -368.81 -462.52 19.22 0 90 17 
obj 19454 -371.69 -453.34 19.22 0 90 17 
obj 19454 -372.12 -463.51 19.22 0 90 17 
obj 19454 -375.46 -464.55 19.22 0 90 17 
obj 19454 -378.77 -465.63 19.22 0 90 17 
obj 3335 -418.77 -443.63 16.45 0 0 33 
obj 3335 -394.25 -495.21 18.01 0 0 10 
obj 19455 -398.15 -481.42 18.33 8 90 -73 
obj 19455 -389 -478.65 19.13 1 90 -73 
obj 19454 -385.44 -467.66 19.22 0 90 17 
obj 19454 -354.07 -463.57 2.44 0 90 196 
obj 19452 -370.97 -429.58 15.22 0 90 -4 
obj 19452 -370.54 -436.61 16.66 -24 90 15 
obj 19452 -368.05 -445.41 19.04 -6 90 18 
obj 19456 -359.21 -474.82 14.45 89 0 -76 
obj 19456 -359.38 -474.81 4.85 89 0 -76 
obj 19456 -359.38 -474.81 -4.61 89 0 -76 
obj 19456 -366.4 -446.94 14.45 89 0 -76 
obj 19456 -366.57 -446.98 4.93 89 0 -76 
obj 19456 -389.69 -454.04 14.45 89 0 -76 
obj 19456 -389.93 -460.63 14.51 89 0 15 
obj 19456 -388.31 -465.77 14.51 89 0 15 
obj 19456 -381.11 -481.69 14.45 89 0 -76 
obj 19456 -384.36 -476.94 14.51 89 0 15 
obj 2904 -368.03 -451.77 21.36 0 0 17 
obj 2904 -360.83 -475.34 21.36 0 0 17 
obj 19425 -385.83 -473.61 19.29 0 0 -73 
obj 19425 -386.78 -470.54 19.29 0 0 -73 
obj 19425 -387.7 -467.56 19.29 0 0 -73 
obj 19425 -388.63 -464.5 19.29 0 0 -73 
obj 1828 -375.62 -429.67 15.21 0 0 -97 
obj 1432 -374.84 -417.56 15.22 0 0 0 
obj 3812 -373.87 -425.4 18.1 0 0 175 
obj 3031 -390.31 -454.58 20.67 0 0 200 
obj 2172 -384.57 -412.66 15.13 0 0 -5 
obj 1663 -384.13 -413.79 15.64 0 0 178 
obj 1702 -370.06 -431.13 18.66 0 0 85 
obj 2299 -384.86 -427.54 15.18 0 0 -185 
obj 2299 -382.47 -427.75 15.18 0 0 -185 
obj 3812 -371.09 -435.09 21.44 0 0 85 
obj 2299 -376.7 -431.41 18.63 0 0 173.42 
obj 2296 -379.15 -431.25 15.16 0 0 175 
obj 1702 -380.41 -426.85 15.19 0 0 -5 
obj 1829 -379.23 -413.42 15.64 0 0 -8 
obj 2186 -382.63 -413.82 15.19 0 0 86 
obj 2228 -386.92 -430.63 15.77 0 0 87 
obj 1645 -369.4 -428.05 18.8 0 0 88 
obj 1645 -365.28 -428.55 18.88 0 0 86 
obj 1645 -365.29 -426.14 18.88 0 0 86 
obj 1635 -367.67 -415.1 20.77 0 0 -94 
obj 2629 -372.19 -417.02 18.67 0 0 -5 
obj 2631 -369.61 -424.64 18.72 0 0 -5 
obj 2632 -369.41 -422.2 18.72 0 0 -5 
obj 2631 -370.08 -433.34 18.72 0 0 -5 
obj 2630 -374.02 -417.06 18.67 0 0 175 
obj 2630 -375.48 -417.04 18.67 0 0 175 
obj 1985 -368.75 -433.51 21.93 0 0 0 
obj 2628 -385.42 -433.26 18.68 0 0 86 
obj 2627 -374.23 -433.69 18.67 0 0 175 
obj 2921 -360.9 -462.02 28.12 0 0 54 
obj 970 -383.72 -420.42 19.1 0 0 -5 
obj 970 -381.83 -422.69 19.1 0 0 -95 
obj 970 -382.09 -425.58 19.1 0 0 -95 
obj 2002 -380.84 -412.92 15.18 0 0 -4 
obj 2007 -385.86 -426.55 15.2 0 0 84 
obj 19458 -380.36 -412.74 22.26 0 90 -95 
obj 19458 -379.01 -414.6 20.44 0 0 -95 
obj 1523 -385.33 -414.23 18.65 0 0 -5 
obj 2514 -378.6 -411.76 18.66 0 0 0 
obj 2515 -382.94 -414 19.54 0 0 178 
obj 2519 -381.98 -411.47 18.67 0 0 -5 
obj 2517 -379.55 -413.03 18.65 0 0 175 
obj 19378 -369.12 -386.04 8.19 0 90 0 
obj 19378 -379.6 -386.04 8.19 0 90 0 
obj 19378 -369.11 -395.67 8.19 0 90 0 
obj 19378 -379.57 -395.66 8.19 0 90 0 
obj 19378 -369.12 -376.42 8.19 0 90 0 
obj 19378 -379.55 -376.43 8.19 0 90 0 
obj 19448 -363.94 -395.68 9.87 0 0 0 
obj 19448 -363.94 -381.76 9.87 0 0 0 
obj 19325 -363.85 -388.8 10.21 0 0 0 
obj 19325 -363.86 -374.96 10.21 0 0 0 
obj 3498 -364 -371.78 7.76 0 0 0 
obj 3498 -364 -371.78 -1.2 0 0 0 
obj 3498 -363.98 -376.82 7.76 0 0 0 
obj 3498 -364.06 -386.65 7.76 0 0 0 
obj 3498 -364.06 -390.88 7.76 0 0 0 
obj 19325 -367.3 -371.62 10.21 0 0 90 
obj 3498 -370.62 -371.79 7.76 0 0 0 
obj 3498 -370.62 -371.79 -1.2 0 0 0 
obj 19325 -374.15 -371.64 10.21 0 0 90 
obj 3498 -377.55 -371.75 7.76 0 0 0 
obj 19325 -381.16 -371.68 10.21 0 0 90 
obj 3498 -384.6 -371.8 7.76 0 0 0 
obj 19325 -384.76 -375.24 10.21 0 0 0 
obj 3498 -384.64 -378.7 7.76 0 0 0 
obj 19448 -384.77 -383.61 9.87 0 0 0 
obj 19325 -384.8 -391.72 10.21 0 0 0 
obj 3498 -384.65 -395.18 7.76 0 0 0 
obj 3498 -384.65 -395.72 7.76 0 0 0 
obj 3498 -384.61 -396.28 7.76 0 0 0 
obj 3498 -363.78 -400.49 7.76 0 0 0 
obj 19325 -381.91 -398.49 10.21 0 0 52 
obj 3498 -379.18 -400.31 7.76 0 0 0 
obj 19448 -374.25 -400.42 9.87 0 0 90 
obj 19448 -374.25 -400.4 10.53 0 0 90 
obj 19356 -364.99 -400.39 9.87 0 0 90 
obj 19356 -364.99 -400.37 10.49 0 0 90 
obj 19379 -369.08 -395.69 12.27 0 90 0 
obj 19448 -363.92 -395.68 10.59 0 0 0 
obj 19448 -363.92 -381.76 10.53 0 0 0 
obj 19379 -369.1 -386.1 12.27 0 90 0 
obj 19379 -369.12 -376.47 12.27 0 90 0 
obj 19379 -379.6 -376.48 12.27 0 90 0 
obj 19379 -379.6 -386.11 12.27 0 90 0 
obj 19448 -384.79 -383.61 10.57 0 0 0 
obj 19379 -379.56 -395.72 12.27 0 90 0 
obj 19448 -368.87 -390.94 9.87 0 0 90 
obj 19448 -368.87 -390.92 10.47 0 0 90 
obj 19386 -375.29 -390.94 10.04 0 0 90 
obj 19429 -375.14 -390.9 11.55 90 0 90 
obj 19448 -376.96 -395.68 9.87 0 0 0 
obj 19448 -376.94 -395.68 10.43 0 0 0 
obj 2690 -364.37 -383.31 8.65 0 0 0 
obj 2690 -364.37 -382.32 8.65 0 0 0 
obj 2699 -369.26 -381.81 8.89 0 0 0 
obj 2700 -364.29 -381.65 10.63 0 0 180 
obj 19330 -364.13 -383.45 10.39 90 0 180 
obj 19330 -364.13 -384.34 10.39 90 0 180 
obj 19330 -364.16 -385.34 10.39 90 0 180 
obj 954 -369.17 -381.89 9.52 90 0 127 
obj 958 -366.71 -390.21 9.16 0 0 0 
obj 958 -371.07 -390.13 9.16 0 0 0 
obj 962 -368.96 -388.64 8.28 0 0 0 
obj 2673 -369.25 -381.68 8.35 0 0 0 
obj 2673 -368.57 -384.39 8.35 0 0 -84 
obj 2674 -367.15 -382.69 8.33 0 0 -84 
obj 2675 -368.03 -386 8.33 0 0 -84 
obj 2608 -364.33 -385.06 8.89 0 0 -90 
obj 2699 -371.52 -381.82 8.89 0 0 0 
obj 2061 -371.51 -381.82 9.78 0 0 0 
obj 2063 -366.04 -380.4 9.1 0 0 0 
obj 2073 -370.41 -381.76 11.44 0 0 0 
obj 19448 -368.83 -376.76 9.87 0 0 90 
obj 19448 -373.68 -386.08 9.87 0 0 0 
obj 19386 -373.67 -379.72 10.02 0 0 0 
obj 19448 -373.66 -386.08 10.49 0 0 0 
obj 19429 -373.64 -379.88 11.55 90 0 0 
obj 19429 -373.66 -377.47 9.99 0 0 0 
obj 19448 -368.83 -376.74 10.49 0 0 90 
obj 19429 -373.64 -377.47 10.47 0 0 0 
obj 2607 -368.19 -379 8.65 0 0 90 
obj 2604 -366.03 -377.46 8.89 0 0 0 
obj 2356 -366.38 -379.02 8.28 0 0 90 
obj 3498 -384.74 -388.58 7.76 0 0 0 
obj 3498 -378.2 -388.56 7.76 0 0 0 
obj 19325 -381.34 -388.55 10.21 0 0 90 
obj 3498 -377.02 -390.92 7.76 0 0 0 
obj 1725 -380.53 -395.36 8.26 0 0 -90 
obj 1712 -380.03 -398.75 8.26 0 0 -218 
obj 1712 -382.31 -396.87 8.26 0 0 -218 
obj 2296 -384.32 -393.21 8.28 0 0 90 
obj 19356 -384.71 -392.25 10 0 0 0 
obj 2296 -384.4 -384.07 8.28 0 0 90 
obj 1712 -379.48 -385.24 8.26 0 0 180 
obj 1712 -378.11 -381.64 8.26 0 0 -90 
obj 1712 -380.7 -380.34 8.26 0 0 0 
obj 2311 -381.88 -382.91 8.27 0 0 0 
obj 2827 -381.84 -382.99 8.33 0 0 0 
obj 2826 -380.79 -382.89 8.35 0 0 90 
obj 2311 -382.31 -372.25 8.28 0 0 0 
obj 2828 -381.52 -372.21 8.78 0 0 180 
obj 2825 -381.43 -372.32 8.36 0 0 180 
obj 19378 -389.04 -362.51 8.19 0 90 0 
obj 19378 -389.06 -352.88 8.19 0 90 0 
obj 19378 -399.55 -352.88 8.19 0 90 0 
obj 19378 -378.58 -352.86 8.19 0 90 0 
obj 19378 -378.61 -362.49 8.19 0 90 0 
obj 19325 -401.19 -357.62 9.71 0 0 90 
obj 3498 -397.63 -357.6 7.22 0 0 0 
obj 3498 -404.81 -357.62 7.22 0 0 0 
obj 19448 -394.26 -362.49 9.99 0 0 0 
obj 19386 -392.74 -367.22 9.99 0 0 90 
obj 3498 -391.04 -367.21 7.22 0 0 0 
obj 19325 -387.47 -367.19 9.71 0 0 90 
obj 3498 -384.02 -367.14 7.22 0 0 0 
obj 19448 -378.91 -366.97 9.99 0 0 90 
obj 3498 -373.66 -366.9 7.22 0 0 0 
obj 19325 -373.39 -363.52 9.71 0 0 0 
obj 3498 -373.45 -362.11 7.22 0 0 0 
obj 19325 -373.38 -351.84 9.71 0 0 0 
obj 3498 -373.44 -348.28 7.22 0 0 0 
obj 3498 -373.38 -352.39 7.22 0 0 0 
obj 19448 -373.39 -357.31 9.99 0 0 0 
obj 19356 -395.77 -357.62 9.99 0 0 90 
obj 3498 -404.71 -351.36 7.22 0 0 0 
obj 19325 -404.78 -354.04 9.71 0 0 0 
obj 19356 -404.77 -349.66 9.99 0 0 0 
obj 3498 -404.85 -348.1 7.22 0 0 0 
obj 19325 -401.28 -348.06 9.71 0 0 90 
obj 3498 -397.84 -348.05 7.22 0 0 0 
obj 19356 -395.99 -348.11 9.99 0 0 90 
obj 19386 -394.46 -349.78 9.99 0 0 0 
obj 19448 -394.49 -356.08 9.99 0 0 0 
obj 1492 -394.45 -350.52 8.28 0 0 90 
obj 19448 -378.43 -348.24 9.99 0 0 90 
obj 3498 -383.44 -348.23 7.22 0 0 0 
obj 19325 -386.96 -348.19 9.71 0 0 90 
obj 3498 -390.52 -348.31 7.22 0 0 0 
obj 3498 -391.07 -348.31 7.22 0 0 0 
obj 19356 -392.85 -348.19 9.99 0 0 90 
obj 1728 -403.77 -354.78 8.28 0 0 90 
obj 1729 -403.77 -356.02 8.28 0 0 90 
obj 1728 -400.42 -356.71 8.28 0 0 180 
obj 1729 -399.14 -356.7 8.28 0 0 180 
obj 1728 -395.88 -356.62 8.28 0 0 180 
obj 1728 -403.65 -350.65 8.28 0 0 90 
obj 1729 -403.69 -351.73 8.28 0 0 90 
obj 2311 -400.38 -353.71 8.28 0 0 0 
obj 2311 -400.32 -350.74 8.28 0 0 0 
obj 2296 -394.83 -352.08 8.27 0 0 -90 
obj 2826 -399.56 -353.75 8.78 0 0 90 
obj 2826 -399.65 -350.78 8.78 0 0 90 
obj 1728 -401.49 -348.83 8.28 0 0 0 
obj 1728 -397.26 -348.74 8.28 0 0 0 
obj 1729 -398.39 -348.85 8.28 0 0 0 
obj 19128 -379.04 -355.5 8.27 0 0 0 
obj 19128 -379.14 -361.26 8.27 0 0 0 
obj 19128 -387 -361.16 8.27 0 0 0 
obj 19128 -387.06 -355.58 8.27 0 0 0 
obj 19176 -381.22 -348.41 9.75 0 0 0 
obj 19435 -384.93 -358.66 8.49 90 0 0 
obj 19435 -383.1 -360.31 8.49 90 0 90 
obj 19435 -381.29 -358.65 8.49 90 0 0 
obj 19435 -383.1 -356.99 8.49 90 0 90 
obj 19435 -383.13 -357.8 9.17 0 90 0 
obj 19435 -383.13 -359.4 9.17 0 90 0 
obj 19435 -383.13 -359.46 9.16 0 90 0 
obj 19378 -378.61 -362.49 11.72 0 90 0 
obj 19378 -389.07 -362.49 11.72 0 90 0 
obj 19378 -389.06 -352.88 11.72 0 90 0 
obj 19378 -378.58 -352.86 11.72 0 90 0 
obj 19378 -399.55 -352.88 11.72 0 90 0 
obj 19378 -415.92 -343.72 -3.45 0 90 0 
obj 19448 -421.19 -343.75 -1.74 0 0 0 
obj 19448 -416.31 -348.46 -1.74 0 0 90 
obj 19448 -415.47 -348.45 -1.74 0 0 90 
obj 19448 -416.31 -348.46 -1.74 0 0 90 
obj 19448 -410.75 -343.67 -1.74 0 0 0 
obj 19448 -415.49 -338.91 -1.74 0 0 90 
obj 19448 -416.42 -338.92 -1.74 0 0 90 
obj 19378 -426.34 -343.69 -0.01 0 90 0 
obj 19378 -426.35 -334.12 -0.01 0 90 0 
obj 19378 -415.9 -334.15 -0.01 0 90 0 
obj 19378 -405.57 -343.71 -0.01 0 90 0 
obj 19378 -405.44 -334.17 -0.01 0 90 0 
obj 19378 -405.62 -353.32 -0.01 0 90 0 
obj 19378 -416.1 -353.3 -0.01 0 90 0 
obj 19378 -426.31 -353.3 -0.01 0 90 0 
obj 19448 -421.08 -334.18 1.55 0 0 0 
obj 3498 -431.48 -329.48 -1.1 0 0 0 
obj 19325 -427.95 -329.29 1.3 0 0 90 
obj 3498 -424.82 -329.41 -0.96 0 0 0 
obj 19356 -422.71 -329.42 1.55 0 0 90 
obj 19356 -423.33 -329.43 1.55 0 0 90 
obj 19356 -422.64 -338.91 1.55 0 0 90 
obj 19386 -425.82 -338.94 1.55 0 0 90 
obj 19356 -429 -338.97 1.55 0 0 90 
obj 19356 -429.96 -338.96 1.55 0 0 90 
obj 19448 -431.53 -334.07 1.55 0 0 0 
obj 19377 -426.35 -334.12 3.23 0 90 0 
obj 1709 -427.46 -331.39 0.06 0 0 0 
obj 1712 -430.54 -330.36 0.06 0 0 0 
obj 2296 -428.12 -338.61 0.08 0 0 180 
obj 2311 -421.75 -337.96 0.08 0 0 90 
obj 2311 -421.76 -334.35 0.08 0 0 90 
obj 19378 -400.28 -334.17 -4.83 0 0 0 
obj 19378 -400.26 -343.76 -4.83 0 0 0 
obj 19378 -400.3 -352.84 -4.83 0 0 0 
obj 19378 -404.98 -329.34 -4.83 0 0 90 
obj 19378 -414.55 -329.36 -4.83 0 0 90 
obj 19378 -417.57 -329.36 -4.83 0 0 90 
obj 19378 -424.75 -329.32 -4.83 0 0 90 
obj 19378 -427.12 -329.28 -4.83 0 0 90 
obj 19378 -431.72 -334 -4.83 0 0 0 
obj 19378 -431.63 -343.67 -4.83 0 0 0 
obj 19378 -431.62 -353.31 -4.83 0 0 0 
obj 19378 -426.96 -358.04 -4.83 0 0 90 
obj 19378 -417.19 -358.06 -4.83 0 0 90 
obj 1702 -367.8 -376.03 8.27 0 0 -178 
obj 3498 -373.66 -366.9 -1.8 0 0 0 
obj 3498 -373.38 -352.39 -1.8 0 0 0 
obj 3498 -373.44 -348.28 -1.8 0 0 0 
obj 3498 -404.85 -348.1 -1.8 0 0 0 
obj 3498 -404.71 -351.36 -1.8 0 0 0 
obj 3498 -404.81 -357.62 -1.8 0 0 0 
obj 3498 -391.07 -348.3 -1.8 0 0 0 
obj 3498 -390.52 -348.31 -1.82 0 0 0 
obj 3498 -383.44 -348.23 -1.8 0 0 0 
obj 3498 -373.45 -362.11 -1.78 0 0 0 
obj 3498 -397.63 -357.6 -1.8 0 0 0 
obj 13749 -416.66 -354.6 4.27 0 0 -200 
obj 3498 -397.84 -348.05 -1.8 0 0 0 
obj 2764 -374.36 -350.58 8.71 0 0 0 
obj 2748 -374.26 -348.97 8.88 0 0 0 
obj 2748 -374.38 -352.15 8.88 0 0 -178 
obj 2784 -375.68 -356.69 9.5 0 0 -91 
obj 2453 -375.77 -353.57 9.34 0 0 0 
obj 2425 -375.59 -355.2 9 0 0 -91 
obj 2420 -375.63 -361.46 8.28 0 0 -91 
obj 2427 -375.58 -359.78 9 0 0 -91 
obj 2814 -375.8 -356.09 8.98 0 0 0 
obj 2222 -375.76 -357.1 9.08 0 0 0 
obj 2221 -375.72 -357.93 9.08 0 0 0 
obj 2217 -375.81 -358.88 9.06 -25 25 -11 
obj 1819 -387.54 -349.17 8.27 0 0 -33 
obj 2748 -393.81 -356.75 8.85 0 0 91 
obj 2420 -394.15 -364.68 8.27 0 0 -280 
obj 1776 -393.76 -362.65 9.37 0 0 -273 
obj 2156 -393.98 -360.88 8.27 0 0 -274 
obj 2425 -394.08 -360.5 9.31 0 0 -273 
obj 956 -393.8 -352.03 8.7 0 0 -273 
obj 2157 -394.06 -353.6 8.28 0 0 91 
obj 2427 -394.17 -353.4 9.35 0 0 91 
obj 2199 -384.45 -457.14 20.08 0 0 18 
obj 2063 -388.32 -461.04 20.22 0 0 105 
obj 11665 -419.19 -333.85 0.77 0 0 178 
obj 19425 -386.64 -458.84 19.31 0 0 18 
obj 941 -384.19 -458.97 19.79 0 0 -69 
obj 2084 -383.26 -461.14 19.3 0 0 -76 
obj 2128 -387.75 -458.51 20.08 0 0 18 
obj 2134 -386.67 -458.06 20.02 0 0 18 
obj 2163 -386.61 -457.36 21.57 0 0 18 
obj 2237 -386.13 -457.68 21.17 0 0 105 
obj 1829 -363.33 -474.24 19.78 0 0 193 
obj 1829 -364.5 -474.59 19.78 0 0 193 
obj 1829 -365.72 -474.95 19.78 0 0 193 
obj 1829 -366.9 -475.27 19.78 0 0 193 
obj 1829 -368.14 -475.64 19.78 0 0 193 
obj 19454 -383 -407.22 15.12 0 90 -5 
obj 19380 -378.54 -441.4 9.9 0 0 -95 
obj 19380 -377.66 -431.77 9.9 0 0 -95 
obj 19380 -376 -427.01 9.92 0 0 -5 
obj 19377 -376.53 -411.48 11.65 0 90 -5 
obj 19380 -375.52 -421.11 9.92 0 0 -5 
obj 19432 -374.24 -416.35 13.36 0 0 -95 
obj 19432 -375.85 -416.23 13.36 0 0 -95 
obj 19389 -371.73 -415.15 13.38 0 0 -5 
obj 19405 -371.46 -411.99 13.38 0 0 -5 
obj 19359 -371.16 -408.8 13.38 0 0 -5 
obj 19405 -372.67 -407.02 13.36 0 0 -95 
obj 2299 -374.6 -407.42 11.74 0 0 -95 
obj 1998 -372.87 -409.57 11.71 0 0 -94 
obj 1663 -372.48 -410.47 12.17 0 0 84 
obj 19377 -376.66 -411.53 14.63 0 90 -5 
obj 19466 -371.48 -411.98 13.36 0 0 -4 
obj 19466 -372.54 -407 13.36 0 0 84 
obj 19359 -375.86 -406.74 13.36 0 0 -95 
obj 19451 -376.02 -411.48 13.38 0 0 -5 
obj 2025 -375.28 -408.8 11.74 0 0 85 
obj 2191 -375.34 -410.28 11.74 0 0 85 
obj 19389 -373.23 -412.84 13.38 0 0 85 
obj 19432 -375.56 -412.65 13.36 0 0 -95 
obj 1502 -372.48 -412.89 11.74 0 0 -186 
obj 1828 -374.03 -410.8 11.74 0 0 86 
obj 1726 -375.71 -415.29 11.72 0 0 86 
obj 19454 -379.52 -407.52 15.12 0 90 -5 
obj 19454 -376.03 -407.82 15.12 0 90 -5 
obj 19454 -372.56 -408.12 15.12 0 90 -5 
obj 3361 -371.07 -419.09 9.71 0 0 -95 
obj 17068 -442.58 -339.58 0.25 0 0 -91 
obj 2748 -393.84 -355.14 8.85 0 0 91 
obj 2748 -393.72 -358.38 8.87 0 0 91 
obj 5822 -355.14 -473.77 14.12 0 0 -159 
obj 5822 -358.3 -462.22 0.82 0 0 19 
obj 19366 -369.36 -435.63 20.46 0 0 -95 
obj 19366 -386.65 -432.58 20.44 0 0 -2 
obj 19386 -375.64 -413.15 20.41 0 0 -6 
obj 970 -372.64 -404.52 15.73 0 0 175 
obj 970 -371.11 -410.92 15.73 0 0 85 
obj 970 -370.77 -406.79 15.73 0 0 85 
obj 970 -376.75 -404.15 15.73 0 0 175 
obj 970 -380.84 -403.78 15.73 0 0 175 
obj 970 -383.88 -405.45 15.73 0 0 61 
obj 19452 -365.37 -424.91 18.62 0 90 -5 
obj 10009 -364.07 -429.8 12.09 0 0 174.24 
obj 19458 -379.15 -416.22 22.26 0 90 -95 
obj 19356 -367.98 -401.55 6.84 360 222 91 
obj 1769 -385.08 -348.68 8.27 0 0 -91 
obj 1769 -388.6 -349.63 8.27 0 0 91 
obj 1364 -372.84 -405.32 16 0 0 -4.72 
obj 1364 -377.32 -404.99 16 0 0 -4.72 
obj 19366 -386.33 -429.39 20.54 0 0 -2 
obj 19366 -386.63 -432.58 20.6 0 0 -2 
obj 19366 -372.56 -435.33 20.52 0 0 -95 
obj 19366 -369.36 -435.55 20.5 0 0 -95 
obj 14780 -376.89 -351.69 12.69 0 0 0 
obj 1702 -381.71 -427.6 18.68 0 0 84 
obj 1702 -381.42 -424.2 18.68 0 0 84 
obj 11665 -379.46 -416.29 19.38 0 0 -98 
obj 2627 -393.17 -349.63 11.8 0 0 0 
obj 2628 -395.49 -349.47 11.8 0 0 0 
obj 2630 -391.04 -349.58 11.8 0 0 0 
obj 2629 -398.12 -349.49 11.81 0 0 0 
obj 10009 -399.45 -365.67 8.59 0 0 -4 
obj 19430 -405.12 -348.12 11.87 0 91 -33 
obj 1819 -381.81 -425.47 18.69 0 0 0 
obj 2222 -381.34 -424.96 19.26 0 0 0 
obj 2606 -369.79 -435.11 20.34 0 0 178 
obj 2568 -373.23 -391.66 8.28 0 0 0 
obj 1765 -370.84 -393.11 8.28 0 0 185.02 
obj 1820 -370.96 -376.56 8.27 0 0 0 
obj 1517 -370.47 -376.16 8.98 0 0 0 
obj 1510 -370.17 -375.83 8.8 0 0 0 
obj 1485 -370 -375.82 8.9 0 33 193 
obj 1667 -370.19 -376.13 8.86 0 0 0 
obj 1815 -378.21 -362.54 11.8 0 0 0 
obj 1762 -375.76 -362.1 11.81 0 0 178 
obj 1762 -378.89 -362.12 11.81 0 0 178 
obj 1950 -377.74 -362.08 12.47 0 0 0 
obj 1667 -377.43 -361.79 12.39 0 0 0 
obj 1667 -377.85 -361.71 12.39 0 0 0 
obj 19432 -372.7 -416.5 13.36 0 0 -95 
obj 6965 -314.74 -411.99 3.55 0 0 0 
obj 3462 -324.13 -411.95 2.07 0 0 0 
obj 3462 -312.68 -421.26 2.07 0 0 84 
obj 3462 -305.65 -410.17 2.07 0 0 178 
obj 3462 -315.2 -402.68 2.07 0 0 249 
