sell 10825 118.76 -1801.69 5.54 90 0 180 
changeobj 1506 118.07 -1803.35 4.61 0 0 0 1502
changeobj 1506 115.82 -1812.95 4.61 0 0 90 1502
changeobj 1506 121.89 -1816.38 4.61 0 0 90 1502
changeobj 1506 121.89 -1808.89 4.61 0 0 90 1502
obj 19462 118.57 -1763.81 4.58 0 90 0 
obj 19462 118.6 -1772.92 4.58 0 90 0 
obj 19462 118.59 -1782.12 4.58 0 90 0 
obj 19462 118.61 -1790.15 4.58 0 90 0 
obj 19462 118.66 -1798.73 4.58 0 90 0 
obj 19462 115.3 -1808.2 4.58 0 90 0 
obj 19462 118.62 -1808.23 4.58 0 90 0 
obj 19462 121.98 -1808.2 4.58 0 90 0 
obj 19462 125.42 -1808.24 4.58 0 90 0 
obj 19462 128.82 -1808.24 4.58 0 90 0 
obj 19462 112.08 -1808.18 4.58 0 90 0 
obj 19462 109.29 -1808.19 4.58 0 90 0 
obj 19462 105.99 -1808.22 4.58 0 90 0 
obj 19462 131.84 -1808.26 4.58 0 90 0 
obj 19462 105.96 -1817.76 4.58 0 90 0 
obj 19462 109.34 -1817.74 4.58 0 90 0 
obj 19462 112.86 -1817.6 4.58 0 90 0 
obj 19462 116.06 -1817.68 4.58 0 90 0 
obj 19462 119.3 -1817.73 4.58 0 90 0 
obj 19462 122.7 -1817.76 4.58 0 90 0 
obj 19462 126.2 -1817.85 4.58 0 90 0 
obj 19462 129.68 -1817.89 4.58 0 90 0 
obj 19462 131.92 -1817.83 4.58 0 90 0 
obj 19453 104.22 -1808.1 6.41 0 0 0 
obj 19453 104.22 -1808.1 6.41 0 0 0 
obj 19453 104.22 -1808.1 6.41 0 0 0 
obj 19453 104.22 -1808.1 6.41 0 0 0 
obj 19453 104.22 -1808.1 6.41 0 0 0 
obj 19453 104.22 -1808.1 6.41 0 0 0 
obj 19453 104.22 -1808.1 6.41 0 0 0 
obj 19453 104.22 -1808.1 6.41 0 0 0 
obj 19453 104.22 -1808.1 6.41 0 0 0 
obj 19453 104.22 -1808.1 6.41 0 0 0 
obj 19453 104.22 -1808.1 6.41 0 0 0 
obj 19453 104.22 -1808.1 6.41 0 0 0 
obj 19453 104.22 -1808.1 6.41 0 0 0 
obj 19453 104.22 -1808.1 6.41 0 0 0 
obj 19453 104.22 -1808.1 6.41 0 0 0 
obj 19453 104.22 -1808.1 6.41 0 0 0 
obj 19453 104.22 -1808.1 6.41 0 0 0 
obj 19453 104.22 -1808.1 6.41 0 0 0 
obj 19453 104.22 -1808.1 6.41 0 0 0 
obj 19453 104.22 -1808.1 6.41 0 0 0 
obj 19453 109 -1822.58 6.41 0 0 90 
obj 19453 127.21 -1822.61 6.41 0 0 90 
obj 19453 118.41 -1822.57 6.41 0 0 90 
obj 19453 104.25 -1817.32 6.41 0 0 0 
obj 19453 104.27 -1817.78 6.41 0 0 0 
obj 19453 128.83 -1822.62 6.41 0 0 90 
obj 19453 133.57 -1817.85 6.41 0 0 0 
obj 19453 133.56 -1808.81 6.41 0 0 0 
obj 19453 133.55 -1808.11 6.41 0 0 0 
obj 19453 128.68 -1803.39 6.41 0 0 90 
obj 19453 125.23 -1803.38 6.41 0 0 90 
obj 19453 112.08 -1803.38 6.41 0 0 90 
obj 19390 118.85 -1803.4 6.41 0 0 90 
obj 19453 112.51 -1803.37 6.41 0 0 90 
obj 19453 109.05 -1803.41 6.41 0 0 90 
obj 14509 127.66 -1817.55 6.31 0 0 0 
obj 19434 122.03 -1821.85 6.41 0 0 0 
obj 19434 122 -1820.42 6.41 0 0 0 
obj 19434 121.96 -1818.84 6.41 0 0 0 
obj 19434 121.93 -1817.47 6.41 0 0 0 
obj 19434 121.91 -1813.61 6.41 0 0 0 
obj 19390 121.91 -1815.62 6.41 0 0 0 
obj 19434 121.91 -1813.17 6.41 0 0 0 
obj 19434 122.69 -1812.38 6.41 0 0 90 
obj 19434 124.08 -1812.4 6.41 0 0 90 
obj 19434 125.56 -1812.38 6.41 0 0 90 
obj 19434 126.86 -1812.41 6.41 0 0 90 
obj 19434 128.32 -1812.4 6.41 0 0 90 
obj 19434 129.9 -1812.41 6.41 0 0 90 
obj 19434 131.3 -1812.42 6.41 0 0 90 
obj 19434 132.74 -1812.4 6.41 0 0 90 
obj 19434 121.92 -1811.65 6.41 0 0 0 
obj 19434 121.94 -1810.3 6.41 0 0 0 
obj 19390 121.88 -1808.14 6.41 0 0 0 
obj 19434 121.88 -1806.14 6.41 0 0 0 
obj 19434 121.85 -1804.68 6.41 0 0 0 
obj 19434 121.86 -1804.23 6.41 0 0 0 
obj 14805 128.45 -1808.05 5.29 0 0 0 
obj 2296 127.29 -1803.77 4.83 0 0 0 
obj 19434 115.79 -1804.26 6.41 0 0 0 
obj 19434 115.79 -1805.56 6.41 0 0 0 
obj 19434 115.8 -1807.02 6.41 0 0 0 
obj 19434 115.79 -1808.55 6.41 0 0 0 
obj 19434 115.77 -1810.12 6.41 0 0 0 
obj 19390 115.79 -1812.21 6.41 0 0 0 
obj 19434 115.8 -1814.26 6.41 0 0 0 
obj 19434 115.8 -1815.34 6.41 0 0 0 
obj 19434 115.83 -1816.39 6.41 0 0 0 
obj 19434 115.83 -1817.72 6.41 0 0 0 
obj 19434 115.85 -1818.99 6.41 0 0 0 
obj 19434 115.86 -1819.99 6.41 0 0 0 
obj 19434 115.88 -1821.16 6.41 0 0 0 
obj 19434 115.88 -1821.77 6.41 0 0 0 
obj 2630 105.34 -1819.82 4.66 0 0 0 
obj 2630 107.27 -1819.76 4.66 0 0 0 
obj 2630 109.02 -1819.74 4.66 0 0 0 
obj 2630 110.57 -1819.72 4.66 0 0 0 
obj 2630 112.23 -1819.74 4.66 0 0 0 
obj 2630 113.95 -1819.69 4.66 0 0 0 
obj 19462 112.82 -1817.69 4.58 0 90 0 
obj 2631 107 -1816.86 4.64 0 0 0 
obj 2631 107.01 -1813.86 4.64 0 0 0 
obj 2631 106.99 -1810.79 4.64 0 0 0 
obj 2631 106.98 -1807.61 4.64 0 0 0 
obj 2631 112 -1816.91 4.64 0 0 0 
obj 2631 111.97 -1813.94 4.64 0 0 0 
obj 2631 112.05 -1810.7 4.64 0 0 0 
obj 2631 112.02 -1807.62 4.64 0 0 0 
obj 2628 106.97 -1805 4.52 0 0 0 
obj 2628 108.88 -1805.03 4.52 0 0 0 
obj 2628 110.82 -1805.09 4.52 0 0 0 
obj 2628 112.77 -1805.11 4.52 0 0 0 
obj 2628 105.35 -1805.07 4.52 0 0 0 
obj 2628 114.51 -1805.08 4.52 0 0 0 
obj 19434 115.83 -1816.39 6.41 0 0 0 
obj 19460 131.96 -1818.04 8.08 0 90 0 
obj 19460 132.01 -1808.48 8.08 0 90 0 
obj 19460 132.03 -1808.1 8.08 0 90 0 
obj 19460 128.53 -1808.07 8.08 0 90 0 
obj 19460 128.56 -1817.7 8.08 0 90 0 
obj 19460 128.57 -1818.03 8.08 0 90 0 
obj 19460 125.09 -1818.07 8.08 0 90 0 
obj 19460 125.06 -1809.22 8.08 0 90 0 
obj 19460 125.08 -1808.08 8.08 0 90 0 
obj 19460 121.62 -1808.06 8.08 0 90 0 
obj 19460 121.66 -1817.03 8.08 0 90 0 
obj 19434 121.94 -1810.3 6.41 0 0 0 
obj 19460 121.62 -1818.09 8.08 0 90 0 
obj 19460 118.15 -1818.11 8.08 0 90 0 
obj 19460 118.13 -1808.93 8.08 0 90 0 
obj 19460 118.14 -1808.11 8.08 0 90 0 
obj 19460 114.71 -1808.07 8.08 0 90 0 
obj 19460 114.63 -1816.13 8.08 0 90 0 
obj 19460 114.62 -1818.09 8.08 0 90 0 
obj 19460 111.21 -1818.11 8.08 0 90 0 
obj 19460 111.21 -1808.53 8.08 0 90 0 
obj 19460 111.18 -1807.93 8.08 0 90 0 
obj 19460 107.69 -1807.88 8.08 0 90 0 
obj 19460 107.66 -1817.12 8.08 0 90 0 
obj 19460 107.75 -1818.13 8.08 0 90 0 
obj 19460 105.77 -1818.13 8.08 0 90 180 
obj 19460 105.8 -1810.41 8.08 0 90 180 
obj 19460 105.79 -1807.89 8.08 0 90 180 
