sell 10825 718.57 1843.98 5.76 90 0 186.62 
changeobj 1506 699.43 1840.5 42.56 0 0 80 1502
changeobj 1506 688.24 1832.87 42.46 0 0 80 1502
changeobj 1506 679.32 1834.3 48.74 0 0 350 1502
changeobj 1506 679.19 1824.71 48.74 0 0 170 1502
changeobj 1506 661.13 1831.07 48.73 0 0 80 1502
obj 19458 683.93 1835.23 44.01 0 0 -100 
obj 19458 679.92 1840.75 44.01 0 0 -10 
obj 19458 692.88 1831.99 44.01 0 0 -100 
obj 19458 685.57 1844.57 44.19 0 0 -100 
obj 19458 695.03 1842.88 44.19 0 0 -100 
obj 19458 698.56 1835.79 44.05 0 0 -10 
obj 19458 694.73 1841.39 45.89 0 90 -100 
obj 19458 685.25 1843.09 45.85 0 90 -100 
obj 19458 684.66 1839.62 45.85 0 90 -100 
obj 19458 694.05 1837.92 45.89 0 90 -100 
obj 19439 693.27 1835.53 45.87 0 90 170 
obj 19439 696.33 1833.3 45.87 0 90 170 
obj 19439 696.1 1832.11 45.87 0 90 170 
obj 19439 696.63 1834.88 45.87 0 90 170 
obj 19439 692.96 1833.94 45.85 0 90 170 
obj 19439 689.99 1833.38 45.85 0 90 170 
obj 19439 689.82 1836.19 45.85 0 90 170 
obj 19439 689.59 1835.01 45.85 0 90 170 
obj 19439 692.73 1832.75 45.85 0 90 170 
obj 19439 686.49 1836.83 45.85 0 90 170 
obj 19439 686.26 1835.6 45.85 0 90 170 
obj 19439 681.21 1837.73 45.85 0 90 170 
obj 19439 682.82 1836.18 45.85 0 90 170 
obj 19439 683.07 1837.36 45.85 0 90 170 
obj 2808 692.95 1832.62 42.91 0 0 348 
obj 2763 679.84 1836.61 42.86 0 0 80 
obj 2788 680.13 1837.48 43 0 0 80 
obj 2788 680.91 1836.46 43 0 0 350 
obj 19458 684.9 1840.74 44.01 0 0 80 
obj 19439 689.84 1840.6 43.65 0 180 170 
obj 19439 689.97 1841.36 43.65 0 180 170 
obj 1798 683.95 1843.24 42.48 0 0 80 
obj 2296 687.57 1840.67 42.42 0 0 170 
obj 1661 683.66 1837.56 45.2 0 0 0 
obj 2093 693.9 1842.32 42.48 0 0 305 
obj 1780 687.84 1839.73 43.5 0 0 350 
obj 16151 697.44 1836.17 42.82 0 0 350 
obj 1985 680.99 1840.29 45.75 0 0 0 
obj 1985 682.4 1840.07 45.75 0 0 0 
obj 1985 683.98 1839.82 45.75 0 0 0 
obj 2068 694.17 1836.13 45.43 0 0 80 
obj 2690 688.28 1834.75 42.79 0 0 170 
obj 2690 687.88 1834.83 42.79 0 0 170 
obj 2690 687.49 1834.91 42.79 0 0 170 
obj 2058 686.5 1838.46 42.31 0 0 0 
obj 2058 693.16 1837.76 42.37 0 0 0 
obj 19320 694.33 1840.91 45.44 0 0 0 
obj 19317 691.99 1843.27 43.66 0 0 350 
obj 9833 693.32 1837.48 49.17 0 0 0 
obj 19455 685.1 1842.96 42.39 0 90 80 
obj 19455 683.86 1836.13 42.39 0 90 80 
obj 19455 691 1838.81 42.39 0 90 170 
obj 19455 694.41 1838.21 42.39 0 90 170 
obj 19455 697.78 1837.6 42.41 0 90 170 
obj 19439 696.1 1832.21 42.39 0 90 170 
obj 19439 692.67 1832.83 42.39 0 90 170 
obj 19439 689.24 1833.43 42.39 0 90 170 
obj 19455 684.49 1839.56 42.39 0 90 80 
obj 9833 686.15 1838.79 49.17 0 0 0 
obj 1541 698.18 1834.19 43.86 0 0 260 
obj 1545 697.85 1832.75 43.95 0 0 260 
obj 2453 696.11 1834.08 43.86 0 0 80 
obj 2212 696.78 1836.42 43.5 -25 25 80 
obj 2420 689.98 1840.7 42.48 0 0 80 
obj 955 685.58 1835.49 42.87 0 0 170 
obj 2427 697.05 1838.22 43.44 0 0 260 
obj 2234 693.86 1835.08 42.46 0 0 170 
obj 1523 690.15 1842.12 42.46 0 0 80 
obj 12839 683.38 1834.24 46.02 0 0 260 
obj 19452 674.6 1835.17 50.49 0 0 80 
obj 19452 680.08 1829.37 50.49 0 0 170 
obj 19455 675.95 1833.22 48.65 0 90 80 
obj 19455 675.35 1829.77 48.65 0 90 80 
obj 19455 673.78 1823.81 48.65 0 90 80 
obj 19455 666.53 1834.87 48.65 0 90 80 
obj 19455 665.92 1831.44 48.65 0 90 80 
obj 19455 665.32 1828.07 48.65 0 90 80 
obj 19452 665.12 1836.84 50.49 0 0 80 
obj 19452 650.48 1834.57 50.49 0 0 170 
obj 19452 663.75 1827.44 50.49 0 0 80 
obj 19452 672.97 1825.82 50.49 0 0 80 
obj 19454 675.94 1833.25 52.34 0 90 80 
obj 19454 666.45 1834.91 52.34 0 90 80 
obj 19454 665.84 1831.48 52.34 0 90 80 
obj 19454 665.29 1828.03 52.34 0 90 80 
obj 19454 675.35 1829.88 52.34 0 90 80 
obj 19454 674.75 1826.44 52.34 0 90 80 
obj 16152 665.68 1835.67 48.74 0 0 260 
obj 2296 679.85 1830.11 48.71 0 0 260 
obj 2229 679.4 1826.94 48.73 0 0 260 
obj 2229 680.06 1830.66 48.73 0 0 260 
obj 15036 664.98 1828.84 49.88 0 0 350 
obj 2190 665.61 1835.72 49.65 0 0 55 
obj 2190 663.36 1836.16 49.67 0 0 55 
obj 2190 667.85 1835.37 49.65 0 0 55 
obj 2190 670.13 1834.95 49.65 0 0 55 
obj 2174 676.56 1825.78 48.74 0 0 170 
obj 2174 674.48 1826.14 48.74 0 0 170 
obj 2174 672.43 1826.5 48.74 0 0 170 
obj 2174 670.32 1826.9 48.74 0 0 170 
obj 2356 669.88 1827.96 48.72 0 0 170 
obj 2356 671.99 1827.62 48.72 0 0 170 
obj 2356 674.03 1827.29 48.72 0 0 170 
obj 2356 676.18 1826.79 48.72 0 0 170 
obj 2576 671.97 1835.11 48.72 0 0 350 
obj 2576 675.12 1834.49 48.72 0 0 350 
obj 948 680.14 1831.61 48.73 0 0 80 
obj 1643 673.76 1830.45 48.74 0 0 0 
obj 1643 668.19 1831.38 48.74 0 0 199 
obj 650 675.58 1833.21 52.62 0 0 0 
obj 650 674.31 1826.89 52.62 0 0 0 
obj 650 662.98 1829 52.62 0 0 0 
obj 3515 669.11 1830.99 53.32 0 0 0 
obj 650 664.04 1834.78 52.62 0 0 0 
obj 19439 680.99 1836.54 45.85 0 90 170 
obj 1225 680.94 1836.72 46.31 0 0 0 
obj 1225 682.28 1843.92 46.31 0 0 0 
obj 1225 691.94 1842.33 46.31 0 0 0 
obj 1225 690.37 1833.94 46.31 0 0 0 
obj 1225 696.6 1832.57 46.31 0 0 0 
obj 1225 698.23 1841.35 46.31 0 0 0 
obj 1225 663.57 1831.93 52.79 0 0 0 
obj 1225 675.03 1829.86 52.79 0 0 0 
obj 1225 668.69 1827.43 52.79 0 0 0 
obj 1225 669.83 1834.42 52.79 0 0 0 
obj 3528 700.5 1833.55 44.56 0 0 350 
obj 1212 692.88 1834.8 42.97 0 0 0 
obj 1212 693.14 1834.65 42.97 0 0 90 
obj 1212 693.75 1834.64 42.97 0 0 170 
obj 1212 693.46 1834.7 42.97 0 0 399 
obj 19452 654.34 1829.07 50.49 0 0 80 
obj 19452 655.72 1838.47 50.49 0 0 80 
obj 19455 657.11 1836.42 48.65 0 90 80 
obj 19455 656.49 1833.03 48.65 0 90 80 
obj 19455 655.89 1829.65 48.65 0 90 80 
obj 19455 650.08 1834.68 48.65 0 90 170 
obj 19433 660.73 1828.79 50.49 0 0 170 
obj 19433 661.09 1831.61 52.11 90 0 170 
obj 19433 661.52 1833.26 50.49 0 0 170 
obj 19433 661.81 1834.96 50.49 0 0 170 
obj 19433 662.09 1836.54 50.49 0 0 170 
obj 14455 661.92 1834.62 50.38 0 0 260 
obj 19433 661 1830.38 50.49 0 180 170 
obj 19454 657.04 1836.61 52.34 0 90 80 
obj 19454 656.42 1833.18 52.34 0 90 80 
obj 19454 655.86 1829.73 52.34 0 90 80 
obj 19455 650.08 1834.67 52.35 0 90 170 
obj 16782 655.85 1829.25 50.73 0 0 80 
obj 3267 652.91 1834.02 48.3 0 0 260 
obj 3267 653.32 1835.94 48.3 0 0 260 
obj 3092 656.82 1834.48 49.69 0 0 260 
obj 3092 657.05 1836.02 49.69 0 0 260 
obj 3092 656.94 1834.96 49.69 0 0 260 
obj 3092 657.02 1835.47 49.69 0 0 260 
obj 3374 657.28 1836.08 50.23 0 0 260 
obj 3374 656.57 1832.14 50.23 0 0 260 
obj 918 662.19 1828.25 49.1 0 0 0 
obj 918 661.47 1828.4 49.1 0 0 0 
obj 918 661.7 1829.5 49.1 0 0 0 
obj 918 662.33 1829.33 49.1 0 0 0 
obj 1225 650.53 1830.38 49.13 0 0 0 
obj 1225 650.61 1831.28 49.13 0 0 0 
obj 1225 650.79 1832.19 49.13 0 0 0 
obj 1225 651.01 1833.07 49.13 0 0 0 
obj 3797 653.34 1837.75 50.22 0 0 170 
obj 3794 651.92 1831.52 49.12 0 0 260 
obj 3795 653.14 1831.27 49.16 0 0 260 
obj 3797 682.69 1841.97 43.65 0 0 170 
obj 3499 715.81 1829.88 2.66 0 0 0 
obj 3499 724.77 1829.66 2.66 0 0 0 
obj 3499 722.99 1820.67 2.66 0 0 0 
obj 19377 720.24 1825.72 8.08 0 90 -1.54 
obj 19377 719.95 1816.15 8.08 0 90 -1.54 
obj 3499 715.52 1821.07 2.66 0 0 0 
obj 3499 715.48 1812.17 2.66 0 0 0 
obj 3499 723.54 1811.91 2.66 0 0 0 
obj 19377 720.65 1835.29 6.11 0 112 88.36 
obj 19377 725.41 1825.5 8.08 0 0 -1.44 
obj 19377 725.21 1815.85 8.08 0 0 -1.44 
obj 19377 714.7 1816.37 8.08 0 0 -1.44 
obj 19377 714.95 1825.83 8.08 0 0 -1.44 
obj 19377 719.47 1811.4 8.08 0 0 88.2 
obj 19377 720.36 1811.35 8.08 0 0 88.2 
obj 19377 719.95 1816.15 13.18 0 90 -1.54 
obj 19377 720.24 1825.72 13.07 0 90 -1.54 
obj 3528 721.05 1830.1 14.92 0 0 -276.78 
obj 19454 674.75 1826.44 48.63 0 90 80 
obj 19455 666.14 1824.93 50.2 26 91 81 
obj 19455 657.2 1826.59 52.26 0 90 78.8 
obj 19458 704.46 1839.58 40.91 -18 90 -99.52 
obj 19458 713.06 1838.13 38.08 -18 90 -99.58 
obj 19458 720.08 1843.39 35.07 -18 90 -7.54 
obj 19458 718.79 1834.17 36.57 0 90 -188.56 
obj 970 718.15 1829.59 37.1 0 0 -6.48 
obj 970 720 1831.43 37.1 0 0 -98.16 
obj 970 716.77 1832.05 37.1 0 0 -98.16 
obj 970 720.74 1836 37.1 0 0 -98.16 
obj 970 721.21 1841.14 36.37 3 -17 -98 
obj 970 718.28 1842.11 36.37 3 -17 -98 
obj 970 718.89 1846.18 34.85 3 -21 -98 
obj 970 721.89 1845.32 34.85 3 -21 -98 
obj 1723 717.38 1830.6 36.65 0 0 82.8 
obj 1723 717.77 1833.59 36.65 0 0 82.8 
obj 19458 704.16 1838.05 42.71 -18 181 -99.46 
obj 19458 713.25 1836.44 39.8 -18 181 -100.72 
obj 19458 704.76 1841.13 42.71 -18 181 -99.46 
obj 19458 713.53 1839.6 39.8 -18 181 -100.72 
obj 19458 704.46 1839.58 44.51 -18 90 -99.52 
obj 19458 713.06 1838.13 41.75 -18 90 -99.58 
obj 10009 721.76 1852.77 30.45 0 0 -102.18 
obj 10009 721.7 1846.81 22.94 0 0 123.66 
obj 10009 717.45 1850.96 15.43 0 0 -11.82 
obj 19458 723.34 1850.25 11 0 90 -241.72 
obj 970 720.37 1850.16 11.59 0 0 28.26 
obj 970 722.77 1848.18 11.59 0 0 28.26 
obj 970 726.54 1850.12 11.59 0 0 28.26 
obj 19458 728.75 1855.96 11 0 90 -206.44 
obj 19458 730.68 1864.12 11 0 90 -182.8 
obj 970 724.07 1852.28 11.59 0 0 28.26 
obj 970 726.92 1855.3 11.59 0 0 63.06 
obj 970 729.1 1853.11 11.59 0 0 62.88 
obj 970 731.09 1857.52 11.59 0 0 63.06 
obj 970 728.7 1859.18 11.59 0 0 70.5 
obj 970 729.48 1863.23 11.59 0 0 89.52 
obj 970 732.17 1861.84 11.59 0 0 87.42 
obj 970 732.33 1866.32 11.59 0 0 87.42 
obj 970 729.5 1866.84 11.59 0 0 89.52 
obj 10009 730.89 1873.04 7.87 0 0 -92.76 
