sell 10825 1103.91 1781.53 10.95 80 0 -89 
changeobj 1506 1107 1779.96 9.86 0 0 -93.78 1502
changeobj 1506 1106.82 1776.97 9.86 0 0 -275.1 1502
changeobj 1506 1106.75 1782.33 9.86 0 0 -93.78 1502
changeobj 1506 1111.3 1782.49 9.86 0 0 -91.74 1502
obj 19453 1116.24 1794.16 11.56 0 0 0.42 
obj 19453 1111.67 1798.78 11.56 0 0 -89.94 
obj 19453 1116.32 1784.79 11.56 0 0 0.42 
obj 19453 1111.52 1780.04 11.56 0 0 -89.94 
obj 19390 1106.77 1781.56 11.54 0 0 -2.4 
obj 19407 1106.85 1784.76 11.58 0 0 0 
obj 19407 1106.86 1787.96 11.58 0 0 0 
obj 19407 1106.88 1791.19 11.58 0 0 0 
obj 19407 1106.88 1794.17 11.58 0 0 0 
obj 19407 1106.9 1797.27 11.58 0 0 0 
obj 19453 1111.52 1780.04 15.04 0 0 -89.94 
obj 19453 1116.32 1784.79 15.04 0 0 0.42 
obj 19453 1116.24 1794.16 15.04 0 0 0.42 
obj 19453 1111.67 1798.78 15.04 0 0 -89.94 
obj 19407 1106.89 1797.29 15.04 0 0 0 
obj 19407 1106.9 1794.18 15.04 0 0 0 
obj 19407 1106.88 1791.19 15.04 0 0 0 
obj 19407 1106.86 1787.96 15.04 0 0 0 
obj 19407 1106.85 1784.76 15.04 0 0 0 
obj 19407 1106.86 1781.61 15.04 0 0 -1.68 
obj 19453 1116.24 1794.16 18.5 0 0 0.42 
obj 19453 1116.32 1784.79 18.5 0 0 0.42 
obj 19453 1111.52 1780.04 18.5 0 0 -89.94 
obj 19407 1106.86 1781.61 18.5 0 0 -1.68 
obj 19407 1106.85 1784.76 18.5 0 0 0 
obj 19407 1106.86 1787.96 18.5 0 0 0 
obj 19407 1106.88 1791.19 18.5 0 0 0 
obj 19407 1106.88 1794.44 18.5 0 0 0 
obj 19407 1106.89 1797.29 18.5 0 0 0 
obj 19453 1111.67 1798.78 18.5 0 0 -89.94 
obj 19453 1116.35 1781.15 11.56 0 0 0.3 
obj 19453 1111.57 1776.98 11.56 0 0 -88.8 
obj 19457 1111.49 1778.24 13.36 0 89 -269.84 
obj 10009 1110.76 1793.25 10.15 0 0 -89.34 
obj 19457 1111.67 1781.88 13.24 0 89 -269.66 
obj 19390 1111.32 1781.72 11.54 0 0 0 
obj 19434 1111.32 1784.12 11.53 0 0 0 
obj 19434 1111.33 1785.72 11.53 0 0 0 
obj 19434 1111.32 1787.32 11.53 0 0 0 
obj 19434 1112.03 1788.04 11.53 0 0 -89.88 
obj 19434 1113.64 1788.03 11.53 0 0 -89.88 
obj 19434 1115.24 1788.05 11.53 0 0 -89.88 
obj 19457 1111.54 1785.38 13.24 0 89 -269.66 
obj 19457 1111.5 1786.7 13.24 0 89 -269.66 
obj 2164 1114.94 1787.9 9.83 0 0 0 
obj 2164 1113.15 1787.83 9.83 0 0 0 
obj 2161 1115.33 1787.98 11.66 0 0 0 
obj 2162 1113.54 1787.88 11.68 0 0 1.44 
obj 1828 1112.72 1782.23 9.81 0 0 -89.88 
obj 1828 1108.15 1782.16 9.81 0 0 -89.88 
obj 1828 1109.9 1796.35 9.81 0 0 -89.88 
obj 1828 1114.12 1778.56 9.81 0 0 -180.9 
obj 1828 1109.27 1778.64 9.81 0 0 -180.9 
obj 19457 1108.61 1793.25 13.24 0 89 -358.94 
obj 1745 1115.73 1783.69 9.84 0 0 -180.06 
obj 1661 1112.73 1781.68 12.76 0 0 0 
obj 2008 1115.68 1785.66 9.84 0 0 -86.46 
obj 2564 1112.25 1782.69 13.33 0 0 -179.4 
obj 1828 1110.63 1786.67 13.33 0 0 -179.46 
obj 2296 1115.82 1784.22 13.36 0 0 -88.62 
obj 2230 1116.15 1784.71 13.33 0 0 -90.9 
obj 2230 1116.14 1781.04 13.33 0 0 -90.9 
obj 1726 1112.47 1782.27 14.15 0 0 -269.46 
obj 1727 1112.97 1785.24 14.67 0 0 0 
obj 1727 1114.21 1781.45 14.67 0 0 -179.58 
obj 2738 1107.52 1797.43 13.94 0 0 89.58 
obj 2738 1107.51 1796.6 13.94 0 0 89.52 
obj 2738 1107.47 1795.8 13.94 0 0 89.52 
obj 2738 1107.5 1794.96 13.94 0 0 89.52 
obj 2527 1109.38 1798.02 13.28 0 0 -180.6 
obj 2524 1109.35 1796.4 13.33 0 0 -91.2 
obj 2524 1109.38 1795.59 13.33 0 0 -91.2 
obj 2524 1109.34 1794.81 13.33 0 0 -91.2 
obj 2524 1109.37 1793.97 13.33 0 0 -91.2 
obj 8614 1107.96 1787.59 15.79 0 0 -90.12 
obj 19448 1110.62 1786.87 17.06 0 90 0 
obj 19448 1111.6 1782.22 17.06 0 86 -90.3 
obj 19448 1114.13 1786.99 17.06 0 90 0 
obj 19448 1114.42 1788.92 17.06 0 90 0 
obj 19448 1114.43 1793.94 17.06 0 90 0 
obj 19448 1110.9 1793.9 17.06 0 90 0 
obj 19448 1111.85 1797.08 17.06 0 90 90.42 
obj 19448 1111.85 1793.38 17.06 0 90 90.42 
obj 19448 1111.85 1793.66 17.06 0 90 90.42 
obj 2632 1114.15 1781.65 17.22 0 0 0.24 
obj 2632 1114.13 1786.34 17.22 0 0 0.24 
obj 2632 1114.16 1783.89 17.22 0 0 0.24 
obj 2632 1114.13 1788.68 17.22 0 0 0.24 
obj 2631 1114.12 1790.94 17.27 0 0 0 
obj 2631 1114.16 1793.2 17.27 0 0 0 
obj 2631 1114.11 1795.42 17.27 0 0 0 
obj 2631 1114.06 1797.62 17.27 0 0 0 
obj 2630 1111.42 1781.6 17.27 0 0 0 
obj 2630 1110.46 1781.61 17.27 0 0 0 
obj 2630 1109.38 1781.58 17.27 0 0 0 
obj 2630 1108.38 1781.56 17.27 0 0 0 
obj 2630 1107.46 1781.53 17.27 0 0 0 
obj 2628 1108.17 1797.57 17.16 0 0 90.66 
obj 2628 1108.34 1796.39 17.14 0 0 87.48 
obj 2628 1108.36 1795.29 17.14 0 0 87.48 
obj 2628 1108.3 1794.09 17.14 0 0 87.48 
obj 2628 1108.29 1792.86 17.14 0 0 87.48 
obj 2627 1109.5 1787.85 17.02 0 0 180.24 
obj 2627 1109.58 1785.47 17.02 0 0 181.44 
obj 2627 1111.5 1785.53 17.02 0 0 180.24 
obj 2627 1111.52 1787.9 17.02 0 0 180.24 
obj 19381 1111.55 1784.8 20.23 0 90 -89.92 
obj 19381 1111.59 1795.31 20.23 0 90 -89.92 
