sell 666666 394.8855 -1005.7677 92.2226
area 399.6913 -993.2137 40.0
changeobj 1502 399.40 -1000.85 91.23 0.00 0.00 90.00 1506
moveobj 19454, 388.23, -993.65, 93.00, 0.00, 0.00, 90.00 2 388.23, -993.65, 93.00, 0.00, 0.00, 90.00 2 -1 20
obj 5706 399.70 -996.80 87.50   0.00 0.00 0.00
obj 19442 406.30 -989.00 93.00   0.00 0.00 90.00
obj 19447 388.23 -983.90 93.00   0.00 0.00 270.00
obj 19447 392.97 -988.80 93.00   0.00 0.00 0.00
obj 19447 383.50 -988.80 93.00   0.00 0.00 0.00
obj 19449 388.25 -992.00 94.80   0.00 90.00 270.00
obj 19449 388.25 -988.50 94.80   0.00 90.00 270.00
obj 19449 388.25 -985.00 94.80   0.00 90.00 270.00
obj 19397 407.00 -992.10 93.00   0.00 0.00 0.00
obj 19415 399.40 -996.90 93.00   0.00 0.00 0.00
obj 970 385.30 -983.70 91.90   0.00 0.00 0.00
obj 970 389.40 -983.70 91.90   0.00 0.00 0.00
obj 970 393.50 -983.70 91.90   0.00 0.00 0.00
obj 970 397.60 -983.70 91.90   0.00 0.00 0.00
obj 970 416.18 -1003.14 91.90   0.00 0.00 270.00
obj 970 383.30 -985.70 91.90   0.00 0.00 270.00
obj 970 383.30 -989.80 91.90   0.00 0.00 270.00
obj 970 383.30 -993.90 91.90   0.00 0.00 270.00
obj 970 383.30 -998.00 91.90   0.00 0.00 270.00
obj 970 383.30 -1002.10 91.90   0.00 0.00 270.00
obj 3499 384.23 -984.90 77.00   0.00 0.00 0.00
obj 19369 411.90 -1003.40 93.00   0.00 0.00 90.00
obj 970 414.10 -1005.30 91.90   0.00 0.00 182.00
obj 970 416.18 -998.90 91.90   0.00 0.00 270.00
obj 970 416.18 -994.80 91.90   0.00 0.00 270.00
obj 19369 402.50 -1003.40 93.00   0.00 0.00 90.00
obj 19325 405.10 -1003.42 92.60   0.00 0.00 90.00
obj 19369 408.70 -1003.40 93.00   0.00 0.00 90.00
obj 19462 411.60 -998.60 91.30   0.00 90.00 0.00
obj 19462 408.10 -998.60 91.30   0.00 90.00 0.00
obj 19462 404.60 -998.60 91.30   0.00 90.00 0.00
obj 19462 401.10 -998.60 91.30   0.00 90.00 0.00
obj 19442 407.46 -999.50 93.00   0.00 0.00 0.00
obj 19325 399.34 -995.78 92.60   0.00 0.00 0.00
obj 19369 407.00 -988.90 93.00   0.00 0.00 0.00
obj 1742 402.40 -987.60 91.40   0.00 0.00 270.00
obj 2134 406.40 -985.80 91.40   0.00 0.00 270.00
obj 2133 404.40 -984.80 91.40   0.00 0.00 0.00
obj 2341 406.40 -984.80 91.40   0.00 0.00 0.00
obj 14535 410.40 -999.10 93.40   0.00 0.00 0.00
obj 19369 407.46 -1001.90 93.00   0.00 0.00 0.00
obj 19442 399.40 -1002.50 93.00   0.00 0.00 0.00
obj 19462 411.60 -988.98 91.30   0.00 90.00 0.00
obj 19462 408.10 -988.98 91.30   0.00 90.00 0.00
obj 19462 404.60 -988.98 91.30   0.00 90.00 0.00
obj 19462 401.10 -988.98 91.30   0.00 90.00 0.00
obj 2842 410.80 -1001.90 91.40   0.00 0.00 0.00
obj 2842 409.00 -1001.90 91.40   0.00 0.00 0.00
obj 2099 409.00 -993.70 91.40   0.00 0.00 180.00
obj 19369 411.70 -993.80 93.00   0.00 0.00 90.00
obj 19369 408.50 -993.80 93.00   0.00 0.00 90.00
obj 19397 399.40 -1000.10 93.00   0.00 0.00 0.00
obj 19369 401.10 -998.40 93.00   0.00 0.00 270.00
obj 19369 407.00 -985.70 93.00   0.00 0.00 0.00
obj 19461 413.40 -998.50 93.00   0.00 0.00 0.00
obj 19369 413.40 -988.70 93.00   0.00 0.00 0.00
obj 3499 415.15 -984.91 77.00   0.00 0.00 0.00
obj 19369 411.90 -984.20 93.00   0.00 0.00 90.00
obj 19325 413.36 -987.48 92.60   0.00 0.00 0.00
obj 1745 411.32 -987.80 91.38   0.00 0.00 0.00
obj 2190 412.85 -993.70 92.20   0.00 0.00 190.00
obj 2173 412.88 -993.20 91.40   0.00 0.00 180.00
obj 1671 412.40 -992.50 91.80   0.00 0.00 0.00
obj 19424 412.00 -993.50 92.20   0.00 0.00 0.00
obj 1502 403.11 -989.02 91.23   0.00 0.00 0.00
obj 2576 402.90 -1002.80 91.40   0.00 0.00 180.00
obj 1429 407.40 -986.50 92.80   0.00 0.00 90.00
obj 948 407.60 -989.20 91.40   0.00 0.00 0.00
obj 2010 407.50 -993.30 91.30   0.00 0.00 0.00
obj 2240 407.70 -984.80 92.00   0.00 0.00 0.00
obj 2254 411.80 -984.30 93.50   0.00 0.00 0.00
obj 2286 412.80 -989.20 93.60   0.00 0.00 270.00
obj 2276 407.59 -990.34 93.00   0.00 0.00 90.00
obj 19325 408.04 -984.16 92.60   0.00 0.00 90.00
obj 19369 402.50 -984.20 93.00   0.00 0.00 90.00
obj 2515 405.30 -984.70 92.56   0.00 0.00 0.00
obj 2517 405.50 -988.00 91.40   0.00 0.00 270.00
obj 2519 403.20 -984.80 91.40   0.00 0.00 270.00
obj 2525 406.40 -987.10 91.40   0.00 0.00 270.00
obj 2133 405.40 -984.80 91.40   0.00 0.00 0.00
obj 19369 402.36 -985.90 93.00   0.00 0.00 0.00
obj 19397 403.90 -989.00 93.00   0.00 0.00 90.00
obj 19442 400.10 -1003.40 93.00   0.00 0.00 90.00
obj 19442 402.36 -988.30 93.00   0.00 0.00 0.00
obj 1502 407.00 -992.85 91.23   0.00 0.00 90.00
obj 2847 404.50 -986.20 91.40   0.00 0.00 0.00
obj 2010 402.80 -988.60 91.30   0.00 0.00 0.00
obj 2274 403.30 -984.80 93.00   0.00 0.00 0.00
obj 2269 402.80 -987.20 93.00   0.00 0.00 90.00
obj 2265 406.40 -986.09 93.40   0.00 0.00 270.00
obj 19442 399.40 -991.30 93.00   0.00 0.00 180.00
obj 19325 399.34 -989.60 92.60   0.00 0.00 0.00
obj 19369 399.40 -985.90 93.00   0.00 0.00 0.00
obj 1723 400.00 -993.10 91.40   0.00 0.00 0.00
obj 19415 405.70 -984.20 93.00   0.00 0.00 270.00
obj 19442 400.10 -984.20 93.00   0.00 0.00 90.00
obj 19369 399.40 -993.70 93.00   0.00 0.00 0.00
obj 1724 403.20 -993.50 91.40   0.00 0.00 320.00
obj 2100 406.38 -989.30 91.40   0.00 0.00 -45.00
obj 1790 401.70 -997.90 92.00   0.00 0.00 18.00
obj 1791 400.60 -998.00 91.90   0.00 0.00 180.00
obj 2313 401.80 -997.80 91.40   0.00 0.00 180.00
obj 2350 409.10 -998.70 91.80   0.00 0.00 0.00
obj 2350 411.50 -998.70 91.80   0.00 0.00 0.00
obj 2964 405.60 -1000.90 91.37   0.00 0.00 90.00
obj 2996 405.80 -1000.70 92.30   0.00 0.00 0.00
obj 2997 405.70 -1000.90 92.30   0.00 0.00 0.00
obj 2998 405.20 -1000.20 92.30   0.00 0.00 0.00
obj 2999 405.20 -1000.30 92.30   0.00 0.00 0.00
obj 3002 405.50 -1001.10 92.30   0.00 0.00 0.00
obj 3101 405.20 -1001.70 92.30   0.00 0.00 0.00
obj 947 384.10 -1000.70 93.50   0.00 0.00 270.00
obj 2286 405.60 -989.20 93.60   0.00 0.00 0.00
obj 2239 402.50 -997.70 91.40   0.00 0.00 210.00
obj 2114 383.70 -1000.10 91.50   0.00 0.00 0.00
obj 1742 402.40 -986.16 91.40   0.00 0.00 270.00
obj 2292 400.00 -984.70 91.40   0.00 0.00 0.00
obj 2295 406.90 -1002.90 91.40   0.00 0.00 0.00
obj 2291 400.50 -984.70 91.40   0.00 0.00 0.00
obj 2291 400.00 -986.20 91.40   0.00 0.00 90.00
obj 2291 400.00 -987.20 91.40   0.00 0.00 90.00
obj 2273 400.70 -984.80 93.00   0.00 0.00 0.00
obj 2270 400.00 -994.90 93.00   0.00 0.00 90.00
obj 2576 407.60 -988.80 91.40   0.00 0.00 90.00
obj 2238 400.20 -1002.90 92.90   0.00 0.00 0.00
obj 2818 400.70 -996.60 91.40   0.00 0.00 0.00
obj 2818 400.70 -995.50 91.40   0.00 0.00 0.00
obj 2818 400.90 -1002.40 91.40   0.00 0.00 0.00
obj 2195 399.80 -998.90 92.00   0.00 0.00 0.00
obj 2251 400.80 -1002.90 93.40   0.00 0.00 0.00
obj 2811 412.90 -994.20 91.40   0.00 0.00 0.00
obj 19449 411.60 -998.60 94.67   0.00 90.00 0.00
obj 19449 408.10 -998.60 94.67   0.00 90.00 0.00
obj 19449 401.10 -998.60 94.70   0.00 90.00 0.00
obj 19449 404.60 -998.60 94.67   0.00 90.00 0.00
obj 19449 411.60 -988.98 94.67   0.00 90.00 0.00
obj 19449 401.10 -988.98 94.67   0.00 90.00 0.00
obj 19449 404.60 -988.98 94.67   0.00 90.00 0.00
obj 19449 408.10 -988.98 94.67   0.00 90.00 0.00
obj 1734 401.00 -995.30 94.50   0.00 0.00 0.00
obj 957 410.10 -989.90 94.55   0.00 0.00 0.00
obj 957 409.60 -998.90 94.60   0.00 0.00 0.00
obj 957 402.50 -1001.50 94.60   0.00 0.00 0.00
obj 957 404.20 -987.60 94.60   0.00 0.00 0.00
obj 957 399.70 -987.40 94.60   0.00 0.00 0.00
obj 1697 409.30 -998.00 96.40   0.00 0.00 180.00
obj 970 409.93 -1005.45 91.90   0.00 0.00 182.00
obj 970 405.76 -1005.60 91.90   0.00 0.00 182.00
obj 970 401.59 -1005.75 91.90   0.00 0.00 182.00
obj 970 397.42 -1005.90 91.90   0.00 0.00 182.00
obj 19369 413.38 -989.70 93.00   0.00 0.00 0.00
obj 19325 413.36 -990.48 92.60   0.00 0.00 0.00
obj 1743 411.80 -988.70 91.40   0.00 0.00 -90.00
obj 1740 410.65 -985.80 91.38   0.00 0.00 0.00
obj 2292 401.93 -984.69 91.40   0.00 0.00 -90.00
obj 1740 413.06 -985.80 91.38   0.00 0.00 0.00
obj 673 395.50 -1006.40 89.50   0.00 0.00 0.00
obj 1697 403.30 -998.00 96.40   0.00 0.00 180.00
obj 1697 403.30 -990.00 96.40   0.00 0.00 180.00
obj 1697 409.30 -990.00 96.40   0.00 0.00 180.00
obj 673 382.90 -1006.40 89.50   0.00 0.00 0.00
obj 970 416.18 -990.64 91.90   0.00 0.00 270.00
obj 970 416.18 -986.47 91.90   0.00 0.00 270.00
obj 970 383.30 -1004.13 91.90   0.00 0.00 270.00
obj 673 416.50 -1006.40 89.50   0.00 0.00 0.00
