sell 10825 1933.34 593.96 11.56 90 0 0 
changeobj 1506 1932.62 592.12 10.37 0 0 0 1502
changeobj 1506 1933.33 582.88 9.78 0 0 0 1502
obj 987 1899.22 623 9.8 0 0 180 
obj 987 1911.18 622.98 9.8 0 0 180 
obj 987 1938.87 622.91 9.8 0 0 180 
obj 985 1928.69 623.08 11.52 0 0 0 
obj 986 1910.18 623.12 11.52 0 0 0 
obj 987 1950.87 622.81 9.8 0 0 180 
obj 987 1875.38 623.1 9.8 0 0 -90 
obj 987 1875.38 611.14 9.8 0 0 -90 
obj 987 1875.38 599.14 9.8 0 0 -90 
obj 987 1887.14 575.31 9.52 0 0 0 
obj 987 1898.98 575.28 9.8 0 0 0 
obj 987 1910.83 575.31 9.8 0 0 0 
obj 987 1922.78 575.31 9.8 0 0 0 
obj 987 1934.73 575.31 9.8 0 0 0 
obj 987 1946.64 575.29 9.8 0 0 0 
obj 987 1994.49 575.19 9.8 0 0 90 
obj 987 1875.38 587.21 9.8 0 0 -90 
obj 3279 1977.4 617.33 9.75 0 0 180 
obj 3279 1879.66 617.5 9.75 0 0 180 
obj 3279 1948.07 578.07 9.75 0 0 180 
obj 3267 1879.99 616.74 25.38 0 0 0 
obj 3267 1977.38 617.48 25.38 0 0 0 
obj 3267 1947.82 578.3 25.38 0 0 180 
obj 970 1914.17 616.85 10.3 0 0 90 
obj 8168 1927.9 618.54 11.56 0 0 -73 
obj 19366 1927.34 616.67 9.74 0 90 0 
obj 19366 1928.47 616.68 9.75 0 90 0 
obj 19366 1928.46 619.87 9.75 0 90 0 
obj 19366 1927.32 619.87 9.74 0 90 0 
obj 3532 1897.65 620.32 10.45 0 0 0 
obj 3532 1897.55 617.45 10.45 0 0 0 
obj 3532 1899.88 615.72 10.45 0 0 90 
obj 3532 1903.6 615.63 10.45 0 0 90 
obj 3532 1907.5 615.49 10.45 0 0 90 
obj 3532 1911.47 615.38 10.45 0 0 90 
obj 3532 1913.36 617.23 10.45 0 0 180 
obj 3532 1913.2 620.82 10.45 0 0 180 
obj 3532 1912.29 620.74 10.45 0 0 180 
obj 3532 1912.03 617.55 10.45 0 0 180 
obj 3532 1910.92 618.29 10.45 0 0 180 
obj 3532 1910.71 620.33 10.45 0 0 180 
obj 3532 1909.3 620.73 10.45 0 0 180 
obj 3532 1909.52 618.38 10.45 0 0 180 
obj 3532 1908.38 618.04 10.45 0 0 180 
obj 3532 1908.36 620.78 10.45 0 0 180 
obj 3532 1907.34 620.55 10.45 0 0 180 
obj 3532 1907.39 616.99 10.45 0 0 180 
obj 3532 1906.18 617.15 10.45 0 0 180 
obj 3532 1906.14 620.48 10.45 0 0 180 
obj 3532 1904.63 620.57 10.45 0 0 180 
obj 3532 1903.47 620.72 10.45 0 0 180 
obj 3532 1902.11 620.79 10.45 0 0 180 
obj 3532 1900.93 620.8 10.45 0 0 180 
obj 3532 1899.45 620.59 10.45 0 0 180 
obj 3532 1900.3 618.3 10.45 0 0 90 
obj 3532 1900.32 617.35 10.45 0 0 90 
obj 3532 1904.07 618.27 10.45 0 0 90 
obj 3532 1904.1 617 10.45 0 0 90 
obj 3515 1906.79 618.75 10.55 0 0 0 
obj 3528 1926.01 624.22 15 0 0 90 
obj 3528 1913.14 624.68 15 0 0 90 
obj 3524 1914.62 622.92 12.64 0 0 180 
obj 3524 1924.04 623.06 12.64 0 0 180 
obj 3533 2016.54 615.29 14.06 0 0 180 
obj 3533 2016.16 592.9 14.06 0 0 180 
obj 3533 1939.5 577.35 14.06 0 0 180 
obj 3533 1916.88 577.47 14.06 0 0 180 
obj 3509 1937 619.93 9.79 0 0 0 
obj 3509 1894.5 620.37 9.79 0 0 0 
obj 3509 1922.07 577.12 9.79 0 0 0 
obj 3509 1928.24 577.27 9.79 0 0 0 
obj 3509 1934.34 577.42 9.79 0 0 0 
obj 3509 2015.83 588.28 9.79 0 0 0 
obj 3509 2016.06 597.2 9.79 0 0 0 
obj 3509 2015.84 620.08 9.79 0 0 0 
obj 19509 1922.75 588.83 12.5 0 0 0 
obj 19509 1933.52 588.77 12.5 0 0 0 
obj 19510 1922.75 588.82 12.52 0 0 0 
obj 19510 1933.52 588.76 12.51 0 0 0 
obj 1734 1922.85 586.97 13.13 0 0 0 
obj 1734 1932.49 588.78 13.63 0 0 0 
obj 19466 1920.22 592.32 12.5 0 0 90 
obj 19466 1925.35 592.34 12.5 0 0 90 
obj 19466 1930.82 592.05 12.3 0 0 90 
obj 19466 1936.05 592.05 12.28 0 0 90 
obj 987 1887.27 623.01 9.8 0 0 180 
obj 987 1875.27 575.34 9.52 0 0 0 
obj 19377 1880.41 580.97 9.74 0 90 0 
obj 19377 1880.4 590.57 9.74 0 90 0 
obj 19377 1880.43 600.18 9.74 0 90 0 
obj 19377 1880.42 609.74 9.74 0 90 0 
obj 19454 1887.37 581.08 9.74 0 90 0 
obj 19454 1887.35 590.71 9.74 0 90 0 
obj 19454 1887.43 600.29 9.74 0 90 0 
obj 19454 1887.37 609.73 9.74 0 90 0 
obj 19454 1890.85 609.73 9.74 0 90 0 
obj 19454 1894.33 609.73 9.74 0 90 0 
obj 19377 1901.16 609.72 9.74 0 90 0 
obj 19377 1909.99 609.73 9.73 0 90 0 
obj 19377 1920.41 609.72 9.73 0 90 0 
obj 19377 1919.54 618.41 9.74 0 90 0 
obj 19425 1922.6 622.42 9.82 0 0 0 
obj 19425 1919.3 622.42 9.82 0 0 0 
obj 19425 1916.04 622.42 9.82 0 0 0 
obj 19425 1888.68 608.2 9.82 0 0 90 
obj 19425 1888.67 611.5 9.82 0 0 90 
obj 1568 1911.88 606.45 9.79 0 0 0 
obj 1568 1899.16 606.43 9.79 0 0 0 
obj 1568 1889.47 606.55 9.79 0 0 0 
obj 1568 1889.32 613.66 9.79 0 0 0 
obj 1568 1887.49 604.38 9.79 0 0 0 
obj 1568 1886.81 580.89 9.79 0 0 0 
obj 19377 1911.62 609.73 9.74 0 90 0 
obj 19377 1919.56 609.73 9.75 0 90 0 
obj 2311 1925.26 583.63 9.83 0 0 0 
obj 2311 1918.48 583.58 9.83 0 0 0 
obj 2317 1919.63 583.53 10.58 0 0 156 
obj 2296 1928.97 584.36 9.82 0 0 90 
obj 3515 1941 608.5 10.55 0 0 0 
obj 3532 1941.39 606.35 10.45 0 0 90 
obj 3532 1938.74 608.55 10.45 0 0 0 
obj 3532 1942.62 608.22 10.45 0 0 0 
obj 3532 1940.77 610.01 10.45 0 0 90 
obj 970 1938.36 608.34 10.3 0 0 90 
obj 970 1940.83 606 10.3 0 0 0 
obj 970 1943.24 608.52 10.3 0 0 90 
obj 970 1940.77 610.76 10.3 0 0 0 
obj 9833 1940.64 608.5 14.44 0 0 0 
obj 970 1914.14 621.11 10.3 0 0 90 
obj 970 1911.93 614.68 10.3 0 0 0 
obj 970 1907.47 614.66 10.3 0 0 0 
obj 970 1903.13 614.71 10.3 0 0 0 
obj 970 1898.81 614.7 10.3 0 0 0 
obj 970 1896.74 616.53 10.3 0 0 90 
obj 970 1896.74 620.93 10.3 0 0 90 
obj 19425 1876.95 608.28 9.82 0 0 90 
obj 19425 1876.9 603.18 9.82 0 0 90 
obj 19425 1876.85 597.93 9.82 0 0 90 
obj 19425 1876.79 592.95 9.82 0 0 90 
obj 19425 1876.75 587.91 9.82 0 0 90 
obj 19425 1876.67 583.15 9.82 0 0 90 
obj 19425 1876.77 578.61 9.82 0 0 90 
obj 1568 1875.88 576.45 9.79 0 0 0 
obj 1568 1887.55 576.63 9.79 0 0 0 
obj 19366 1928.51 620.43 9.74 0 90 0 
obj 19366 1927.32 620.42 9.76 0 90 0 
obj 970 1917.44 605.02 10.3 0 0 0 
obj 970 1922.11 604.99 10.3 0 0 0 
obj 970 1924.67 607.16 10.3 0 0 90 
obj 970 1924.68 615.62 10.3 0 0 90 
obj 970 1924.66 620.99 10.3 0 0 90 
obj 3532 1925.34 607.01 10.45 0 0 0 
obj 3532 1923.15 604.39 10.45 0 0 90 
obj 3532 1919.29 604.38 10.45 0 0 90 
obj 3532 1917.73 604.29 10.45 0 0 90 
obj 3532 1916.47 601.98 10.45 0 0 0 
obj 3532 1916.47 598.22 10.45 0 0 0 
obj 3532 1916.47 594.96 10.45 0 0 0 
obj 3532 1916.47 592.16 10.45 0 0 0 
obj 3532 1916.47 588.16 10.45 0 0 0 
obj 3532 1916.47 585.28 10.45 0 0 0 
obj 3532 1916.47 581.6 10.45 0 0 0 
obj 987 1958.58 575.25 9.8 0 0 0 
obj 987 1970.52 575.24 9.8 0 0 0 
obj 987 1962.9 622.83 9.8 0 0 180 
obj 987 1974.8 622.71 9.8 0 0 180 
obj 987 1986.66 622.65 9.8 0 0 180 
obj 10444 1981.75 597.55 10.6 0 0 0 
obj 19447 1974.6 607.91 9.58 0 0 0 
obj 19447 1979.5 612.65 9.58 0 0 90 
obj 19447 1974.6 598.3 9.58 0 0 0 
obj 19447 1974.6 588.68 9.58 0 0 0 
obj 19447 1988.98 588.04 9.58 0 0 0 
obj 19447 1988.98 597.67 9.58 0 0 0 
obj 19447 1988.98 607.29 9.58 0 0 0 
obj 19428 1988.98 583.14 9.58 0 0 0 
obj 19428 1974.6 583.09 9.58 0 0 0 
obj 19447 1979.49 582.38 9.58 0 0 90 
obj 19355 1985.89 582.38 9.58 0 0 90 
obj 19428 1988.27 582.38 9.58 0 0 90 
obj 19454 1908.43 604.82 11.58 0 0 90 
obj 19391 1902.03 604.82 11.58 0 0 90 
obj 19408 1913.95 604.84 11.58 0 0 90 
obj 19454 1895.66 604.83 11.58 0 0 90 
obj 19408 1889.93 604.84 11.58 0 0 90 
obj 19454 1888.37 600.12 11.58 0 0 0 
obj 19408 1888.37 593.71 11.58 0 0 0 
obj 19454 1888.38 587.34 11.58 0 0 0 
obj 19408 1888.37 580.94 11.58 0 0 0 
obj 19408 1915.42 581.03 11.58 0 0 0 
obj 19454 1915.43 587.42 11.58 0 0 0 
obj 19408 1915.44 593.68 11.58 0 0 0 
obj 19454 1915.46 600.06 11.58 0 0 0 
obj 19378 1910.07 584.28 9.77 0 90 0 
obj 19378 1899.58 584.28 9.77 0 90 0 
obj 19378 1899.58 593.9 9.77 0 90 0 
obj 19378 1910.07 593.9 9.77 0 90 0 
obj 19378 1910.07 600.08 9.78 0 90 0 
obj 19378 1899.58 600.08 9.76 0 90 0 
obj 19378 1893.63 600.08 9.75 0 90 0 
obj 19378 1893.7 590.46 9.75 0 90 0 
obj 19378 1893.66 584.29 9.76 0 90 0 
obj 19454 1898.6 579.41 11.58 0 0 90 
obj 19325 1891.7 579.47 11.25 0 0 90 
obj 19454 1905.67 579.43 11.58 0 0 90 
obj 19325 1912.23 579.47 11.25 0 0 90 
obj 19454 1905.73 599.76 11.58 0 0 0 
obj 19454 1897.95 600.03 11.58 0 0 0 
obj 19466 1888.31 580.86 11.62 0 0 0 
obj 19466 1888.37 593.78 11.62 0 0 0 
obj 19466 1889.82 604.82 11.62 0 0 90 
obj 19466 1914.05 604.78 11.62 0 0 90 
obj 19466 1915.4 593.74 11.62 0 0 0 
obj 19466 1915.42 581.23 11.62 0 0 0 
obj 19391 1897.95 593.69 11.58 0 0 0 
obj 19391 1905.77 593.53 11.58 0 0 0 
obj 19454 1910.52 591.94 11.58 0 0 90 
obj 19454 1893.22 592.13 11.58 0 0 90 
obj 1491 1897.99 592.94 9.82 0 0 90 
obj 1491 1905.76 592.78 9.82 0 0 90 
obj 1799 1892.28 603.14 9.83 0 0 90 
obj 1799 1892.28 600.79 9.83 0 0 90 
obj 1799 1892.28 598.46 9.83 0 0 90 
obj 1799 1892.28 596.02 9.83 0 0 90 
obj 1799 1892.26 593.54 9.83 0 0 90 
obj 2296 1897.59 599.71 9.85 0 0 -90 
obj 1808 1897.69 601.14 9.85 0 0 -90 
obj 2311 1897.34 603.81 9.85 0 0 -90 
obj 2827 1897.36 603.5 10.35 0 0 90 
obj 2826 1897.34 602.48 10.35 0 0 0 
obj 2825 1897.28 602.93 9.91 0 0 90 
obj 2029 1911.05 595.55 9.87 0 0 90 
obj 2029 1911.05 597.52 9.87 0 0 90 
obj 2029 1911.05 599.49 9.87 0 0 90 
obj 2124 1909.97 600.41 10.71 0 0 180 
obj 2124 1909.97 599.42 10.71 0 0 180 
obj 2124 1909.97 598.46 10.71 0 0 180 
obj 2124 1909.97 597.46 10.71 0 0 180 
obj 2124 1909.97 596.4 10.71 0 0 180 
obj 2124 1909.97 595.36 10.71 0 0 180 
obj 2124 1911.99 595.47 10.71 0 0 0 
obj 2124 1912.02 596.46 10.71 0 0 0 
obj 2124 1912.02 597.48 10.71 0 0 0 
obj 2124 1912.04 598.53 10.71 0 0 0 
obj 2124 1912.02 599.55 10.71 0 0 0 
obj 2124 1912.02 600.57 10.71 0 0 0 
obj 2013 1906.35 601.27 9.73 0 0 90 
obj 2014 1906.35 600.28 9.73 0 0 90 
obj 2016 1906.35 599.29 9.73 0 0 90 
obj 2017 1906.35 603.27 9.73 0 0 90 
obj 2022 1906.37 604.26 9.73 0 0 268 
obj 16151 1894.75 580.54 10.18 0 0 -90 
obj 2028 1902.21 581.12 9.94 0 0 -200 
obj 2297 1902.91 579.77 9.86 0 0 135 
obj 2293 1902.19 582.45 9.86 0 0 18 
obj 2297 1906.41 579.8 9.86 0 0 135 
obj 2028 1905.68 581.13 9.94 0 0 -149 
obj 2293 1905.77 582.36 9.86 0 0 -25 
obj 2297 1910.08 579.82 9.86 0 0 135 
obj 2293 1909.19 582.3 9.86 0 0 18 
obj 2028 1909.41 580.97 9.94 0 0 -171 
obj 2296 1915.07 587.7 9.85 0 0 -90 
obj 2263 1911.56 591.34 11.21 0 0 0 
obj 2262 1907.73 591.36 11.21 0 0 0 
obj 2315 1912.87 591.23 9.85 0 0 0 
obj 2290 1909.8 585.75 9.86 0 0 90 
obj 2290 1908.67 588.71 9.86 0 0 180 
obj 2290 1905.64 587.7 9.86 0 0 -90 
obj 2290 1906.73 584.66 9.86 0 0 0 
obj 2024 1908.37 586.13 9.86 0 0 90 
obj 1828 1907.86 586.82 9.84 0 0 90 
obj 2296 1892.11 591.77 9.85 0 0 0 
obj 2290 1892.47 587.58 9.86 0 0 -90 
obj 2290 1896.52 585.51 9.86 0 0 90 
obj 2290 1895.48 588.67 9.86 0 0 180 
obj 2290 1893.53 584.39 9.86 0 0 0 
obj 2024 1894.76 586.02 9.86 0 0 90 
obj 1828 1894.38 586.76 9.84 0 0 90 
obj 2248 1896.39 584.62 10.37 0 0 0 
obj 2250 1896.27 584.64 11.09 0 0 0 
obj 2248 1896.45 588.58 10.37 0 0 0 
obj 2250 1896.36 588.57 11.09 0 0 0 
obj 2248 1892.46 588.46 10.37 0 0 0 
obj 2250 1892.4 588.46 11.09 0 0 0 
obj 2248 1892.53 584.23 10.37 0 0 0 
obj 2250 1892.49 584.27 11.09 0 0 0 
obj 2261 1896.5 591.55 11.21 0 0 0 
obj 2260 1890.08 591.56 11.21 0 0 0 
obj 2257 1888.48 588.76 11.21 0 0 90 
obj 2256 1888.5 584.27 11.21 0 0 90 
obj 19377 1910.34 600.1 13.28 0 90 0 
obj 19377 1899.88 600.09 13.28 0 90 0 
obj 19377 1893.52 600.1 13.3 0 90 0 
obj 19377 1893.51 590.46 13.3 0 90 0 
obj 19377 1903.99 590.47 13.3 0 90 0 
obj 19377 1904.02 584.24 13.28 0 90 0 
obj 19377 1893.53 584.26 13.28 0 90 0 
obj 19377 1910.7 584.69 13.31 0 90 90 
obj 19377 1910.69 595.17 13.31 0 90 90 
obj 3533 1992.18 577.24 14.06 0 0 180 
obj 3533 1968.45 577.28 14.06 0 0 180 
obj 3533 1958.63 577.7 14.06 0 0 180 
obj 2827 1925.99 583.65 9.9 0 0 0 
obj 2090 1918.36 588.66 9.83 0 0 0 
obj 2096 1918.6 585.62 9.83 0 0 90 
obj 2100 1918.17 587.39 9.83 0 0 90 
obj 2131 1927.03 591.1 9.83 0 0 -90 
obj 2132 1927.07 589.09 9.83 0 0 -90 
obj 2149 1927.08 589.24 11.03 0 0 -90 
obj 2164 1927.42 586.83 9.83 0 0 -90 
obj 2165 1924.49 591.4 9.83 0 0 0 
obj 2167 1921.93 583.12 9.83 0 0 180 
obj 2825 1918.79 583.49 9.9 0 0 0 
obj 2824 1919.68 583.52 9.9 0 0 0 
obj 2167 1932.67 583.11 9.83 0 0 180 
obj 2166 1937.79 584.91 9.83 0 0 180 
obj 2164 1931.16 583.17 9.83 0 0 180 
obj 2181 1937.63 591.46 9.83 0 0 -90 
obj 2090 1929.16 588.59 9.83 0 0 0 
obj 2132 1937.76 588.04 9.83 0 0 -90 
obj 19509 1944.36 588.83 12.5 0 0 0 
obj 19510 1944.36 588.83 12.51 0 0 0 
obj 2090 1940 588.67 9.83 0 0 0 
obj 2087 1939.77 586.6 9.83 0 0 90 
obj 2164 1941.14 583.15 9.83 0 0 180 
obj 2163 1947.52 583.14 9.83 0 0 180 
obj 2162 1947.42 583.14 10.97 0 0 180 
obj 2827 1939.89 587.13 10.96 0 0 90 
obj 2132 1948.62 587.13 9.83 0 0 -90 
obj 2131 1948.62 589.13 9.83 0 0 -90 
obj 2133 1948.62 590.13 9.83 0 0 -90 
obj 2087 1943.61 583.27 9.83 0 0 180 
obj 2100 1929.07 588.13 9.82 0 0 90 
obj 2100 1939.83 584.84 9.82 0 0 90 
obj 2320 1942.65 583.36 11.2 0 0 171 
obj 2181 1945.7 591.57 9.83 0 0 0 
obj 2149 1937.84 588.01 11.04 0 0 -90 
obj 2149 1948.73 587.19 11.04 0 0 295 
obj 19466 1941.72 592.31 12.28 0 0 90 
obj 19466 1946.89 592.3 12.28 0 0 90 
obj 19493 1954 589.48 14.52 0 0 -90 
obj 19494 1954 589.5 14.53 0 0 -90 
obj 19466 1951.8 594.71 14.28 0 0 90 
obj 19325 1956.13 583.78 12.49 90 0 90 
obj 19466 1952.08 583.85 14.28 0 0 90 
obj 1725 1954.64 586.27 12.78 0 0 -90 
obj 1728 1957.59 590.52 12.78 0 0 -90 
obj 1730 1957.73 592.84 12.78 0 0 -90 
obj 1735 1957.41 594.03 12.78 0 0 -90 
obj 1741 1951.28 588.7 12.78 0 0 90 
obj 1748 1949.96 591.52 13.28 0 0 135 
obj 1757 1950.3 584.47 12.78 0 0 90 
obj 1808 1950.02 587.39 12.78 0 0 90 
obj 2315 1950.37 591.67 12.78 0 0 90 
obj 2827 1950.42 591.97 12.84 0 0 135 
obj 2825 1950.42 592.96 12.84 0 0 -90 
obj 2828 1950.3 592.82 13.27 0 0 -90 
obj 1665 1957.42 593.04 13.96 0 0 -90 
obj 1641 1953.02 586.56 12.78 0 0 -90 
obj 19466 1953.11 594.15 11.6 0 0 90 
obj 19466 1953.18 583.79 11.6 0 0 90 
obj 2346 1952.62 593.56 10.29 0 0 0 
obj 2320 1952.99 593.79 11.01 0 0 0 
obj 2827 1953.16 593.54 10.55 0 0 0 
obj 2824 1953.15 593.6 10.33 0 0 0 
obj 987 1982.63 575.23 9.8 0 0 0 
obj 987 1994.71 622.74 9.8 0 0 180 
obj 19377 1992.32 627.62 9.75 0 90 0 
obj 987 1994.52 587.17 9.8 0 0 0 
obj 987 2006.6 622.7 9.8 0 0 180 
obj 19447 1984.31 612.66 9.58 0 0 90 
obj 19447 1988.99 607.93 9.58 0 0 0 
obj 3515 1981.51 607.19 10.55 0 0 0 
obj 3515 1981.46 597 10.55 0 0 0 
obj 3515 1981.32 586.73 10.55 0 0 0 
obj 987 2006.48 587.15 9.8 0 0 0 
obj 19377 2002.81 627.62 9.75 0 90 0 
obj 19377 2013.3 627.64 9.75 0 90 0 
obj 987 2018.44 622.6 9.8 0 0 180 
obj 19377 2023.78 627.62 9.75 0 90 0 
obj 19377 2023.78 617.99 9.75 0 90 0 
obj 987 2018.27 610.68 9.8 0 0 90 
obj 19377 2023.78 608.37 9.75 0 90 0 
obj 987 2018.37 587.03 9.8 0 0 90 
obj 19377 2023.78 603.69 9.74 0 90 0 
obj 19377 2013.29 603.69 9.74 0 90 0 
obj 987 2018.29 608.66 9.8 0 0 90 
obj 3509 2015.95 611.24 9.79 0 0 0 
obj 3509 1979.12 576.97 9.79 0 0 0 
obj 19377 2034.24 627.62 9.75 0 90 0 
obj 987 2028.85 610.88 9.8 0 0 90 
obj 987 2028.88 598.93 9.8 0 0 90 
obj 987 2028.92 622.95 9.8 0 0 0 
obj 19377 2044.73 627.62 9.75 0 90 0 
obj 987 2038.05 622.98 9.8 0 0 0 
obj 987 2017.04 599.05 9.8 0 0 0 
obj 987 2049.9 632.25 9.8 0 0 180 
obj 987 2037.94 632.22 9.8 0 0 180 
obj 987 2025.96 632.24 9.8 0 0 180 
obj 987 2014.09 632.26 9.8 0 0 180 
obj 987 2002.1 632.23 9.8 0 0 180 
obj 987 1998.85 632.24 9.8 0 0 180 
obj 19377 2055.22 627.62 9.75 0 90 0 
obj 19377 2055.16 618.06 9.75 0 90 0 
obj 19377 2055.14 608.44 9.75 0 90 0 
obj 987 2060.41 632.23 9.8 0 0 180 
obj 987 2060.3 620.37 9.8 0 0 90 
obj 19377 2065.6 615.61 9.75 0 90 0 
obj 19377 2065.61 605.99 9.75 0 90 0 
obj 16613 2068.64 603.43 12 0 0 0 
obj 19377 2055.14 598.8 9.75 0 90 0 
obj 16601 2088.03 590.07 14.56 0 0 0 
obj 19377 2055.15 589.18 9.75 0 90 0 
obj 19377 2065.66 589.18 9.75 0 90 0 
obj 19377 2076.12 589.18 9.75 0 90 0 
obj 19377 2086.6 589.18 9.75 0 90 0 
obj 19377 2076.12 598.8 9.75 0 90 0 
obj 19377 2086.6 598.82 9.75 0 90 0 
obj 19377 2086.6 608.44 9.75 0 90 0 
obj 19377 2076.12 608.44 9.75 0 90 0 
obj 987 2050.09 622.84 9.8 0 0 -90 
obj 987 2050.01 610.86 9.8 0 0 -90 
obj 987 2050 598.88 9.8 0 0 -90 
obj 987 2050 596.1 9.8 0 0 -90 
obj 987 2049.91 584.51 9.8 0 0 0 
obj 987 2061.87 584.55 9.8 0 0 0 
obj 987 2073.84 584.54 9.8 0 0 0 
obj 987 2061.87 584.55 9.8 0 0 0 
obj 987 2079.88 584.54 9.8 0 0 0 
obj 987 2061.87 584.55 9.8 0 0 0 
obj 987 2073.84 584.54 9.8 0 0 0 
obj 987 2091.68 584.44 9.8 0 0 90 
obj 987 2091.69 596.38 9.8 0 0 90 
obj 987 2091.71 608.32 9.8 0 0 90 
obj 19377 2086.69 618.07 9.75 0 90 0 
obj 19377 2076.23 618.05 9.75 0 90 0 
obj 19377 2065.75 618.04 9.74 0 90 0 
obj 19377 2065.63 598.78 9.75 0 90 0 
obj 987 2091.72 610.98 9.8 0 0 90 
obj 987 2091.78 622.69 9.8 0 0 180 
obj 987 2079.84 622.69 9.8 0 0 180 
obj 987 2072.48 622.67 9.8 0 0 180 
obj 19377 2002.83 603.72 9.74 0 90 0 
obj 19377 2002.84 613.32 9.74 0 90 0 
obj 19377 2002.91 594.13 9.74 0 90 0 
obj 19377 2013.29 613.3 9.74 0 90 0 
obj 19377 2013.34 594.09 9.74 0 90 0 
obj 16601 2088.13 603.43 14.56 0 0 0 
obj 16601 2088.45 616.44 14.56 0 0 0 
obj 19454 1995.86 613.33 9.74 0 90 0 
obj 19454 1995.85 603.72 9.74 0 90 0 
obj 19454 1995.92 594.09 9.74 0 90 0 
obj 19511 1966.47 588.01 12.76 0 0 180 
obj 19512 1966.46 588.01 12.76 0 0 180 
obj 19466 1969.49 593.97 12.38 0 0 90 
obj 19466 1965.47 591.36 12.2 0 0 90 
obj 19466 1965.13 582.06 12.38 0 0 90 
obj 19466 1969.21 582.13 12.38 0 0 90 
obj 19466 1961.33 584.63 12.38 0 0 0 
obj 19466 1961.37 587.06 12.38 0 0 0 
obj 19466 1961.35 589.82 12.38 0 0 0 
obj 19441 1964.39 590.52 12.08 0 0 0 
obj 19441 1964.39 588.92 12.08 0 0 0 
obj 19396 1962.89 588.19 12.54 0 0 90 
obj 1491 1962.11 588.17 10.8 0 0 0 
obj 1725 1967.48 585.67 10.7 0 0 180 
obj 1730 1969.44 582.54 10.7 0 0 180 
obj 1735 1970.64 582.99 10.8 0 0 180 
obj 1738 1971.27 583.52 11.44 0 0 90 
obj 1742 1961.28 582.63 10.8 0 0 90 
obj 1743 1962.88 586.08 10.8 0 0 90 
obj 1744 1971.57 592.42 11.96 0 0 -90 
obj 1761 1964.92 588.68 10.72 0 0 90 
obj 2296 1971.16 589.23 10.8 0 0 -90 
obj 1778 1964.34 588.54 10.82 0 0 -90 
obj 1808 1964.39 582.37 10.82 0 0 180 
obj 2828 1971.26 591.84 12.3 0 0 90 
obj 2827 1969.2 582.61 11.86 0 0 0 
obj 2738 1962.25 590.92 11.38 0 0 0 
obj 2518 1961.91 588.86 10.8 0 0 90 
obj 2517 1962.79 590.84 10.78 0 0 -90 
obj 2185 1970.97 584.63 10.8 0 0 90 
obj 2028 1970.9 584.97 11.7 0 0 -127 
obj 19325 1956.17 594.03 9.42 90 0 90 
obj 19466 1955.84 594.72 14.28 0 0 90 
obj 19466 1956.9 594.72 14.28 0 0 90 
obj 1568 1900.68 603.72 7.95 0 0 0 
obj 1568 1902.87 603.53 7.95 0 0 0 
obj 1568 1903.6 580.8 7.95 0 0 0 
obj 1568 1899.91 580.78 7.95 0 0 0 
obj 1568 1907.44 580.75 7.95 0 0 0 
obj 1568 1914.42 580.16 7.95 0 0 0 
obj 1568 1914.12 589.5 7.95 0 0 0 
obj 1568 1908.1 590.77 7.95 0 0 0 
obj 1568 1914.6 603.84 7.95 0 0 0 
obj 1568 1888.92 602.47 7.95 0 0 0 
obj 1568 1889.13 600.11 7.95 0 0 0 
obj 1568 1889.27 597.74 7.95 0 0 0 
obj 1568 1889.01 595.24 7.95 0 0 0 
obj 1568 1888.89 592.45 7.95 0 0 0 
