sell 10825 3031.15 3016.48 0.87 -273 0 22 
changeobj 1506 3028.47 3015.99 0.07 0 0 34 1502
obj 19376 2984.35 3017.36 -0.04 0 90 33 
obj 19376 2992.61 3022.68 -0.08 0 90 32 
obj 19376 3001.58 3028.06 -0.04 0 90 31 
obj 19376 3010.57 3033.46 0.04 0 90 30 
obj 19376 3018.53 3038.59 0.02 0 90 35 
obj 19376 3023.89 3042.29 0.09 0 90 33 
obj 19376 3029.06 3034.18 0.07 0 91 35 
obj 19376 3020.57 3030.76 0.03 0 90 -149 
obj 19376 3034.35 3026.02 -0.07 0 90 -142 
obj 19376 3020.22 3017.28 -0.04 0 90 34 
obj 19376 2995.02 3001.39 0.01 0 91 32 
obj 19376 3012.24 3012.05 -0.03 0 91 120 
obj 19376 2997.24 3014.51 0.01 0 91 122 
obj 19376 3012.03 3011.23 0.02 0 90 32 
obj 19376 3002.91 3006.29 -0.08 0 90 30 
obj 19376 3020.8 3016.88 -0.05 0 90 33 
obj 19376 3029.45 3022.47 -0.05 0 90 34 
obj 19376 3028.95 3022.66 -0.05 0 90 32 
obj 19376 3036.17 3027.74 -0.02 0 91 36 
obj 19376 3028.99 3034.03 0.09 0 91 124 
obj 19376 3020.86 3029.15 -0.12 0 91 121 
obj 19376 3013.07 3023.75 -0.05 180 -90 -59 
obj 19376 3005.62 3019.02 0.01 0 91 120 
obj 19376 2989.36 3008.89 0.1 0 89 -58 
obj 19376 3004.03 3006.42 -0.02 0 90 30 
obj 19376 2995.15 3001.6 0.09 0 92 30 
obj 19377 2981.29 3021.21 0.69 0 2 -58 
obj 19377 2989.44 3026.12 0.66 0 0 122 
obj 19377 2997.57 3031.15 0.57 0 0 122 
obj 19377 3005.88 3036.11 0.94 0 2 121 
obj 19377 3013.9 3041.16 1.64 0 179 122 
obj 19377 3021.9 3046.16 1.36 0 181 122 
obj 19377 2979.78 3014.69 0.63 0 0 34 
obj 19377 2985.03 3006.91 0.58 0 0 34 
obj 19377 2990.33 2998.92 0.64 0 0 33 
obj 19377 2997.08 2997.28 0.51 0 0 119 
obj 19408 3002.66 3000.37 1.82 0 -2 -60 
obj 19466 3002.56 3000.25 2.25 0 0 121 
obj 19454 3005.34 3001.87 5.56 0 0 119 
obj 19377 3008.11 3003.46 1.96 0 179 120 
obj 19377 3016.57 3008.4 1.98 0 0 120 
obj 19377 3023.84 3013.05 1.93 0 0 123 
obj 19391 3029.01 3016.52 1.76 0 -2 -55 
obj 19377 3034.32 3020.03 2.02 0 0 124 
obj 19377 3040.93 3024.78 0.73 0 0 -54 
obj 19377 3038.24 3029.88 0.47 0 0 34 
obj 19377 3032.91 3037.77 1.86 0 0 34 
obj 19377 3028.1 3044.74 1.7 0 0 35 
obj 19340 2990.99 3079.5 10.43 -179 0 29 
obj 19340 2989.71 3078.71 16.33 0 0 209 
obj 19449 3029.12 3016.7 5.22 0 0 120 
obj 3267 2993.67 2993.51 19.71 0 0 113 
obj 3267 2986.08 3007.95 19.64 0 0 118 
obj 3267 2989.73 3000.89 19.73 0 0 0 
obj 7073 2965.66 3144.85 37.71 0 0 -56 
obj 19335 2980.33 3038.32 19.97 0 0 0 
obj 19335 3037.96 3073.89 19.73 0 0 0 
obj 1646 3030.21 3068.97 34.81 0 0 0 
obj 19376 3031.53 3016.12 -0.02 0 91 36 
obj 17068 3021.42 3004.14 0.06 0 0 -55 
obj 17068 3004.35 2992.18 0.06 0 0 305 
obj 17068 2986.46 2979.87 0.04 0 0 -236 
obj 17068 2968.77 2967.64 0.08 0 0 125 
obj 12990 2955.64 2949.36 2.3 -8 0 -24 
obj 9833 3032.6 3014.04 1.29 0 0 0 
obj 9833 3022 3000.14 22.76 0 0 0 
obj 9833 3032.39 3005.68 22.08 0 0 0 
obj 9833 3043.27 3012.22 22.45 0 0 0 
obj 3528 3033.8 3002.27 16.38 0 0 -53 
obj 3528 3055.29 3014.27 15.79 0 0 -70 
obj 14816 3002.94 3023.93 1.93 0 2 -57 
obj 1968 3021.26 3029.58 0.73 0 0 30 
obj 1968 3023.01 3026.45 0.58 0 0 32 
obj 1968 3025.16 3023.01 0.55 0 0 30 
obj 1968 3025.93 3031.23 0.89 0 0 34 
obj 1968 3027.57 3028.3 0.77 0 0 34 
obj 1968 3029.94 3024.77 0.56 0 0 34 
obj 16151 3014.14 3039.92 0.68 0 0 124 
obj 16151 3036.83 3023.26 0.68 0 0 307 
obj 19377 3038.61 3029.03 2.63 0 0 38 
obj 14565 3030 3039.63 2.06 0 0 215 
