sell 10825 -1552.99 -1592.93 38 90 0 86 
changeobj 1506 -1553.82 -1594.37 37.07 0 0 86 1502
changeobj 1506 -1553.61 -1591.36 37.07 0 0 265 1502
obj 19325 -1573.37 -1537.05 41.31 0 0 -4 
obj 12929 -1561.6 -1592.28 36.97 0 0 176 
obj 11292 -1564.53 -1586.32 38.4 0 0 -4 
obj 2299 -1563.64 -1584.64 37.19 0 0 266 
obj 1432 -1564.37 -1585.41 37.17 0 0 0 
obj 2172 -1560.73 -1587.6 37.14 0 0 176 
obj 1663 -1561.15 -1587.12 37.59 0 0 0 
obj 2801 -1564.37 -1585.39 37.44 0 0 0 
obj 1518 -1566.84 -1585.86 39.39 0 0 86 
obj 1702 -1568.25 -1586 37.15 0 0 85 
obj 1829 -1568.06 -1586.79 37.63 0 0 -186 
obj 1232 -1566.64 -1584.26 36.35 0 0 0 
obj 19447 -1569.67 -1592.62 38.8 0 90 -4 
obj 970 -1567.76 -1590.14 39.35 0 0 -93 
obj 8614 -1565.71 -1595.03 37.64 0 0 -4 
obj 1702 -1568.5 -1589.98 37.03 0 0 83 
obj 8614 -1567.58 -1596.66 37.64 0 0 -4 
obj 970 -1571.46 -1593.36 39.31 0 0 86 
obj 970 -1571.21 -1589.81 39.31 0 0 86 
obj 970 -1569.65 -1587.87 39.31 0 0 -4 
obj 2299 -1565.9 -1591.56 37.08 0 0 86 
obj 1523 -1567.59 -1587.68 37.16 0 0 -4 
obj 19329 -1553.6 -1592.8 40.78 0 0 -94 
obj 3811 -1570.8 -1589.21 39.28 0 0 -4 
obj 3811 -1570.99 -1591.55 39.28 0 0 -4 
obj 3811 -1571.13 -1593.89 39.28 0 0 -4 
obj 2627 -1565.69 -1593.55 37.04 0 0 86 
obj 2514 -1564.35 -1588.78 37.04 0 0 -7 
obj 2515 -1563.38 -1588.61 37.85 0 0 1 
obj 3810 -1572.38 -1587.65 39.02 0 0 -189 
obj 2904 -1553.98 -1595.57 38.25 0 0 -94 
obj 2904 -1553.57 -1590.15 38.25 0 0 -94 
obj 19425 -1553.72 -1588.73 37.08 0 0 -94 
obj 19425 -1553.96 -1591.91 37.08 0 0 -94 
obj 19425 -1554.19 -1595.19 37.08 0 0 -94 
obj 19425 -1563.18 -1594.48 37.08 0 0 -94 
obj 19425 -1562.96 -1591.27 37.08 0 0 -94 
obj 19425 -1562.72 -1588.12 37.08 0 0 -94 
obj 19428 -1553.99 -1587.1 37.16 0 90 87 
obj 19428 -1561.68 -1595.55 37 0 90 -5 
obj 12928 -1561.6 -1592.28 36.97 0 0 176 
obj 19428 -1553.99 -1587.1 37.34 0 90 87 
obj 19449 -1565.17 -1596.15 35.42 0 0 86 
obj 19449 -1558.47 -1596.59 35.42 0 0 86 
