sell 10825 -2487.27 -2834.75 3 91 11 178 
changeobj 1506 -2488.05 -2839.13 2.06 0 0 4 1502
changeobj 1506 -2490.68 -2839.3 5.65 0 0 -84 1502
changeobj 1506 -2489.57 -2859.94 5.65 0 0 93 1502
changeobj 1506 -2483.54 -2851.68 2.06 0 0 0 1502
changeobj 1506 -2474.85 -2846.76 2 0 0 0 1502
changeobj 1506 -2481.59 -2854.6 9.08 0 0 92 1502
changeobj 1506 -2484.46 -2851.84 9.08 0 0 178 1502
changeobj 1506 -2484.34 -2854.74 9.08 0 0 178 1502
obj 19377 -2486.55 -2854.64 1.97 0 90 93 
obj 19377 -2487.16 -2844.19 1.97 0 90 93 
obj 19403 -2484.12 -2838.81 3.8 0 0 93 
obj 19387 -2487.33 -2839.01 3.8 0 0 -86 
obj 19403 -2490.54 -2839.21 3.8 0 0 93 
obj 19449 -2491.8 -2844.18 3.79 0 0 3 
obj 19449 -2491.3 -2853.78 3.79 0 0 3 
obj 14416 -2488.51 -2849.7 2.36 0 0 93 
obj 19449 -2482.3 -2843.62 3.83 0 0 3 
obj 19449 -2481.84 -2853.26 3.79 0 0 3 
obj 19430 -2491 -2859.39 3.8 0 0 2 
obj 19430 -2481.57 -2858.88 3.8 0 0 2 
obj 19403 -2483.24 -2859.67 3.8 0 0 93 
obj 19403 -2489.29 -2860.01 3.8 0 0 93 
obj 19403 -2486.31 -2859.84 3.8 0 0 93 
obj 19466 -2489.29 -2860.05 4.09 0 0 93 
obj 19466 -2486.28 -2859.82 4.09 0 0 93 
obj 19466 -2483.38 -2859.66 4.09 0 0 93 
obj 19466 -2484.06 -2838.77 4.09 0 0 93 
obj 19466 -2490.56 -2839.23 4.09 0 0 93 
obj 19430 -2490.71 -2847.83 3.8 0 -1 92 
obj 19430 -2489.13 -2847.77 3.8 0 -1 92 
obj 19430 -2487.57 -2847.73 3.8 0 -1 91 
obj 19430 -2485.98 -2847.72 3.8 0 -1 91 
obj 19430 -2485.88 -2851.73 3.8 0 -1 91 
obj 19430 -2487.48 -2851.74 3.8 0 -1 91 
obj 19430 -2489.07 -2851.78 3.8 0 -1 91 
obj 19430 -2490.56 -2851.82 3.8 0 -1 91 
obj 19452 -2486.53 -2853.6 5.58 0 90 92 
obj 19452 -2486.39 -2856.78 5.58 0 90 92 
obj 19452 -2486.93 -2846.06 5.58 0 90 92 
obj 19433 -2489.27 -2859.26 5.56 0 90 3 
obj 19433 -2486.61 -2859.13 5.56 0 90 3 
obj 19433 -2483.36 -2858.94 5.56 0 90 3 
obj 19433 -2487.62 -2840.74 5.58 0 90 93 
obj 19433 -2489.23 -2840.85 5.58 0 90 93 
obj 19433 -2490.76 -2840.92 5.58 0 90 93 
obj 19433 -2486.01 -2840.65 5.58 0 90 93 
obj 19433 -2484.45 -2840.59 5.58 0 90 93 
obj 19433 -2483.21 -2840.53 5.58 0 90 93 
obj 19433 -2491.1 -2840.99 5.56 0 90 93 
obj 19449 -2491.81 -2845.61 7.28 0 0 2 
obj 19430 -2491.94 -2840.01 7.28 0 0 3 
obj 19449 -2491.33 -2855.23 7.28 0 0 2 
obj 19403 -2490.3 -2839.14 7.28 0 0 93 
obj 19466 -2490.44 -2839.23 7.28 0 0 93 
obj 19403 -2487.1 -2838.98 7.28 0 0 93 
obj 19466 -2484.01 -2838.85 7.28 0 0 93 
obj 19449 -2482.2 -2845.04 7.28 0 0 2 
obj 19430 -2482.49 -2839.47 7.28 0 0 3 
obj 19449 -2481.8 -2854.87 7.28 0 0 3 
obj 19403 -2489.63 -2860.04 7.28 0 0 93 
obj 19466 -2489.43 -2860 7.28 0 0 93 
obj 19403 -2486.42 -2859.88 7.28 0 0 93 
obj 19466 -2486.42 -2859.91 7.28 0 0 93 
obj 19403 -2483.22 -2859.7 7.28 0 0 93 
obj 19466 -2482.99 -2859.69 7.28 0 0 93 
obj 19430 -2482.06 -2850.23 7.28 0 0 3 
obj 19430 -2492.03 -2840.01 10.82 0 0 3 
obj 19430 -2491.16 -2859.43 7.28 0 0 2 
obj 19377 -2486.53 -2854.65 9 0 90 93 
obj 19377 -2487.08 -2844.25 9 0 90 93 
obj 3361 -2480.57 -2850.34 6.92 0 0 92 
obj 3361 -2481.02 -2843.32 4 0 0 92 
obj 19466 -2486.95 -2838.99 7.28 0 0 93 
obj 19403 -2484.1 -2838.79 7.28 0 0 93 
obj 19430 -2482.9 -2851.7 7.28 0 0 91 
obj 19430 -2484.48 -2851.73 7.28 0 0 91 
obj 19430 -2486.06 -2851.76 7.28 0 0 91 
obj 19430 -2487.66 -2851.78 7.28 0 0 91 
obj 19430 -2489.26 -2851.8 7.28 0 0 91 
obj 19430 -2483.19 -2847.72 7.28 0 0 91 
obj 19430 -2484.81 -2847.76 7.28 0 0 91 
obj 19430 -2486.42 -2847.8 7.28 0 0 91 
obj 19430 -2487.92 -2847.82 7.28 0 0 91 
obj 19430 -2489.31 -2847.83 7.28 0 0 91 
obj 19430 -2483.07 -2847.72 7.28 0 0 91 
obj 19430 -2490.08 -2847.12 7.28 0 0 3 
obj 19430 -2490.17 -2845.5 7.28 0 0 3 
obj 19430 -2490.27 -2843.91 7.28 0 0 3 
obj 19430 -2490.33 -2842.4 7.28 0 0 3 
obj 19430 -2490.38 -2841.62 7.28 0 0 3 
obj 2563 -2485.01 -2842.06 5.65 0 0 -87 
obj 2296 -2489.74 -2844.84 5.65 0 0 94 
obj 1746 -2483.73 -2842.01 5.67 0 0 0 
obj 1746 -2483.62 -2845.19 5.67 0 0 0 
obj 1808 -2482.71 -2847.14 5.67 0 0 -129 
obj 1828 -2485.62 -2843.33 5.65 0 0 101 
obj 1828 -2487.96 -2843.48 5.65 0 0 101 
obj 2234 -2486.51 -2843.76 5.67 0 0 90 
obj 1727 -2487.48 -2841.64 5.67 0 0 0 
obj 1727 -2486.55 -2844.89 5.67 0 0 181 
obj 1668 -2487.01 -2843.2 6.35 0 0 0 
obj 1668 -2487.22 -2843.01 6.35 0 0 0 
obj 1668 -2487.22 -2843.47 6.35 0 0 0 
obj 948 -2489.87 -2840.98 5.67 0 0 0 
obj 2229 -2490.21 -2841.83 5.67 0 0 91 
obj 2229 -2489.87 -2845.16 5.67 0 0 91 
obj 1808 -2482.94 -2839.35 5.67 0 0 -33 
obj 19430 -2489.96 -2852.61 7.28 0 0 3 
obj 19430 -2489.9 -2854.18 7.28 0 0 3 
obj 19430 -2489.8 -2855.8 7.28 0 0 3 
obj 19430 -2489.73 -2857.39 7.28 0 0 3 
obj 19430 -2489.7 -2857.62 7.28 0 0 3 
obj 2204 -2489.68 -2854.53 5.67 0 0 94 
obj 2204 -2489.46 -2857.47 5.67 0 0 94 
obj 948 -2489.59 -2853.02 7.46 0 0 0 
obj 948 -2489.38 -2854.99 7.46 0 0 0 
obj 948 -2489.29 -2857.1 7.46 0 0 0 
obj 2311 -2486.08 -2856.44 5.67 0 0 0 
obj 1670 -2485.3 -2856.43 6.2 0 0 0 
obj 2296 -2484.27 -2859.32 5.65 0 0 182 
obj 1724 -2487.35 -2857.02 5.67 0 0 88 
obj 1724 -2483.27 -2855.78 5.67 0 0 271 
obj 1808 -2482.5 -2852.14 5.67 0 0 -40 
obj 2298 -2486.96 -2855.81 5.67 0 0 0 
obj 16151 -2490.79 -2844.5 2.4 0 0 184 
obj 1541 -2491.76 -2843.21 3.34 0 0 91 
obj 1959 -2489.95 -2844.28 3.03 0 0 -89 
obj 1714 -2491.15 -2844.39 2.06 0 0 91 
obj 2506 -2491.59 -2841.96 3.36 0 0 98 
obj 2251 -2488.28 -2839.41 2.9 0 0 0 
obj 2251 -2486.55 -2839.25 2.9 0 0 0 
obj 3810 -2486.38 -2838.15 4.68 0 0 96 
obj 3810 -2488.51 -2838.26 4.68 0 0 96 
obj 19430 -2484.29 -2851.7 3.8 0 -1 91 
obj 1726 -2484.05 -2857.36 2.06 0 0 3 
obj 1726 -2490.72 -2857.53 2.06 0 0 3 
obj 1726 -2487.57 -2857.51 2.06 0 0 3 
obj 1727 -2485.3 -2857.4 2.06 0 0 2 
obj 2314 -2486.85 -2854.71 2.06 0 0 3 
obj 1727 -2484 -2854.19 2.06 0 0 -85 
obj 1727 -2487.89 -2855.25 2.06 0 0 95 
obj 1726 -2484.78 -2855.71 2.06 0 0 182 
obj 1726 -2487.12 -2853.63 2.06 0 0 4 
obj 1669 -2485.61 -2854.81 2.74 0 0 0 
obj 1669 -2485.55 -2854.6 2.74 0 0 0 
obj 1669 -2485.24 -2854.76 2.74 0 0 0 
obj 1667 -2485.06 -2854.4 2.66 0 0 0 
obj 1667 -2485.07 -2854.52 2.66 0 0 0 
obj 1667 -2485.05 -2854.61 2.66 0 0 0 
obj 1667 -2484.95 -2854.52 2.66 0 0 0 
obj 1668 -2485.37 -2854.48 2.74 0 0 0 
obj 1668 -2484.98 -2854.81 2.74 0 0 0 
obj 2837 -2486.33 -2854.47 2.58 0 0 0 
obj 2837 -2486.68 -2854.81 2.58 0 0 0 
obj 19452 -2487.1 -2842.72 5.56 0 90 92 
obj 19449 -2469.12 -2851.22 3.79 0 0 3 
obj 19449 -2478.69 -2851.95 3.79 0 0 3 
obj 19449 -2473.73 -2856.5 3.79 0 0 96 
obj 19377 -2473.93 -2851.98 1.97 0 90 93 
obj 19377 -2473.85 -2852.01 5.58 0 90 93 
obj 19430 -2470.11 -2846.49 3.79 0 0 94 
obj 19430 -2471.73 -2846.59 3.79 0 0 94 
obj 19387 -2474.14 -2846.75 3.8 0 0 -86 
obj 19430 -2476.55 -2846.93 3.79 0 0 94 
obj 19430 -2478.12 -2846.98 3.79 0 0 94 
obj 19430 -2470.08 -2848.05 3.79 0 0 94 
obj 19430 -2471.66 -2848.16 3.79 0 0 94 
obj 2514 -2470.38 -2847.27 2.06 0 0 -91 
obj 1523 -2472.36 -2848.17 2.06 0 0 95 
obj 19430 -2471.53 -2849.66 3.79 0 0 94 
obj 19430 -2470.01 -2849.43 3.79 0 0 94 
obj 2514 -2470.25 -2848.76 2.06 0 0 -91 
obj 1523 -2472.22 -2849.68 2.06 0 0 95 
obj 19430 -2469.98 -2849.55 3.79 0 0 94 
obj 19430 -2469.85 -2851.2 3.79 0 0 94 
obj 19430 -2471.39 -2851.31 3.79 0 0 94 
obj 2514 -2470.07 -2850.39 2.06 0 0 -91 
obj 1523 -2472.07 -2851.37 2.06 0 0 95 
obj 19430 -2469.78 -2852.85 3.79 0 0 94 
obj 19430 -2471.23 -2852.97 3.79 0 0 94 
obj 2514 -2470 -2852.12 2.06 0 0 -91 
obj 1523 -2471.94 -2852.95 2.06 0 0 95 
obj 2739 -2477.96 -2850.94 2.06 0 0 97 
obj 2739 -2478.11 -2849.28 2.06 0 0 97 
obj 2739 -2477.8 -2852.79 2.06 0 0 97 
obj 2739 -2477.71 -2854.36 2.06 0 0 97 
obj 2742 -2472.85 -2855.89 3.9 0 0 -171 
obj 2742 -2473.53 -2856.02 3.9 0 0 -171 
obj 2742 -2474.21 -2856.08 3.9 0 0 -171 
obj 2742 -2474.86 -2856.13 3.9 0 0 -171 
obj 1793 -2469.18 -2854.69 2.06 0 0 94 
obj 19449 -2459.55 -2850.82 3.79 0 0 3 
obj 19449 -2464 -2855.61 3.79 0 0 96 
obj 19377 -2464.25 -2851.49 5.58 0 90 93 
obj 3408 -2488.56 -2837.99 1.94 0 0 185 
obj 18368 -2487.64 -2865.63 -3 0 0 -98 
obj 1727 -2478.05 -2866.7 1.45 0 0 0 
obj 1727 -2474.39 -2866.6 1.45 0 0 0 
obj 1727 -2470.47 -2866.64 1.45 0 0 0 
obj 1727 -2481.92 -2866.81 1.45 0 0 0 
obj 1727 -2485.98 -2866.82 1.45 0 0 0 
obj 1646 -2491.98 -2867.01 1.56 0 0 0 
obj 1646 -2493.7 -2867.44 1.56 0 0 0 
obj 1646 -2493.96 -2870.22 1.56 0 0 0 
obj 1646 -2492.25 -2869.65 1.56 0 0 0 
obj 1646 -2502.27 -2866.42 1.56 0 0 0 
obj 1646 -2500.16 -2869.7 1.56 0 0 0 
obj 1646 -2502 -2869.61 1.56 0 0 0 
obj 1646 -2498.86 -2869.68 1.56 0 0 0 
obj 4297 -2425.59 -2866.08 -20.38 0 0 0 
obj 1646 -2500.23 -2866.55 1.56 0 0 0 
obj 1646 -2498.63 -2866.57 1.56 0 0 0 
obj 1646 -2497.05 -2866.69 1.56 0 0 0 
obj 1646 -2495.46 -2867 1.56 0 0 0 
obj 1598 -2485.46 -2872.67 0.05 0 0 0 
obj 1598 -2479.59 -2872.96 0.05 0 0 0 
obj 1598 -2489.87 -2872.53 0.05 0 0 0 
obj 1598 -2482.39 -2875.13 0.05 0 0 0 
obj 1609 -2488.61 -2873.58 0.22 0 0 0 
obj 1609 -2479.61 -2874.5 0.22 0 0 0 
obj 1607 -2474.55 -2870.79 1.6 34 -69 -40 
obj 1607 -2495.02 -2874.79 1.6 34 -69 -40 
obj 19449 -2491.77 -2845.63 10.82 0 0 2 
obj 19403 -2490.3 -2839.14 10.82 0 0 93 
obj 19466 -2490.44 -2839.23 10.82 0 0 93 
obj 19403 -2487.1 -2838.98 10.82 0 0 93 
obj 19466 -2486.95 -2838.99 10.82 0 0 93 
obj 19403 -2484.1 -2838.79 10.82 0 0 93 
obj 19466 -2484.01 -2838.85 10.82 0 0 93 
obj 19430 -2482.48 -2839.52 10.82 0 0 3 
obj 19449 -2482.07 -2845.16 10.82 0 0 2 
obj 19430 -2482.02 -2850.66 10.82 0 0 3 
obj 19430 -2481.75 -2857.06 10.82 0 0 3 
obj 19430 -2481.67 -2858.64 10.82 0 0 3 
obj 19430 -2491.95 -2840.07 10.82 0 0 3 
obj 19403 -2489.63 -2860.04 10.82 0 0 93 
obj 19466 -2489.43 -2860 10.82 0 0 93 
obj 19403 -2486.42 -2859.88 10.82 0 0 93 
obj 19466 -2486.42 -2859.91 10.82 0 0 93 
obj 19403 -2483.22 -2859.7 10.82 0 0 93 
obj 19466 -2482.99 -2859.69 10.82 0 0 93 
obj 19449 -2491.38 -2855.3 10.82 0 0 2 
obj 19430 -2481.7 -2858.78 10.82 0 0 3 
obj 19377 -2487.04 -2844.18 12.56 0 90 93 
obj 19377 -2486.61 -2854.48 12.56 0 90 93 
obj 19387 -2481.72 -2853.89 10.82 0 0 -178 
obj 19430 -2481.77 -2856.24 10.82 0 0 3 
obj 19430 -2481.97 -2851.47 10.82 0 0 3 
obj 19430 -2487.63 -2851.8 10.82 0 0 92 
obj 19430 -2482.86 -2851.77 10.82 0 0 92 
obj 19387 -2485.26 -2851.8 10.82 0 0 -91 
obj 19430 -2489.23 -2851.86 10.82 0 0 92 
obj 19430 -2490.67 -2851.89 10.82 0 0 92 
obj 19430 -2482.75 -2854.73 10.82 0 0 92 
obj 19387 -2485.14 -2854.73 10.82 0 0 -91 
obj 19430 -2487.52 -2854.73 10.82 0 0 92 
obj 19430 -2489.12 -2854.78 10.82 0 0 92 
obj 19430 -2490.58 -2854.85 10.82 0 0 92 
obj 2563 -2488.63 -2858.6 9.09 0 0 94 
obj 2297 -2482.09 -2856.2 9.09 0 0 -132 
obj 2104 -2481.89 -2858.52 9.09 0 0 273 
obj 2229 -2481.96 -2859.18 9.09 0 0 -87 
obj 2346 -2485.98 -2857.95 9.09 0 0 91 
obj 2079 -2486.08 -2858.48 9.56 0 0 273 
obj 2079 -2485.39 -2857.23 9.56 0 0 0 
obj 2079 -2485.38 -2857.79 9.56 0 0 0 
obj 2079 -2486.13 -2856.45 9.56 0 0 91 
obj 2079 -2486.88 -2857.21 9.56 0 0 185 
obj 2079 -2486.84 -2857.78 9.56 0 0 185 
obj 2565 -2484.9 -2843.83 9.5 0 0 -88 
obj 2296 -2491.33 -2847.05 9.09 0 0 91 
obj 2311 -2487.16 -2846.71 9.09 0 0 90 
obj 1726 -2488.25 -2846.78 9.09 0 0 89 
obj 1726 -2486.11 -2844.83 9.09 0 0 -91 
obj 1727 -2487.63 -2844.01 9.09 0 0 0 
obj 1727 -2486.69 -2847.75 9.09 0 0 180 
obj 948 -2484.27 -2851.27 9.09 0 0 0 
obj 948 -2486.26 -2851.3 9.09 0 0 0 
obj 948 -2485.92 -2855.18 9.09 0 0 0 
obj 948 -2484.2 -2855.19 9.09 0 0 0 
obj 1670 -2487.17 -2845.61 9.61 0 0 0 
obj 1670 -2487.16 -2846.57 9.61 0 0 0 
obj 2002 -2483.12 -2842.72 9.09 0 0 272 
obj 1742 -2490.18 -2851.77 9.09 0 0 -176 
obj 2164 -2488.38 -2851.65 9.09 0 0 -178 
obj 1729 -2489.99 -2841.06 9.09 0 0 -178 
obj 1729 -2487.25 -2840.94 9.09 0 0 -178 
obj 1729 -2484.54 -2840.53 9.09 0 0 -178 
obj 2100 -2491.38 -2843.92 9.09 0 0 91 
obj 2100 -2491.46 -2848.8 9.09 0 0 91 
obj 2293 -2483.99 -2843.62 9.09 0 0 0 
obj 2293 -2483.74 -2848.81 9.09 0 0 0 
obj 9241 -2443.28 -2860.05 3.76 0 0 -178 
obj 19430 -2482.84 -2851.74 7.28 0 0 91 
obj 19449 -2481.69 -2854.59 7.28 0 0 3 
obj 19449 -2482.21 -2845.1 4 0 0 2 
obj 19430 -2481.63 -2856.22 10.82 0 0 3 
obj 19430 -2481.56 -2857.81 10.82 0 0 3 
obj 19430 -2481.53 -2858.88 10.82 0 0 3 
obj 19430 -2481.85 -2850.7 10.82 0 0 3 
obj 19430 -2481.83 -2851.51 10.82 0 0 3 
obj 19430 -2482.26 -2839.58 10.82 0 0 3 
