sell 10825 106.28 1636.09 37.75 85 0 178 
changeobj 1506 105.48 1635.41 36.8 0 0 0 1502
changeobj 1506 103.58 1635.41 36.8 0 0 -2 1502
changeobj 1506 103.55 1625.58 42.91 0 0 -93 1502
obj 3586 9304.27 -1748.5 -3907.76 0 0 0 
obj 3586 105.49 1666.25 20.49 0 0 0 
obj 3586 105.36 1654.84 27.11 0 0 0 
obj 3586 105.31 1641.95 33.71 0 0 0 
obj 19375 101.96 1630.67 36.75 0 89 -1 
obj 19375 112.41 1630.51 36.91 0 89 -1 
obj 19375 91.44 1630.9 36.59 0 89 -1 
obj 19375 91.27 1621.3 36.59 0 89 -1 
obj 19375 101.76 1621.1 36.73 0 89 -1 
obj 19375 112.26 1620.93 36.89 0 89 -1 
obj 19375 86.13 1621.36 41.88 0 0 -1 
obj 19375 86.23 1630.99 41.84 0 0 -1 
obj 19375 91.02 1635.64 41.96 0 0 -92 
obj 19375 98.65 1635.49 41.94 0 0 -91 
obj 19375 111.86 1635.22 41.96 0 0 -91 
obj 19374 101.63 1636.58 38.89 0 0 0 
obj 19448 106.35 1635.33 40.96 0 0 89 
obj 19448 106.35 1635.33 44.46 0 0 89 
obj 19448 106.35 1635.33 45.46 0 0 89 
obj 19448 112.92 1635.18 38.72 0 0 90 
obj 19448 112.92 1635.18 42.2 0 0 90 
obj 19448 112.92 1635.18 45.4 0 0 90 
obj 19375 117.55 1630.76 41.96 0 0 -1 
obj 19375 117.41 1621.08 41.96 0 0 -1 
obj 19375 90.85 1616.55 41.96 0 0 -90 
obj 19375 100.32 1616.46 41.96 0 0 -90 
obj 19375 109.85 1616.34 41.96 0 0 -90 
obj 19375 112.76 1616.12 41.96 0 0 -90 
obj 16151 87.32 1620.9 36.66 0 0 -183 
obj 16152 87.38 1628.14 36.62 0 0 0 
obj 1517 87.29 1625.67 37.74 0 0 0 
obj 1520 87.19 1625.91 37.6 0 0 0 
obj 1517 87.16 1628.28 37.74 0 0 0 
obj 1520 87.18 1628.08 37.6 0 0 0 
obj 1517 87.39 1630.3 37.74 0 0 0 
obj 1520 87.5 1630.61 37.61 0 0 0 
obj 1517 87.38 1632.6 37.74 0 0 0 
obj 1520 87.42 1632.92 37.58 0 0 0 
obj 955 90.22 1635.21 37.19 0 0 0 
obj 956 91.75 1635.28 37.01 0 0 0 
obj 1843 94.41 1635.08 36.76 0 0 0 
obj 1843 97.79 1635.04 36.79 0 0 0 
obj 1844 100.86 1634.93 36.81 0 0 0 
obj 1890 88.1 1634.91 36.6 0 0 0 
obj 14805 103.59 1620.54 37.71 0 0 181 
obj 2296 104.65 1616.9 36.85 0 0 183 
obj 2627 113.04 1633.02 37.01 0 0 184 
obj 2628 109.76 1632.7 37.01 0 0 0 
obj 2630 111.31 1632.91 37.01 0 0 0 
obj 1796 111.77 1619.88 37.02 0 0 -180 
obj 1796 109.25 1619.95 37.02 0 0 -180 
obj 2568 95.53 1618.63 37 0 0 0 
obj 2568 91.13 1618.67 37 0 0 0 
obj 2404 86.69 1623.37 40.09 0 0 -92 
obj 2405 86.33 1627.87 40.12 0 0 -87 
obj 1824 106.98 1626.36 36.9 0 0 0 
obj 1824 102.01 1626.36 36.9 0 0 0 
obj 1824 106.94 1629.16 36.9 0 0 0 
obj 1824 101.99 1629.05 36.9 0 0 0 
obj 1806 97.05 1619.33 36.74 0 0 -180 
obj 1806 92.54 1619.75 36.74 0 0 -180 
obj 19375 91.53 1630.93 47.08 0 90 -1 
obj 19375 102.05 1630.75 47.08 0 90 -1 
obj 19375 112.45 1630.56 47.08 0 90 -1 
obj 19375 91.38 1621.38 47.08 0 90 -1 
obj 19375 101.78 1621.36 47.08 0 90 -1 
obj 19375 112.21 1620.96 47.08 0 90 -1 
obj 19375 91.61 1630.81 42.82 0 90 -1 
obj 19375 102.06 1630.62 42.82 0 90 -1 
obj 19375 112.35 1630.45 42.82 0 90 -1 
obj 19375 91.44 1621.3 42.82 0 90 -1 
obj 19375 101.93 1621.24 42.82 0 90 -1 
obj 19375 109.98 1621.15 42.82 0 90 -1 
obj 14877 115.7 1621.21 40.8 0 0 271 
obj 1700 93.51 1620.14 42.9 0 0 178 
obj 1701 88.57 1620.08 42.9 0 0 179 
obj 1700 97.53 1620.14 42.9 0 0 178 
obj 19448 103.54 1630.33 44.64 0 0 0 
obj 19429 103.47 1623.23 44.64 0 0 0 
obj 19429 103.46 1621.62 44.64 0 0 0 
obj 19429 103.45 1620.08 44.64 0 0 0 
obj 19429 103.47 1618.49 44.64 0 0 0 
obj 19429 103.49 1617.34 44.64 0 0 0 
obj 1700 101.67 1620.03 42.9 0 0 178 
obj 2296 88.02 1635.35 42.92 0 0 0 
obj 2296 94.48 1635.13 42.92 0 0 0 
obj 2296 100.76 1634.94 42.92 0 0 0 
obj 1998 92.01 1634.01 42.91 0 0 0 
obj 1806 92.91 1634.15 42.89 0 0 0 
obj 1998 98.01 1633.79 42.91 0 0 0 
obj 1806 98.95 1634.38 42.89 0 0 0 
obj 2193 86.86 1630.76 42.9 0 0 0 
obj 1806 87.46 1631.03 42.89 0 0 0 
obj 2229 87.27 1635.59 42.92 0 0 0 
obj 2229 91.36 1635.3 42.92 0 0 0 
obj 2229 94.01 1635.57 42.92 0 0 0 
obj 2229 97.57 1635.38 42.92 0 0 0 
obj 2229 100.25 1635.33 42.92 0 0 0 
obj 2229 103.59 1634.77 42.92 0 0 0 
obj 1692 110.81 1622.31 47.97 0 0 -1 
obj 1692 92.25 1622.5 47.97 0 0 -1 
obj 1692 110.44 1631.78 47.97 0 0 -1 
obj 1692 92.61 1631.38 47.97 0 0 -1 
