sell 10825 868.06 1898.57 10.78 90 -4 -92 
changeobj 1506 877.48 1894.42 9.81 0 0 -90 1502
changeobj 1506 877.48 1911.64 11.31 0 90 -90 1502
changeobj 1506 877.48 1911.64 12.8 0 90 -90 1502
changeobj 1506 877.48 1909.14 12.8 0 90 -90 1502
changeobj 1506 877.48 1909.14 11.3 0 90 -90 1502
changeobj 1506 877.48 1906.59 12.8 0 90 -90 1502
changeobj 1506 877.48 1906.59 11.28 0 90 -90 1502
changeobj 1506 869.81 1900.03 9.81 0 0 -90 1502
changeobj 1506 869.81 1897.05 9.81 0 0 90 1502
obj 19450 877.48 1888.08 11.57 0 0 0 
obj 19450 897.28 1888.07 11.57 0 0 0 
obj 19450 877.48 1899.23 11.57 0 0 0 
obj 19450 882.2 1883.33 11.57 0 0 90 
obj 19450 891.17 1883.33 11.57 0 0 90 
obj 19450 892.55 1883.33 11.57 0 0 90 
obj 19450 897.28 1897.33 11.57 0 0 0 
obj 19450 892.55 1902.08 11.57 0 0 90 
obj 19450 883.14 1902.08 11.57 0 0 90 
obj 19450 882.27 1902.08 11.57 0 0 90 
obj 19450 888.74 1906.98 11.57 0 0 0 
obj 19450 883.95 1911.72 11.57 0 0 90 
obj 19450 882.24 1911.72 11.57 0 0 90 
obj 19313 876.8 1914.01 12.71 0 0 0 
obj 19313 890.37 1914.01 12.71 0 0 0 
obj 19313 897.41 1907.01 12.71 0 0 90 
obj 19313 897.41 1893.05 12.71 0 0 90 
obj 19313 897.41 1890.06 12.71 0 0 90 
obj 19313 890.36 1883.14 12.71 0 0 0 
obj 19313 876.78 1883.14 12.71 0 0 0 
obj 19313 869.81 1907.01 12.71 0 0 90 
obj 19313 869.81 1890.1 12.71 0 0 90 
obj 9833 865.56 1893.86 12.11 0 0 0 
obj 9833 865.56 1902.97 12.11 0 0 0 
obj 19336 883 1906.81 19.28 0 0 0 
obj 19381 882.72 1906.93 13.26 0 90 0 
obj 19381 883.6 1906.93 13.26 0 90 0 
obj 1745 896.67 1886.98 9.78 0 0 -180 
obj 1745 894.6 1886.98 9.78 0 0 -180 
obj 1745 892.56 1886.98 9.78 0 0 -180 
obj 16662 889.12 1900.45 10.07 0 0 -26.22 
obj 16782 888.74 1901.6 11.79 0 0 -90 
obj 1827 892.79 1889.27 9.76 0 0 0 
obj 1729 890.77 1889.26 9.81 0 0 90 
obj 2296 896.91 1890.09 9.82 0 0 -90 
obj 1780 878.24 1884.11 10.82 0 0 180 
obj 2514 878.89 1901.47 9.81 0 0 0 
obj 3397 896.66 1894.54 9.81 0 0 0 
obj 19381 892.12 1897.35 13.26 0 90 0 
obj 19381 882.61 1897.36 13.26 0 90 0 
obj 19381 882.61 1888.09 13.26 0 90 0 
obj 19381 892.08 1888.08 13.26 0 90 0 
obj 1697 881.18 1906.13 14.82 0 0 -180 
obj 6965 887.64 1893.61 16.98 0 0 0 
