sell 20827 -1426.7716, -559.3835, 14.1558
area -1438.6556 -530.6728 50.0
changeobj 1506 -1452.4200, -516.4000, 18.0200 0.0000, 0.0000, -334.0000 1502
changeobj 1506 -1449.5200, -514.9500, 18.0358 0.0000, 0.0000, -154.0000 1502
moveobj 8378 -1425.9004, -554.5998, 14.2784 0.0000, 0.0000, 26.5000 2 -1425.9004, -554.5998, 3.3069 0.0000, 0.0000, 26.5000 2 -1 20
//地板纹理
obj 19378 -1426.86 -549.47 13.09   0.00 90.00 26.00
material 0 5532 paynspray_lae sf_spray_floor1
obj 19378 -1417.43 -544.89 13.09   0.00 90.00 26.00
material 0 5532 paynspray_lae sf_spray_floor1
obj 19378 -1407.98 -540.31 13.09   0.00 90.00 26.00
material 0 5532 paynspray_lae sf_spray_floor1
obj 19378 -1436.28 -554.07 13.09   0.00 90.00 26.00
material 0 5532 paynspray_lae sf_spray_floor1
obj 19378 -1445.69 -558.66 13.09   0.00 90.00 26.00
material 0 5532 paynspray_lae sf_spray_floor1
obj 19378 -1448.26 -559.94 13.10   0.00 90.00 26.00
material 0 5532 paynspray_lae sf_spray_floor1
obj 19378 -1452.45 -551.28 13.10   0.00 90.00 26.00
material 0 5532 paynspray_lae sf_spray_floor1
obj 19378 -1456.66 -542.67 13.10   0.00 90.00 26.00
material 0 5532 paynspray_lae sf_spray_floor1
obj 19378 -1460.87 -534.04 13.10   0.00 90.00 26.00
material 0 5532 paynspray_lae sf_spray_floor1
obj 19378 -1465.07 -525.40 13.10   0.00 90.00 26.00
material 0 5532 paynspray_lae sf_spray_floor1
obj 19378 -1468.14 -519.15 13.14   0.00 90.00 26.00
material 0 5532 paynspray_lae sf_spray_floor1
obj 19378 -1412.23 -531.66 13.09   0.00 90.00 26.00
material 0 5532 paynspray_lae sf_spray_floor1
obj 19378 -1421.66 -536.25 13.09   0.00 90.00 26.00
material 0 5532 paynspray_lae sf_spray_floor1
obj 19378 -1431.07 -540.82 13.09   0.00 90.00 26.00
material 0 5532 paynspray_lae sf_spray_floor1
obj 19378 -1440.50 -545.42 13.09   0.00 90.00 26.00
material 0 5532 paynspray_lae sf_spray_floor1
obj 19378 -1449.91 -550.02 13.09   0.00 90.00 26.00
material 0 5532 paynspray_lae sf_spray_floor1
obj 19378 -1416.46 -523.03 13.09   0.00 90.00 26.00
material 0 5532 paynspray_lae sf_spray_floor1
obj 19378 -1420.68 -514.39 13.09   0.00 90.00 26.00
material 0 5532 paynspray_lae sf_spray_floor1
obj 19378 -1424.90 -505.76 13.09   0.00 90.00 26.00
material 0 5532 paynspray_lae sf_spray_floor1
obj 19378 -1428.55 -498.26 13.11   0.00 90.00 26.00
material 0 5532 paynspray_lae sf_spray_floor1
obj 19378 -1425.87 -527.65 13.09   0.00 90.00 26.00
material 0 5532 paynspray_lae sf_spray_floor1
obj 19378 -1435.30 -532.25 13.09   0.00 90.00 26.00
material 0 5532 paynspray_lae sf_spray_floor1
obj 19378 -1444.72 -536.86 13.09   0.00 90.00 26.00
material 0 5532 paynspray_lae sf_spray_floor1
obj 19378 -1454.15 -541.45 13.09   0.00 90.00 26.00
material 0 5532 paynspray_lae sf_spray_floor1
obj 19378 -1430.06 -519.00 13.09   0.00 90.00 26.00
material 0 5532 paynspray_lae sf_spray_floor1
obj 19378 -1439.48 -523.59 13.09   0.00 90.00 26.00
material 0 5532 paynspray_lae sf_spray_floor1
obj 19378 -1448.90 -528.19 13.09   0.00 90.00 26.00
material 0 5532 paynspray_lae sf_spray_floor1
obj 19378 -1458.32 -532.79 13.09   0.00 90.00 26.00
material 0 5532 paynspray_lae sf_spray_floor1
obj 19378 -1434.32 -510.37 13.09   0.00 90.00 26.00
material 0 5532 paynspray_lae sf_spray_floor1
obj 19378 -1443.75 -514.97 13.09   0.00 90.00 26.00
material 0 5532 paynspray_lae sf_spray_floor1
obj 19378 -1453.16 -519.58 13.09   0.00 90.00 26.00
material 0 5532 paynspray_lae sf_spray_floor1
obj 19378 -1462.60 -524.17 13.09   0.00 90.00 26.00
material 0 5532 paynspray_lae sf_spray_floor1
obj 19378 -1437.97 -502.87 13.11   0.00 90.00 26.00
material 0 5532 paynspray_lae sf_spray_floor1
obj 19378 -1447.37 -507.45 13.11   0.00 90.00 26.00
material 0 5532 paynspray_lae sf_spray_floor1
obj 19378 -1456.78 -512.04 13.11   0.00 90.00 26.00
material 0 5532 paynspray_lae sf_spray_floor1
obj 19378 -1466.20 -516.62 13.11   0.00 90.00 26.00
material 0 5532 paynspray_lae sf_spray_floor1
obj 1510 -1442.95 -504.52 18.56   0.00 0.00 0.00
material 0 5532 paynspray_lae sf_spray_floor1
obj 1485 -1443.15 -504.47 18.59   0.00 0.00 0.00
material 0 5532 paynspray_lae sf_spray_floor1
obj 1643 -1452.75 -514.37 18.03   0.00 0.00 -33.00
material 0 5532 paynspray_lae sf_spray_floor1
obj 1007 -1472.55 -523.34 13.16   -55.00 0.00 -62.00
material 0 5532 paynspray_lae sf_spray_floor1
obj 19378 -1468.53 -519.37 13.15   0.00 90.00 26.00
material 0 5532 paynspray_lae sf_spray_floor1
obj 19378 -1464.31 -528.02 13.15   0.00 90.00 26.00
material 0 5532 paynspray_lae sf_spray_floor1
obj 1215 -1444.07 -510.28 18.60   0.00 0.00 0.00
material 0 5532 paynspray_lae sf_spray_floor1
//房子内地板
obj 19379 -1442.4399 -508.8700 17.9600 0.0000 90.0000 -25.0000
material 0 4552 ammu_lan2 sunsetammu2
obj 19379 -1447.8300 -508.8600 17.9400 0.0000 90.0000 26.0000
material 0 4552 ammu_lan2 sunsetammu2
obj 19379 -1461.3500 -518.2100 17.9600 0.0000 90.0000 69.0000
material 0 4552 ammu_lan2 sunsetammu2
obj 19379 -1457.2600 -513.4600 17.9400 0.0000 90.0000 26.0000
material 0 4552 ammu_lan2 sunsetammu2
//房子内天花板
obj 19379 -1461.3500 -518.2100 21.9800 0.0000 90.0000 69.0000
material 0 4552 ammu_lan2 sunsetammu1
obj 19379 -1457.2600 -513.4600 21.9600 0.0000 90.0000 26.0000
material 0 4552 ammu_lan2 sunsetammu1
obj 19379 -1447.8300 -508.8600 21.9600 0.0000 90.0000 26.0000
material 0 4552 ammu_lan2 sunsetammu1
obj 19379 -1442.4399 -508.8700 21.9700 0.0000 90.0000 -25.0000
material 0 4552 ammu_lan2 sunsetammu1
//房子内墙
obj 19448 -1463.21 -523.02 19.69   0.00 0.00 69.00
material 0 11100 bendytunnel_sfse Bow_sub_walltiles
obj 19448 -1463.21 -522.98 20.27   0.00 0.00 69.00
material 0 11100 bendytunnel_sfse Bow_sub_walltiles
obj 19448 -1437.75 -511.03 19.69   0.00 0.00 155.00
material 0 11100 bendytunnel_sfse Bow_sub_walltiles
obj 19448 -1437.76 -511.01 20.28   0.00 0.00 155.00
material 0 11100 bendytunnel_sfse Bow_sub_walltiles
obj 19448 -1465.84 -516.76 19.69   0.00 0.00 -21.00
material 0 11100 bendytunnel_sfse Bow_sub_walltiles
obj 19448 -1465.84 -516.74 20.27   0.00 0.00 -21.00
material 0 11100 bendytunnel_sfse Bow_sub_walltiles
obj 19448 -1440.19 -504.73 19.77   0.00 0.00 65.00
material 0 11100 bendytunnel_sfse Bow_sub_walltiles
obj 19448 -1440.17 -504.75 20.28   0.00 0.00 65.00
material 0 11100 bendytunnel_sfse Bow_sub_walltiles
obj 19448 -1459.74 -510.11 19.69   0.00 0.00 -64.00
material 0 11100 bendytunnel_sfse Bow_sub_walltiles
obj 19448 -1451.15 -505.89 19.69   0.00 0.00 -64.00
material 0 11100 bendytunnel_sfse Bow_sub_walltiles
obj 19448 -1448.90 -504.78 19.69   0.00 0.00 -64.00
material 0 11100 bendytunnel_sfse Bow_sub_walltiles
obj 19448 -1448.90 -504.80 20.27   0.00 0.00 -64.00
material 0 11100 bendytunnel_sfse Bow_sub_walltiles
obj 19448 -1459.73 -510.12 20.27   0.00 0.00 -64.00
material 0 11100 bendytunnel_sfse Bow_sub_walltiles
obj 19429 -1455.72 -518.01 19.72   0.00 0.00 -64.00
material 0 11100 bendytunnel_sfse Bow_sub_walltiles
obj 19429 -1455.74 -518.02 20.15   0.00 0.00 -64.00
material 0 11100 bendytunnel_sfse Bow_sub_walltiles
obj 19429 -1454.31 -517.29 19.72   0.00 0.00 -64.00
material 0 11100 bendytunnel_sfse Bow_sub_walltiles
obj 19429 -1454.32 -517.31 20.15   0.00 0.00 -64.00
material 0 11100 bendytunnel_sfse Bow_sub_walltiles
obj 19429 -1445.93 -513.23 19.72   0.00 0.00 -64.00
material 0 11100 bendytunnel_sfse Bow_sub_walltiles
obj 19429 -1447.37 -513.93 19.72   0.00 0.00 -64.00
material 0 11100 bendytunnel_sfse Bow_sub_walltiles
obj 19429 -1448.80 -514.61 19.72   0.00 0.00 -64.00
material 0 11100 bendytunnel_sfse Bow_sub_walltiles
obj 19429 -1453.14 -516.71 19.72   0.00 0.00 -64.00
material 0 11100 bendytunnel_sfse Bow_sub_walltiles
obj 19429 -1453.13 -516.73 20.15   0.00 0.00 -64.00
material 0 11100 bendytunnel_sfse Bow_sub_walltiles
obj 19429 -1445.94 -513.21 20.14   0.00 0.00 -64.00
material 0 11100 bendytunnel_sfse Bow_sub_walltiles
obj 19429 -1447.38 -513.91 20.14   0.00 0.00 -64.00
material 0 11100 bendytunnel_sfse Bow_sub_walltiles
obj 19429 -1448.82 -514.62 20.14   0.00 0.00 -64.00
material 0 11100 bendytunnel_sfse Bow_sub_walltiles
obj 1215 -1418.58 -527.63 18.30   0.00 0.00 0.00
material 0 11100 bendytunnel_sfse Bow_sub_walltiles
obj 1485 -1443.15 -504.47 18.59   0.00 0.00 0.00
material 0 11100 bendytunnel_sfse Bow_sub_walltiles
obj 19448 -1451.14 -505.91 20.14   0.00 0.00 -64.00
material 0 11100 bendytunnel_sfse Bow_sub_walltiles
obj 19429 -1445.91 -513.23 19.72   0.00 0.00 -64.00
material 0 11100 bendytunnel_sfse Bow_sub_walltiles
obj 19429 -1446.31 -513.08 19.72   0.00 0.00 -52.00
material 0 11100 bendytunnel_sfse Bow_sub_walltiles
obj 1007 -1472.55 -523.34 13.16   -55.00 0.00 -62.00
material 0 11100 bendytunnel_sfse Bow_sub_walltiles
//其他OBJ
obj 3498 -1458.89 -512.09 14.58   47.00 0.00 25.00
obj 3498 -1448.33 -506.94 14.60   47.00 0.00 25.00
obj 12987 -1446.80 -514.33 15.40   0.00 0.00 -64.00
obj 12985 -1454.74 -518.13 15.40   0.00 0.00 -244.00
obj 19325 -1457.55 -521.52 19.95   0.00 0.00 -21.00
obj 19325 -1442.72 -513.96 19.95   0.00 0.00 65.00
obj 2169 -1404.74 -536.16 13.18   0.00 0.00 -154.00
obj 2169 -1406.49 -537.01 13.18   0.00 0.00 -154.00
obj 2169 -1408.25 -537.86 13.18   0.00 0.00 -154.00
obj 2169 -1409.50 -537.60 13.18   0.00 0.00 -244.00
obj 2169 -1410.36 -535.84 13.18   0.00 0.00 -244.00
obj 2169 -1411.21 -534.09 13.18   0.00 0.00 -244.00
obj 2169 -1412.05 -532.35 13.18   0.00 0.00 -244.00
obj 2169 -1412.92 -530.60 13.18   0.00 0.00 -244.00
obj 2169 -1412.66 -529.34 13.18   0.00 0.00 -334.00
obj 2169 -1409.93 -528.00 13.18   0.00 0.00 -334.00
obj 1502 -1411.83 -528.69 11.45   0.00 0.00 25.00
obj 2181 -1407.40 -531.01 13.00   0.00 0.00 -63.00
obj 1671 -1408.10 -531.63 13.60   0.00 0.00 55.00
obj 1716 -1413.76 -531.52 13.14   0.00 0.00 0.00
obj 1716 -1411.55 -535.98 13.14   0.00 0.00 0.00
obj 2608 -1405.94 -533.28 13.75   0.00 0.00 -64.00
obj 1846 -1405.30 -532.00 16.39   -90.00 -115.00 2.00
obj 1806 -1409.53 -534.57 13.16   0.00 0.00 105.00
obj 2190 -1410.67 -535.36 13.95   0.00 0.00 69.00
obj 7980 -1456.21 -539.60 11.74   0.00 0.00 26.00
obj 1503 -1449.44 -563.49 13.52   0.00 0.00 114.00
obj 18609 -1447.05 -562.65 14.17   0.00 0.00 -62.00
obj 1437 -1452.13 -562.31 13.19   0.00 0.00 119.00
obj 1426 -1452.69 -560.28 13.19   0.00 0.00 -63.00
obj 939 -1454.62 -556.54 15.56   0.00 0.00 -66.00
obj 1327 -1451.77 -558.67 14.01   4.00 -16.00 0.00
obj 19899 -1458.90 -549.49 13.15   0.00 0.00 27.00
obj 19900 -1459.51 -548.00 13.15   0.00 0.00 27.00
obj 19893 -1412.27 -532.08 13.97   0.00 0.00 27.00
obj 19903 -1460.23 -546.70 13.16   0.00 0.00 33.00
obj 10576 -1415.98 -524.01 17.35   0.00 0.00 27.00
obj 19458 -1415.08 -524.16 17.70   0.00 90.00 -64.00
obj 1215 -1418.58 -527.63 18.30   0.00 0.00 0.00
obj 640 -1415.85 -526.00 18.46   0.00 0.00 116.00
obj 644 -1414.86 -522.88 18.10   0.00 0.00 0.00
obj 2195 -1418.94 -526.19 18.31   0.00 0.00 0.00
obj 2253 -1408.98 -538.38 14.16   0.00 0.00 0.00
obj 1726 -1436.98 -541.01 13.09   0.00 0.00 126.00
obj 1726 -1438.57 -538.84 13.09   0.00 0.00 116.00
obj 1726 -1438.69 -536.48 13.09   0.00 0.00 26.00
obj 1726 -1436.39 -535.27 13.09   0.00 0.00 20.00
obj 1726 -1433.68 -534.83 13.09   0.00 0.00 -62.00
obj 1726 -1432.56 -537.32 13.09   0.00 0.00 -84.00
obj 1726 -1434.18 -540.38 13.09   0.00 0.00 207.00
obj 2311 -1436.29 -537.59 13.18   0.00 0.00 26.00
obj 2311 -1435.89 -538.43 13.18   0.00 0.00 26.00
obj 2251 -1435.92 -538.11 14.50   0.00 0.00 0.00
obj 2140 -1436.70 -507.02 17.97   0.00 0.00 -69.00
obj 2137 -1437.58 -506.56 17.95   0.00 0.00 -25.00
obj 2137 -1438.46 -506.20 17.95   0.00 0.00 -25.00
obj 2137 -1439.37 -505.78 17.95   0.00 0.00 -25.00
obj 2137 -1440.26 -505.35 17.95   0.00 0.00 -25.00
obj 2140 -1441.18 -505.00 17.95   0.00 0.00 -26.00
obj 1735 -1444.23 -503.59 18.05   0.00 0.00 0.00
obj 1822 -1443.20 -504.92 18.07   0.00 0.00 0.00
obj 1510 -1442.95 -504.52 18.56   0.00 0.00 0.00
obj 1485 -1443.15 -504.47 18.59   0.00 0.00 0.00
obj 1487 -1439.63 -505.49 19.18   0.00 0.00 0.00
obj 1531 -1454.37 -507.68 19.85   0.00 0.00 -65.00
obj 1726 -1455.19 -508.51 17.98   0.00 0.00 24.00
obj 2319 -1452.76 -507.42 18.02   0.00 0.00 27.00
obj 2253 -1452.47 -507.32 18.81   0.00 0.00 0.00
obj 1025 -1451.76 -506.85 19.01   2.00 -26.00 -64.00
obj 1846 -1437.11 -511.64 19.58   90.00 -77.00 -38.00
obj 2321 -1438.03 -510.37 18.04   0.00 0.00 -114.00
obj 1782 -1438.45 -511.24 18.54   0.00 0.00 62.00
obj 2229 -1437.46 -509.90 17.99   0.00 0.00 -113.00
obj 2231 -1437.24 -509.24 18.05   0.00 0.00 -114.00
obj 2231 -1439.18 -513.36 18.05   0.00 0.00 -114.00
obj 2229 -1438.88 -512.95 17.99   0.00 0.00 -113.00
obj 2225 -1439.40 -510.80 18.01   0.00 0.00 -114.00
obj 2288 -1439.66 -513.64 19.91   0.00 0.00 -115.00
obj 2289 -1437.28 -508.59 19.91   0.00 0.00 -115.00
obj 1728 -1443.90 -509.76 18.01   0.00 0.00 68.00
obj 2631 -1442.04 -509.43 18.05   0.00 0.00 65.00
obj 2145 -1467.17 -521.02 18.01   0.00 0.00 135.00
obj 2007 -1466.08 -521.23 18.04   0.00 0.00 158.00
obj 2162 -1463.39 -522.81 19.51   0.00 0.00 159.00
obj 2307 -1459.12 -522.87 18.02   0.00 0.00 159.00
obj 2199 -1461.48 -523.40 17.98   0.00 0.00 160.00
obj 1642 -1450.82 -513.16 18.03   0.00 0.00 18.00
obj 2689 -1459.71 -524.05 19.42   0.00 0.00 -201.00
obj 2383 -1460.47 -523.58 19.25   0.00 0.00 66.00
obj 2631 -1462.47 -518.54 18.04   0.00 0.00 -19.00
obj 2631 -1461.85 -516.73 18.04   0.00 0.00 -19.00
obj 2843 -1461.16 -517.53 18.12   0.00 0.00 0.00
obj 2845 -1463.49 -518.54 18.12   0.00 0.00 0.00
obj 2630 -1461.52 -516.94 18.10   0.00 0.00 0.00
obj 2259 -1465.37 -521.54 20.40   0.00 0.00 159.00
obj 19425 -1429.65 -532.32 13.09   0.00 0.00 25.00
obj 7980 -1423.30 -507.62 13.46   0.00 0.00 26.00
obj 13604 -1449.16 -518.40 12.73   0.00 0.00 23.00
obj 1000 -1471.43 -525.31 14.45   -55.00 0.00 -62.00
obj 1001 -1471.47 -525.36 14.08   -55.00 0.00 -62.00
obj 1002 -1471.43 -525.31 13.57   -55.00 0.00 -62.00
obj 1003 -1471.43 -525.31 13.16   -55.00 0.00 -62.00
obj 1007 -1472.55 -523.34 13.16   -55.00 0.00 -62.00
obj 1010 -1472.33 -523.52 14.08   -95.00 -4.00 -66.00
obj 1014 -1472.33 -523.52 14.58   -95.00 -4.00 -66.00
obj 1019 -1472.33 -523.52 12.76   -95.00 -4.00 -66.00
obj 1043 -1472.74 -522.57 13.65   -95.00 -4.00 -66.00
obj 1109 -1473.91 -520.45 14.15   0.00 0.00 118.00
obj 1126 -1473.91 -520.45 13.82   0.00 0.00 118.00
obj 1127 -1473.40 -521.83 13.77   0.00 0.00 118.00
obj 1128 -1469.24 -524.81 13.05   0.00 0.00 118.00
obj 1131 -1473.63 -518.18 13.05   0.00 0.00 118.00
obj 1140 -1471.49 -517.78 13.34   0.00 0.00 118.00
obj 1141 -1469.75 -519.39 13.35   0.00 0.00 118.00
obj 1149 -1468.61 -521.51 13.35   0.00 0.00 118.00
obj 1160 -1466.56 -523.45 13.44   0.00 0.00 284.00
obj 1231 -1459.59 -547.37 15.87   0.00 0.00 0.00
obj 1231 -1463.71 -539.31 15.87   0.00 0.00 0.00
obj 1231 -1469.19 -528.39 15.87   0.00 0.00 0.00
obj 1231 -1417.35 -512.37 15.87   0.00 0.00 0.00
obj 1231 -1421.29 -503.35 15.87   0.00 0.00 0.00
obj 1231 -1426.32 -494.55 15.87   0.00 0.00 0.00
obj 1215 -1456.66 -518.01 18.60   0.00 0.00 0.00
obj 1215 -1455.96 -508.73 18.60   0.00 0.00 0.00
obj 1215 -1444.07 -510.28 18.60   0.00 0.00 0.00
obj 1389 -1449.36 -544.30 13.24   0.00 0.00 0.00
obj 1391 -1445.42 -556.88 11.55   0.00 0.00 24.00
obj 11401 -1446.13 -555.53 21.21   0.00 0.00 28.00
obj 5126 -1456.41 -539.83 7.08   0.00 0.00 25.00
obj 14446 -1463.34 -520.73 18.59   0.00 0.00 158.00
obj 14449 -1439.65 -529.77 14.40   0.00 0.00 27.00
obj 19425 -1427.56 -536.98 13.09   0.00 0.00 25.00
obj 14449 -1421.55 -538.77 12.32   0.00 0.00 27.00
obj 14449 -1431.21 -545.94 12.32   0.00 0.00 27.00
obj 14467 -1435.82 -543.94 15.79   0.00 0.00 27.00
obj 14532 -1424.12 -533.58 14.06   0.00 0.00 -185.00
