sell 10825 -712.14 262.12 1 0 0 0 
RemoveBuildingForPlayer playerid 13378 -682.2734 238.7578 1   
RemoveBuildingForPlayer playerid 12874 -682.2734 238.7578 1   
changeobj 1506 -712.84 340.02 6.08 0 0 0 1502
changeobj 1506 -714.47 339.94 6.08 0 0 0 1502
changeobj 1506 -705.06 349.38 6.08 0 0 0 1502
changeobj 1506 -693.74 366.74 11.08 0 0 90 1502
changeobj 1506 -700.96 349.59 11.08 0 0 90 1502
changeobj 1506 -700.84 349.61 6.08 0 0 91 1502
changeobj 1506 -685.06 349.44 6.09 0 0 0 1502
changeobj 1506 -693.37 340.13 6.08 0 0 91 1502
obj 19378 -698.9 354.27 6 0 90 0 
obj 19378 -698.9 344.67 6 0 90 0 
obj 19378 -688.45 344.73 6 0 90 0 
obj 19378 -688.51 354.24 6 0 90 0 
obj 19378 -688.55 363.83 6 0 90 0 
obj 19378 -698.92 363.9 6 0 90 0 
obj 19378 -709.37 363.92 6 0 90 0 
obj 19378 -709.38 354.28 6 0 90 0 
obj 19378 -709.38 344.67 6 0 90 0 
obj 19378 -714.6 344.74 11.3 0 1 0 
obj 19378 -714.53 363.92 11.3 0 1 0 
obj 19378 -683.26 363.88 11.3 0 1 0 
obj 19378 -683.28 354.24 11.3 0 1 0 
obj 19378 -683.3 344.77 11.3 0 1 0 
obj 19378 -688.12 340.07 11.3 0 0 90 
obj 19378 -697.67 340.07 11.3 0 0 90 
obj 19378 -706.39 340.07 11.3 0 0 90 
obj 19378 -688 368.73 11.3 0 0 90 
obj 19378 -697.6 368.73 11.3 0 0 90 
obj 19378 -707.17 368.74 11.3 0 0 90 
obj 19378 -709.7 368.74 11.3 0 0 90 
obj 19378 -709.39 363.9 11 0 90 0 
obj 14507 -708.43 362.04 7.8 0 0 142 
obj 19378 -709.38 354.28 11 0 90 0 
obj 14507 -708.81 362.09 12.86 0 0 120 
obj 19378 -698.92 363.88 11 0 90 0 
obj 19378 -698.9 354.27 11 0 90 0 
obj 19378 -693.6 361.72 11.3 0 1 0 
obj 19378 -693.47 354.26 11.3 0 1 0 
obj 2573 -694.05 358.52 11 0 0 270 
obj 2576 -693.98 362.22 11.09 0 0 -90 
obj 2576 -693.97 365.18 11.09 0 0 -90 
obj 1594 -696.83 365.39 11.4 0 0 0 
obj 1594 -696.88 362.5 11.4 0 0 0 
obj 1594 -697.08 359.34 11.4 0 0 0 
obj 19378 -698.75 349.4 11.3 0 0 90 
obj 19378 -709.84 349.37 11.3 0 0 90 
obj 19458 -702.19 349.34 14.8 0 0 90 
obj 19458 -702.19 349.34 11.5 0 0 90 
obj 19458 -693.36 363.7 7.8 0 0 0 
obj 19458 -693.41 363.66 9.3 0 0 0 
obj 19378 -689.95 349.37 11.3 0 0 90 
obj 19378 -693.34 346.45 11.3 0 1 0 
obj 19458 -709.72 340.06 14.8 0 0 90 
obj 19458 -709.77 340.06 11.5 0 0 90 
obj 19458 -709.77 340.06 10.5 0 0 90 
obj 19378 -700.97 355.99 11.3 0 1 0 
obj 19378 -700.97 363.95 11.3 0 1 0 
obj 1594 -710.83 353.87 11.4 0 0 0 
obj 1594 -706.27 354.24 11.4 0 0 0 
obj 1212 -713.03 364.05 11.08 0 0 0 
obj 4322 -629.26 366.13 -50.63 0 0 0 
obj 1212 -712.93 364.4 11.08 0 0 0 
obj 1212 -711.78 364.44 11.08 0 0 0 
obj 1212 -712.87 363.91 11.08 0 0 0 
obj 1212 -713.13 363.44 11.08 0 0 0 
obj 1212 -713.63 364.14 11.08 0 0 0 
obj 1212 -713.82 363.69 11.08 0 0 0 
obj 1550 -702.58 367.78 11.49 0 0 0 
obj 1550 -702.04 367.18 11.49 0 0 0 
obj 1550 -702.75 367.22 11.49 0 0 0 
obj 1550 -702.82 358.58 11.49 0 0 0 
obj 19458 -700.91 355.98 10.4 0 0 0 
obj 1889 -701.15 352.97 5.89 0 0 91 
obj 1889 -701.18 356.08 5.89 0 0 91 
obj 19378 -714.61 354.35 11.3 0 1 0 
obj 19378 -714.61 354.35 11.3 0 1 0 
obj 2443 -714.27 354.07 5.93 0 0 90 
obj 2443 -714.27 352.58 5.93 0 0 90 
obj 2443 -714.29 355.56 5.93 0 0 90 
obj 16151 -694.82 362.49 6.65 0 0 0 
obj 1822 -698.18 359.47 6.19 0 0 0 
obj 1822 -698.41 361.89 6.19 0 0 0 
obj 1822 -698.51 364.52 6.19 0 0 0 
obj 1822 -700.6 363.52 6.19 0 0 0 
obj 1822 -697.93 356.71 6.19 0 0 0 
obj 1822 -700.63 360.86 6.19 0 0 0 
obj 18077 -701.15 361.28 6.6 0 0 0 
obj 1822 -700.84 359.11 6.19 0 0 0 
obj 1822 -699.6 356.98 6.19 0 0 0 
obj 2763 -695.18 353.05 6.48 0 0 0 
obj 2763 -695.19 350.88 6.48 0 0 0 
obj 2763 -697.62 350.85 6.48 0 0 0 
obj 2763 -697.79 353.15 6.48 0 0 0 
obj 2788 -695.97 352.94 6.49 0 0 185 
obj 2788 -696.03 350.65 6.49 0 0 185 
obj 2788 -698.73 350.5 6.49 0 0 185 
obj 2788 -698.83 353.01 6.49 0 0 185 
obj 2222 -695.13 353 6.98 0 0 0 
obj 2222 -695.16 350.88 6.98 0 0 0 
obj 2222 -697.63 350.72 6.98 0 0 0 
obj 2222 -697.76 353.14 6.98 0 0 0 
obj 19378 -709.39 363.92 15 0 90 0 
obj 19378 -706.12 364.18 15 0 90 0 
obj 19378 -706.11 354.74 15 0 90 0 
obj 19378 -709.17 354.34 15 0 90 0 
obj 19378 -695.47 363.89 16.6 0 90 0 
obj 19378 -695.45 354.38 16.6 0 90 0 
obj 19378 -688.52 363.85 16.6 0 90 0 
obj 19378 -688.56 354.3 16.6 0 90 0 
obj 1824 -687.59 342.7 6.59 0 0 0 
obj 1824 -687.55 346.24 6.59 0 0 0 
obj 1715 -686.94 344.23 6.19 0 0 0 
obj 1715 -688.4 344.16 6.19 0 0 24 
obj 1715 -686.98 341.28 6.19 0 0 164 
obj 1715 -688.87 340.84 6.19 0 0 114 
obj 1715 -688.91 344.83 6.19 0 0 114 
obj 1715 -686.41 344.75 6.19 0 0 193 
obj 1715 -690.39 346.34 6.19 0 0 114 
obj 1715 -685.04 345.96 6.19 0 0 229 
obj 19378 -688.39 344.83 16.6 0 90 0 
obj 19458 -694.99 341.77 16.5 0 90 90 
obj 19458 -693.42 344.78 11.5 0 0 0 
obj 12839 -697.18 345.7 14.07 0 0 90 
obj 19378 -709.35 344.8 16.6 0 90 0 
obj 19378 -702.16 344.93 16.6 0 90 0 
obj 12874 -682.28 238.75 1.26 0 0 181.48 
obj 19458 -693.42 344.78 14.5 0 0 0 
obj 19458 -695.17 347.98 16.5 0 90 90 
obj 19381 -709.28 354.52 15.07 0 91 0 
obj 19381 -709.24 363.85 15.07 0 91 0 
obj 19381 -704.48 363.79 15.07 0 91 0 
obj 19381 -705.12 354.3 15.07 0 91 0 
obj 16151 -702.04 363.16 15.33 0 0 0 
obj 16152 -712.89 353.32 15.21 0 0 0 
obj 1819 -711.21 364.42 15.16 0 0 0 
obj 1819 -708.68 364.28 15.16 0 0 0 
obj 1819 -706.72 364.25 15.16 0 0 0 
obj 1819 -713.42 364.59 15.16 0 0 0 
obj 1819 -713.49 366.9 15.16 0 0 0 
obj 1819 -711.44 367.01 15.16 0 0 0 
obj 1819 -709 366.98 15.16 0 0 0 
obj 1819 -707.02 366.81 15.16 0 0 0 
obj 1819 -707.69 362 15.16 0 0 0 
obj 1819 -712.02 362.05 15.16 0 0 0 
obj 1645 -707.05 356.25 15.47 0 0 0 
obj 1645 -708.05 356.21 15.47 0 0 0 
obj 1645 -709.11 356.24 15.47 0 0 0 
obj 1645 -706.04 356.26 15.47 0 0 0 
obj 1645 -705.1 356.28 15.47 0 0 0 
obj 1645 -704.09 356.28 15.47 0 0 0 
obj 1645 -702.75 356.24 15.47 0 0 0 
obj 1645 -710.32 356.25 15.47 0 0 0 
obj 1716 -712.75 366.83 15.2 0 0 0 
obj 1716 -712.72 368.75 15.2 0 0 0 
obj 1716 -712.69 366.33 15.2 0 0 0 
obj 1716 -712.73 364.45 15.2 0 0 0 
obj 1716 -710.47 364.34 15.2 0 0 0 
obj 1716 -710.38 366.2 15.2 0 0 0 
obj 1716 -710.49 366.96 15.2 0 0 0 
obj 1716 -710.64 368.68 15.2 0 0 0 
obj 1716 -711.24 363.89 15.2 0 0 0 
obj 1716 -711.18 362.03 15.2 0 0 0 
obj 1716 -707.74 364.14 15.2 0 0 0 
obj 1716 -707.74 366.03 15.2 0 0 0 
obj 1716 -708.12 366.94 15.2 0 0 0 
obj 1716 -708.24 368.65 15.2 0 0 0 
obj 1716 -706.18 366.82 15.2 0 0 0 
obj 1716 -706.03 366.04 15.2 0 0 0 
obj 1716 -706.24 368.59 15.2 0 0 0 
obj 1716 -705.78 364.15 15.2 0 0 0 
obj 1716 -706.91 363.7 15.2 0 0 0 
obj 1716 -706.77 362.05 15.2 0 0 0 
obj 1608 -717.3 358.01 11.22 40 84 185 
obj 12839 -704.79 345.68 8.07 0 0 90 
obj 2627 -691.12 353.31 6.08 0 0 91 
obj 2627 -691.15 354.43 6.08 0 0 91 
obj 2627 -691.22 355.69 6.08 0 0 91 
obj 2627 -691.25 357.03 6.08 0 0 91 
obj 2627 -691.21 358.33 6.08 0 0 91 
obj 2627 -691.2 359.61 6.08 0 0 91 
obj 2627 -691.2 351.95 6.08 0 0 91 
obj 2681 -683.9 353.9 6.08 0 0 -91 
obj 2681 -683.89 354.7 6.08 0 0 -91 
obj 2681 -683.87 355.46 6.08 0 0 -91 
obj 2681 -683.9 356.25 6.08 0 0 -91 
obj 2785 -683.92 360.93 6.09 0 0 271 
obj 3743 -687.18 366.91 8.09 0 0 265 
obj 19458 -688.02 349.44 15.3 0 0 91 
obj 19458 -688.02 349.44 12.3 0 0 91 
obj 19458 -688.02 349.44 10.3 0 0 91 
obj 12990 -712.42 278.79 1 0 0 0 
obj 12990 -712.39 308.35 0.4 0 0 0 
obj 12990 -712.33 325.56 1.02 20 0 0 
