sell 10825 -53.11 -553.41 3.42 90 0 182 
changeobj 1506 -53.88 -554.4 2.44 0 0 1 1502
changeobj 1506 -39.3 -566.94 2.43 0 0 -180 1502
changeobj 1506 -42.75 -567.06 5.99 0 0 -181 1502
obj 17068 -39.89 -590.3 0.8 3 0 1 
obj 19451 -58.69 -554.35 4.25 0 0 -90 
obj 19452 -47.9 -552.62 2.41 0 90 0 
obj 19452 -51.39 -552.62 2.41 0 90 0 
obj 19452 -54.88 -552.63 2.41 0 90 0 
obj 19452 -58.38 -552.63 2.41 0 90 0 
obj 19452 -58.34 -562.23 2.41 0 90 0 
obj 19452 -54.87 -562.24 2.41 0 90 0 
obj 19452 -51.38 -562.25 2.41 0 90 0 
obj 19452 -47.89 -562.24 2.41 0 90 0 
obj 19452 -44.4 -562.23 2.41 0 90 0 
obj 19452 -44.41 -552.62 2.41 0 90 0 
obj 19452 -40.93 -562.24 2.41 0 90 0 
obj 19452 -40.91 -552.63 2.41 0 90 0 
obj 19452 -40.93 -571.85 2.41 0 90 0 
obj 19452 -61.82 -562.23 2.41 0 90 0 
obj 19452 -61.81 -552.6 2.41 0 90 0 
obj 19452 -44.41 -571.83 2.41 0 90 0 
obj 19452 -47.9 -571.84 2.41 0 90 0 
obj 19456 -39.17 -552.77 0.61 0 0 0 
obj 19456 -39.19 -562.37 0.61 0 0 0 
obj 19456 -39.2 -571.87 0.61 0 0 0 
obj 19456 -39.2 -571.87 -2.85 0 0 0 
obj 19451 -47.54 -554.36 4.25 0 0 -90 
obj 19325 -42.54 -554.39 3.93 0 0 90 
obj 19325 -39.24 -557.71 3.93 0 0 180 
obj 19325 -63.43 -557.63 3.93 0 0 180 
obj 19451 -63.41 -562.22 4.25 0 0 -180 
obj 19451 -39.24 -562.2 4.25 0 0 -180 
obj 19458 -47.02 -556.24 4.15 -21 90 91 
obj 2296 -63.09 -560.94 2.45 0 0 90 
obj 1702 -59.73 -558.97 2.47 0 0 -90 
obj 19325 -60 -566.94 3.93 0 0 90 
obj 19325 -53.36 -566.94 3.93 0 0 90 
obj 19451 -45.61 -566.97 4.25 0 0 -90 
obj 1702 -53.48 -563.23 2.47 0 0 0 
obj 2299 -56.94 -557.92 2.47 0 0 0 
obj 2627 -59.12 -555.41 2.48 0 0 0 
obj 2633 -47.12 -568.3 4.38 0 0 1 
obj 2635 -45.98 -563.05 2.89 0 0 0 
obj 2630 -62.59 -562.27 2.48 0 0 -91 
obj 14780 -56.95 -557.71 6.81 0 0 0 
obj 2636 -45.14 -563.09 3.13 0 0 0 
obj 2636 -46.89 -563.09 3.13 0 0 184 
obj 970 -45.41 -557.78 5.43 0 -21 1 
obj 19452 -40.92 -559.19 5.87 0 90 0 
obj 19452 -44.42 -562.62 5.87 0 90 0 
obj 19452 -47.91 -562.62 5.87 0 90 0 
obj 19452 -51.39 -562.64 5.87 0 90 0 
obj 19452 -54.9 -559.17 5.87 0 90 0 
obj 19452 -58.39 -559.19 5.87 0 90 0 
obj 19452 -61.87 -559.18 5.87 0 90 0 
obj 19433 -54.85 -564.78 5.87 0 90 0 
obj 19433 -54.84 -566.36 5.87 0 90 0 
obj 19433 -58.33 -566.37 5.87 0 90 0 
obj 19433 -58.33 -564.77 5.87 0 90 0 
obj 19433 -61.8 -564.77 5.87 0 90 0 
obj 19433 -61.84 -566.37 5.87 0 90 0 
obj 19451 -58.72 -554.34 7.73 0 0 -90 
obj 19433 -40.92 -564.8 5.87 0 90 0 
obj 19433 -40.91 -566.4 5.87 0 90 0 
obj 19325 -52.66 -554.39 7.45 0 0 90 
obj 19325 -46.03 -554.38 7.45 0 0 90 
obj 19428 -41.9 -554.41 7.72 0 0 89 
obj 19428 -40.31 -554.43 7.72 0 0 89 
obj 19451 -39.43 -562.37 7.73 0 0 0 
obj 2633 -42.96 -568.19 4.38 0 0 -179 
obj 19428 -39.39 -555.15 7.72 0 0 0 
obj 19428 -39.4 -556.75 7.72 0 0 0 
obj 19428 -40.33 -567.09 7.72 0 0 89 
obj 8614 -45.11 -570.3 4.76 0 0 0 
obj 19428 -41.93 -567.06 7.72 0 0 89 
obj 19451 -49.1 -567.06 7.73 0 0 -90 
obj 19325 -57.21 -567.1 7.85 0 0 90 
obj 19428 -61.19 -567.07 7.72 0 0 89 
obj 19428 -62.8 -567.04 7.72 0 0 89 
obj 970 -51.06 -557.95 6.47 0 0 0 
obj 970 -46.89 -557.93 6.47 0 0 0 
obj 970 -44.8 -557.9 6.47 0 0 0 
obj 970 -53.12 -556.45 6.47 0 0 -90 
obj 964 -53.01 -558.63 5.94 0 0 0 
obj 19428 -40.03 -578.32 1.86 0 109 -90 
obj 970 -42.88 -576.62 3.03 0 0 0 
obj 970 -47.01 -576.64 3.03 0 0 0 
obj 970 -49.07 -574.56 3.03 0 0 90 
obj 970 -49.06 -570.4 3.03 0 0 90 
obj 970 -49.06 -569.13 3.03 0 0 90 
obj 970 -39.25 -574.55 3.03 0 0 90 
obj 970 -39.25 -570.38 3.03 0 0 90 
obj 970 -39.25 -566.24 3.03 0 0 90 
obj 1645 -48.12 -574 2.6 0 0 0 
obj 1645 -46.98 -573.96 2.6 0 0 0 
obj 1432 -44.02 -575.33 2.55 0 0 0 
obj 1432 -41.82 -572.63 2.55 0 0 -50 
obj 19325 -63.45 -563.64 7.85 0 0 180 
obj 19444 -63.5 -555.08 7.73 0 0 0 
obj 19444 -63.49 -556.68 7.73 0 0 0 
obj 19444 -63.48 -558.28 7.73 0 0 0 
obj 19444 -63.47 -559.87 7.73 0 0 0 
obj 19425 -39.52 -552.73 2.48 0 0 90 
obj 19425 -39.52 -549.5 2.48 0 0 90 
obj 19425 -41.19 -551.15 2.48 0 0 0 
obj 19425 -44.36 -551.13 2.48 0 0 0 
obj 19425 -46.06 -552.66 2.48 0 0 90 
obj 19425 -46.08 -549.46 2.48 0 0 90 
obj 19428 -42.84 -555.27 3.99 0 0 0 
obj 19428 -42.82 -556.87 3.99 0 0 0 
obj 19428 -43.53 -557.75 4.03 0 0 -90 
obj 2517 -43.62 -555.89 2.49 0 0 0 
obj 2519 -46.64 -554.89 2.48 0 0 0 
obj 2515 -43.18 -557.11 3.39 0 0 -87 
obj 1502 -45.85 -557.79 2.41 0 0 1 
obj 2514 -46.8 -555.96 2.46 0 0 88 
obj 19428 -46.65 -557.78 4.03 0 0 -90 
obj 19428 -48.23 -557.79 4.03 0 0 -90 
obj 19428 -49.84 -557.79 4.03 0 0 -90 
obj 1702 -62.86 -556.67 5.93 0 0 91 
obj 1702 -62.84 -558.78 5.93 0 0 91 
obj 1702 -62.82 -560.89 5.93 0 0 91 
obj 2228 -57.65 -574.39 1.17 0 0 -69 
obj 2220 -44.02 -575.54 3.23 -25 23 -9 
obj 2219 -41.89 -572.89 3.23 -25 23 -9 
obj 2499 -48.59 -576.17 3.47 0 0 -43 
obj 2512 -47.51 -559.45 6.74 0 0 0 
obj 2299 -42.99 -565.38 5.95 0 0 -91 
obj 2172 -40 -561.37 5.85 0 0 -90 
obj 1663 -40.88 -561.81 6.4 0 0 86 
obj 2186 -41.43 -560.5 5.94 0 0 0 
obj 2254 -50.1 -566.94 7.94 0 0 -180 
obj 1828 -53.14 -556.52 2.49 0 0 -89 
obj 2306 -51.76 -565.47 5.96 0 0 182 
obj 19418 -51.66 -566.46 6.97 90 0 0 
obj 2314 -46.95 -566.57 5.96 0 0 179 
obj 2332 -39.9 -563.31 6.37 0 0 -91 
obj 1829 -40.24 -564.25 6.43 0 0 -91 
obj 19451 -58.73 -556 9.53 0 90 -90 
obj 19451 -58.75 -559.5 9.53 0 90 -90 
obj 19451 -58.81 -562.99 9.53 0 90 -90 
obj 19451 -58.81 -566.48 9.53 0 90 -90 
obj 19451 -49.19 -566.48 9.53 0 90 -90 
obj 19451 -49.18 -563 9.53 0 90 -90 
obj 19451 -49.18 -559.51 9.53 0 90 -90 
obj 19451 -49.09 -556.02 9.53 0 90 -90 
obj 19451 -39.44 -556.07 9.53 0 90 -90 
obj 19451 -39.54 -559.48 9.53 0 90 -90 
obj 19451 -39.53 -562.99 9.53 0 90 -90 
obj 19451 -39.61 -566.42 9.53 0 90 -90 
obj 2314 -48.34 -560.4 5.96 0 0 0 
obj 2314 -46.8 -559.55 5.96 0 0 179 
obj 2510 -51.19 -560.67 6.73 0 0 0 
obj 2314 -52.01 -560.59 5.96 0 0 0 
obj 2314 -50.47 -559.74 5.96 0 0 179 
obj 19456 -49.01 -571.74 0.61 0 0 0 
obj 19456 -44.1 -576.6 0.61 0 0 90 
obj 19456 -44.1 -576.6 -2.85 0 0 90 
obj 19456 -53.89 -566.96 0.61 0 0 90 
obj 19456 -58.73 -566.95 0.61 0 0 90 
obj 19456 -63.49 -562.04 0.61 0 0 0 
obj 1432 -41.11 -556.7 2.48 0 0 0 
obj 2606 -46.18 -566.55 4.48 0 0 180 
obj 2576 -60.27 -566.59 5.91 0 0 181 
obj 2608 -47.79 -566.59 7.12 0 0 -181 
obj 2533 -47.95 -566.38 2.49 0 0 -180 
obj 2543 -47.95 -566.44 2.49 0 0 -180 
obj 2534 -44.57 -566.38 2.49 0 0 -180 
obj 2541 -44.59 -566.38 2.49 0 0 -180 
obj 2533 -48.52 -571.61 2.47 0 0 0 
obj 2543 -48.53 -571.63 2.47 0 0 0 
obj 2529 -47.53 -571.56 2.49 0 0 0 
obj 2541 -47.55 -571.56 2.49 0 0 0 
obj 643 -57.01 -563.52 6.39 0 0 0 
obj 1670 -57.08 -563.48 6.81 0 0 0 
obj 2164 -63.28 -566.37 2.48 0 0 90 
obj 1775 -46.46 -571.59 3.6 0 0 0 
obj 1302 -45.28 -571.44 2.46 0 0 0 
obj 1210 -51.69 -566.75 7.11 0 0 0 
obj 1550 -39.88 -563.34 7.24 0 0 0 
obj 2241 -53.11 -558.52 7.37 0 0 0 
obj 1223 -38.89 -601.14 0.32 0 0 178 
obj 1223 -39.03 -592.17 0.78 0 0 178 
obj 1223 -39.24 -582.37 1.22 0 0 178 
obj 1223 -39.25 -567.7 0.78 0 0 178 
obj 2485 -58.34 -574.66 0.78 25 -5 82 
obj 2484 -41.19 -556.72 3.91 0 0 0 
obj 2237 -58.7 -573.87 2.12 0 0 142 
obj 2375 -39.29 -557.59 5.85 0 0 -90 
obj 3407 -54.34 -553.91 2.44 0 0 178 
obj 1417 -39.65 -561.21 2.77 0 0 272 
obj 1742 -39.22 -563.45 2.49 0 0 -90 
obj 3811 -48.51 -568.35 2.88 0 0 0 
obj 2010 -48.5 -570.31 2.46 0 0 0 
obj 2253 -47.97 -569.75 2.74 0 0 0 
obj 2811 -47.55 -570.51 2.44 0 0 0 
obj 1360 -46.99 -567.68 2.65 0 0 92 
obj 16375 -34.86 -572.85 9.65 0 0 0 
obj 16375 -20.23 -572.9 9.65 0 0 0 
obj 1568 -34.83 -554.54 9.59 0 0 0 
obj 1568 -35.12 -567.92 9.59 0 0 0 
obj 1568 -50.12 -568.03 9.59 0 0 0 
obj 1568 -49.98 -554.5 9.59 0 0 0 
obj 1568 -63.34 -554.46 9.59 0 0 0 
obj 1568 -63.35 -567.96 9.59 0 0 0 
obj 3361 -36.34 -551.19 7.53 0 0 90 
obj 3361 -40.18 -546.84 3.55 0 0 179 
CreateVehicle 563 -42.2804 -559.5339 11.3113 0 -1 -1 
CreateVehicle 469 -56.9671 -562.2634 10.5945 0 -1 -1 
