sell 10825 -2912.5 -817.64 8.34 74 1 272 
changeobj 1506 -2910.64 -817.03 7.31 0 0 267.31 1502
obj 19448 -2906.56 -817.02 8.96 0 0 268.54 
obj 19448 -2905.95 -825.26 9 0 0 268.64 
obj 19325 -2901.63 -820.39 9.13 0 0 359.35 
obj 19325 -2910.6 -821.82 8.93 0 0 0 
obj 2000 -2909.06 -812.76 2.69 0 0 0 
obj 1341 -2911.85 -814.85 8.23 0 0 273.1 
obj 19325 -2901.64 -821.93 9.02 0 0 359.65 
obj 2565 -2907.58 -819.61 7.89 0 0 358.27 
obj 2198 -2909.81 -823.4 7 0 0 0.62 
obj 1671 -2909.07 -824.35 7.86 0 0 179.86 
obj 1726 -2908.24 -824.56 7 0 0 90.54 
obj 2296 -2902.06 -822.46 7 0 0 269.98 
obj 19448 -2903.44 -821.98 10.67 0 89 0 
obj 19448 -2906.87 -821.81 10.67 0 89 360 
obj 19448 -2909.07 -821.79 10.69 0 88 360 
