sell 10825 1042.8 -631.56 120.2 90 2 184.28 
RemoveBuildingForPlayer playerid 710 1055.6797 -656.4688 134   
RemoveBuildingForPlayer playerid 3731 1046.0234 -647.8516 121   
RemoveBuildingForPlayer playerid 3598 1046.0234 -647.8516 121   
changeobj 1506 1045.13 -639.92 119.18 0 0 184.45 1502
changeobj 1506 1042.12 -640.18 119.18 0 0 4.47 1502
changeobj 1506 1057.32 -639.54 122.55 0 0 276.91 1502
changeobj 1506 1034.99 -655.73 122.62 0 0 4.86 1502
changeobj 1506 1036.23 -702.33 120.29 0 0 7.25 1502
changeobj 1506 1039.22 -701.93 120.29 0 0 186.72 1502
changeobj 1506 1036.17 -702.18 123.88 0 0 6.23 1502
changeobj 1506 1039.17 -701.86 123.9 0 0 185.38 1502
obj 19454 1041.56 -652.4 119.11 0 90 275.57 
obj 19454 1041.23 -648.95 119.11 0 90 275.57 
obj 19454 1050.76 -648.03 119.11 0 90 275.57 
obj 19454 1054.57 -651.16 122.63 0 90 275.57 
obj 19454 1050.43 -644.57 119.11 0 90 275.57 
obj 19454 1040.87 -645.51 119.11 0 90 275.57 
obj 19454 1040.56 -642.04 119.11 0 90 275.57 
obj 19454 1050.12 -641.12 119.11 0 90 275.57 
obj 19454 1057.34 -647.83 119.11 0 90 185.5 
obj 19454 1034.74 -650.03 119.11 0 90 185.5 
obj 19454 1058.97 -647.68 120.89 0 0 5.51 
obj 19454 1033.09 -650.2 120.91 0 0 5.51 
obj 19454 1054.68 -652.79 120.91 0 0 95.68 
obj 19454 1045.15 -653.73 120.91 0 0 95.68 
obj 19458 1038.23 -654.46 120.9 0 0 96.17 
obj 19458 1049.89 -639.48 120.9 0 0 95.66 
obj 19373 1056.73 -641.56 119.09 0 90 5.24 
obj 19458 1053.6 -640.76 119.07 0 90 95.59 
obj 19373 1034.14 -643.63 119.09 0 90 5.24 
obj 19458 1037.11 -642.38 119.07 0 90 95.29 
obj 19325 1054.89 -638.93 120.56 0 0 96.07 
obj 19325 1032.47 -644.41 120.6 0 0 5.55 
obj 19325 1058.47 -641.88 120.58 0 0 5.52 
obj 19325 1038.82 -640.48 120.66 0 0 275.57 
obj 19458 1033.89 -641.02 117.89 90 178 97.2 
obj 14535 1056.13 -648.28 121.15 0 0 4.93 
obj 19454 1053.28 -648.17 120.89 0 0 5.51 
obj 970 1056.41 -643.07 119.71 0 0 5.42 
obj 970 1054.12 -641.22 119.71 0 0 276.24 
obj 651 1057.36 -639.49 118.87 0 0 194.89 
obj 632 1056.36 -639.92 119.6 0 0 0 
obj 632 1058.13 -641.98 119.6 0 0 0 
obj 632 1055.84 -642.72 119.6 0 0 305.72 
obj 19443 1050.33 -652.46 120.63 0 0 6.38 
obj 19466 1049.2 -653.02 121.42 0 0 276.56 
obj 19466 1049.2 -652.86 121.42 0 0 276.56 
obj 19443 1049.17 -652.59 120.02 0 90 5 
obj 19466 1049.2 -652.64 121.42 0 0 276.56 
obj 19443 1048.05 -652.71 120.63 0 0 6.38 
obj 19443 1047.55 -652.71 118.31 0 0 6.38 
obj 19443 1050.83 -652.44 118.32 0 0 6.38 
obj 19443 1049.17 -652.59 122.39 0 90 5 
obj 2313 1049.87 -652.68 119.96 0 0 186.41 
obj 2229 1050.32 -652.2 120.11 0 0 185.12 
obj 2229 1047.34 -652.5 120.11 0 0 185.12 
obj 1893 1057.29 -648.18 122.66 0 0 5.98 
obj 1893 1054.2 -648.02 122.58 0 0 5.98 
obj 1893 1054.58 -645.04 122.52 0 0 5.98 
obj 1893 1052.08 -649.37 122.62 0 0 274.41 
obj 1893 1046.58 -650.08 122.62 0 0 274.41 
obj 1728 1049.67 -648.39 119.19 0 0 5.31 
obj 1728 1045.32 -648.86 119.19 0 0 4.56 
obj 14455 1053.29 -650.61 120.86 0 0 94.48 
obj 2644 1050.4 -650.17 119.59 0 0 0 
obj 2644 1047.65 -650.24 119.59 0 0 0 
obj 2858 1050.39 -650.16 120.01 0 0 0 
obj 2821 1047.55 -650.24 120.01 0 0 0 
obj 19454 1048.11 -643.89 120.89 0 0 276.21 
obj 1491 1041.81 -644.54 119.23 0 0 6.28 
obj 19454 1042.19 -649.29 120.89 0 0 5.51 
obj 2608 1050.9 -643.9 120 0 0 4.89 
obj 2608 1048.53 -644.27 119.98 0 0 4.89 
obj 2172 1045.18 -653.16 119.18 0 0 185.69 
obj 1728 1049.55 -646.37 119.19 0 0 5.31 
obj 1728 1045.46 -646.6 119.19 0 0 5.31 
obj 2164 1042.53 -651.88 120.32 0 0 95.49 
obj 2164 1042.2 -648.46 120.36 0 0 95.49 
obj 1893 1046.29 -646.61 122.62 0 0 274.41 
obj 1893 1050.63 -645.48 122.62 0 0 274.41 
obj 2788 1044.5 -651.99 119.7 0 0 97.37 
obj 1745 1035.31 -651.18 119.04 0 0 185.95 
obj 1745 1038.39 -650.85 119.06 0 0 185.95 
obj 1745 1041.24 -650.51 119 0 0 185.95 
obj 19454 1051.11 -651.49 119.11 0 90 275.57 
obj 19454 1054.24 -647.68 122.63 0 90 275.57 
obj 970 1034.72 -645.04 119.73 0 0 5.49 
obj 970 1036.64 -642.8 119.73 0 0 94.04 
obj 632 1035.56 -641.94 119.44 0 0 0 
obj 651 1033.59 -643.1 118.83 0 0 0 
obj 19433 1040.87 -645.06 120.9 0 0 274.29 
obj 19433 1039.31 -645.2 120.9 0 0 274.29 
obj 19433 1041.17 -648.24 120.9 0 0 274.29 
obj 19433 1039.59 -648.37 120.9 0 0 274.29 
obj 19433 1036.7 -648.6 120.9 0 0 274.29 
obj 19433 1038.01 -648.5 120.9 0 0 274.29 
obj 1491 1033.06 -648.86 119.17 0 0 3.79 
obj 19433 1035.24 -648.72 120.9 0 0 274.29 
obj 2525 1041.24 -645.59 119.19 0 0 4.54 
obj 2525 1039.86 -645.65 119.19 0 0 4.54 
obj 2525 1041.42 -647.68 119.19 0 0 183.17 
obj 2525 1040.22 -647.72 119.19 0 0 184 
obj 2523 1041.32 -646.32 119.2 0 0 277.82 
obj 19433 1038.75 -647.56 120.9 0 0 186.44 
obj 1491 1038.68 -646.79 119.21 0 0 96.12 
obj 2297 1039.03 -648.72 119.19 0 0 319.63 
obj 2164 1042.11 -649.75 120.36 0 0 276.34 
obj 2164 1033.36 -651.91 120.36 0 0 93.45 
obj 2297 1036.36 -648.98 119.19 0 0 319.63 
obj 14455 1047.05 -643.76 120.86 0 0 6.21 
obj 14455 1051.6 -639.5 120.86 0 0 186.22 
obj 1893 1050.38 -640.72 122.62 0 0 274.41 
obj 1893 1045.56 -641.45 122.62 0 0 274.41 
obj 1893 1041.08 -641.72 122.62 0 0 274.41 
obj 1893 1035.7 -645.55 122.62 0 0 274.41 
obj 1893 1039.89 -651.11 122.62 0 0 274.41 
obj 1893 1036.65 -651.74 122.62 0 0 274.41 
obj 1726 1037.89 -641.05 119.19 0 0 276.46 
obj 1726 1035.96 -646.26 119.08 0 0 185.01 
obj 19454 1045 -652.08 122.63 0 90 275.57 
obj 19454 1044.72 -648.68 122.63 0 90 275.57 
obj 19454 1053.88 -644.21 122.63 0 90 275.57 
obj 19454 1053.56 -640.82 122.63 0 90 275.57 
obj 19454 1044.31 -645.22 122.63 0 90 275.57 
obj 19454 1044.01 -641.74 122.63 0 90 275.57 
obj 19454 1034.38 -645.78 122.63 0 90 5.9 
obj 632 1035.92 -644.26 119.44 0 0 0 
obj 19454 1037.84 -645.41 122.63 0 90 5.9 
obj 19458 1038.06 -651.96 122.62 0 90 95.45 
obj 19454 1038.15 -652.72 122.63 0 90 275.57 
obj 1231 1060.83 -635.68 121.79 0 0 0 
obj 1231 1031.57 -640.71 121.79 0 0 0 
obj 12839 1054.52 -638.41 119.99 0 0 276.63 
obj 14791 1044.23 -647 124.77 0 0 4.61 
obj 970 1056.13 -638.82 123.25 0 0 5.43 
obj 970 1047.94 -639.64 123.25 0 0 5.43 
obj 970 1043.89 -640.03 123.25 0 0 5.43 
obj 970 1039.82 -640.42 123.25 0 0 5.43 
obj 970 1035.69 -640.83 123.25 0 0 5.43 
obj 970 1034.19 -640.97 123.25 0 0 5.43 
obj 970 1032.39 -643.31 123.25 0 0 276.86 
obj 970 1032.85 -647.3 123.25 0 0 276.03 
obj 970 1033.23 -651.21 123.25 0 0 274.98 
obj 970 1033.38 -652.87 123.25 0 0 274.98 
obj 970 1054.1 -639.03 123.25 0 0 5.43 
obj 2627 1033.53 -642.45 122.71 0 0 4.03 
obj 2627 1035.86 -642.25 122.71 0 0 4.03 
obj 1728 1040.46 -641.76 122.71 0 0 185.03 
obj 1728 1044.3 -641.4 122.71 0 0 184.13 
obj 1231 1033.5 -649.93 125.45 0 0 0 
obj 1231 1052.67 -640.16 125.45 0 0 0 
obj 1231 1056.31 -652.25 125.45 0 0 0 
obj 1231 1033.67 -644.17 125.45 0 0 0 
obj 2259 1045.13 -644.83 120.83 0 0 0 
obj 2259 1049.19 -644.42 120.83 0 0 0 
obj 2644 1043.37 -647.48 119.6 0 0 0 
obj 2828 1043.4 -647.77 120.03 0 0 314.43 
obj 2828 1043.39 -647.21 120.03 0 0 201.12 
obj 2823 1043.59 -647.51 120.02 0 0 0 
obj 2259 1037.08 -649.21 121.19 0 0 0 
obj 2259 1039.89 -648.94 121.19 0 0 0 
obj 1808 1042.62 -649.75 119.2 0 0 88.14 
obj 2164 1045.15 -644.12 120.35 0 0 186.47 
obj 16151 1060.08 -646.88 119.45 0 0 187.59 
obj 1723 1064.3 -643.51 119.07 0 0 279.02 
obj 2627 1062.53 -639.58 119.11 0 0 300.1 
obj 2627 1061.69 -638.02 119.11 0 0 300.1 
obj 2644 1062.76 -645.01 119.55 0 0 4.31 
obj 2858 1062.73 -645.02 119.97 0 0 0 
obj 19458 1059.73 -647.48 122.67 0 90 5.57 
obj 19458 1063.18 -647.12 122.67 0 90 5.57 
obj 3498 1073.95 -637.98 118.21 0 0 0 
obj 3498 1075.09 -650.4 118.23 0 0 0 
obj 19425 1031.98 -638.43 119.11 0 0 279.84 
obj 19425 1036.71 -637.59 119.11 0 0 279.84 
obj 19458 1049.17 -654.72 119.07 0 90 97.2 
obj 19458 1039.66 -655.93 119.07 0 90 97.2 
obj 19458 1040.13 -659.37 119.07 0 90 97.2 
obj 19458 1049.6 -658.17 119.07 0 90 97.2 
obj 19458 1049.13 -654.58 122.61 0 90 97.2 
obj 19458 1039.64 -655.81 122.61 0 90 97.2 
obj 19458 1040.07 -659.26 122.61 0 90 97.2 
obj 19458 1049.6 -658.03 122.61 0 90 97.2 
obj 19458 1040.5 -662.69 122.61 0 90 97.2 
obj 19458 1050.03 -661.49 122.61 0 90 97.2 
obj 3498 1055.67 -672.29 118.05 0 0 0 
obj 3498 1037.88 -674.83 118.05 0 0 0 
obj 19458 1043.5 -638.25 122.63 0 90 94.93 
obj 3498 1047.86 -636.73 118.14 0 0 0 
obj 3498 1038.78 -637.49 118.14 0 0 0 
obj 2100 1044.27 -654.03 119.16 0 0 0 
obj 1742 1040.99 -654.16 119.16 0 0 0 
obj 2229 1046.03 -654.07 119.15 0 0 0 
obj 2229 1043.44 -654.23 119.15 0 0 0 
obj 1723 1045.46 -657.02 119.16 0 0 186.14 
obj 1547 1037.94 -657.1 119.16 0 0 2.95 
obj 2631 1038.39 -658.24 119.16 0 0 4.89 
obj 2631 1038.19 -655.89 119.16 0 0 4.89 
obj 1551 1037.66 -657.21 119.39 0 0 0 
obj 1486 1037.91 -657.03 119.31 0 0 0 
obj 1487 1037.2 -657.09 119.37 0 0 0 
obj 1551 1038.36 -657.02 119.39 0 0 0 
obj 1544 1038.28 -657.11 119.15 0 0 0 
obj 1670 1038.9 -657 119.16 0 0 0 
obj 2630 1050.99 -654.53 119.16 0 0 0 
obj 2630 1049.43 -654.53 119.16 0 0 0 
obj 2630 1048.15 -654.53 119.16 0 0 0 
obj 1795 1046.57 -657.28 119.16 0 0 276.86 
obj 19325 1035.14 -658.21 120.58 0 0 7.13 
obj 19325 1038.83 -661.09 120.58 0 0 277.1 
obj 19325 1045.34 -660.28 120.58 0 0 277.1 
obj 19325 1051.36 -659.52 120.58 0 0 277.1 
obj 2226 1043.94 -658.89 119.16 0 0 189.09 
obj 2231 1048.32 -659.68 119.16 0 0 185.04 
obj 2231 1050.47 -659.49 119.16 0 0 185.04 
obj 2628 1052.84 -658.25 119.14 0 0 187.13 
obj 2628 1036.86 -658.65 119.14 0 0 96.8 
obj 1742 1038.04 -654.48 119.16 0 0 0 
obj 1893 1039.75 -656.96 122.52 0 0 0 
obj 1893 1046.9 -656.39 122.52 0 0 0 
obj 19466 1037.33 -660.11 120.18 0 0 7.18 
obj 19466 1036.37 -660.22 121.15 0 90 7 
obj 19466 1036.22 -659.13 120.02 90 0 97 
obj 1604 1036.4 -660.4 120.08 0 0 0 
obj 1601 1036.61 -660.27 120.06 0 0 0 
obj 1604 1035.99 -660.46 120.08 0 0 0 
obj 1604 1036.04 -659.79 120.08 0 0 0 
obj 1604 1035.62 -660.19 120.08 0 0 0 
obj 3515 1043.38 -638.15 123.44 0 0 0 
obj 2226 1040.84 -659.58 119.16 0 0 189.09 
obj 19458 1066.63 -646.8 122.67 0 90 5.57 
obj 19458 1070.07 -646.47 122.67 0 90 5.05 
obj 19325 1069.29 -641.48 122.74 0 90 5.62 
obj 19458 1062.33 -640.65 122.67 0 90 95.71 
obj 19458 1073.34 -646.16 122.67 0 90 5.05 
obj 19325 1072.66 -641.16 122.74 0 90 5.47 
obj 19325 1074.56 -641.06 124.65 0 0 5 
obj 19325 1075.12 -647.46 124.65 0 0 5 
obj 19325 1071.61 -647.77 124.65 0 0 5 
obj 19325 1071.07 -641.52 124.65 0 0 5 
obj 19325 1070.99 -638.14 124.65 0 0 275.77 
obj 19325 1064.56 -638.81 124.65 0 0 275.77 
obj 19325 1060.54 -639.21 124.65 0 0 275.77 
obj 19325 1058.26 -649.19 124.63 0 0 5.38 
obj 19325 1057.8 -644.35 124.63 0 0 5.38 
obj 19466 1057.42 -640.62 126 0 0 6.34 
obj 19325 1072.11 -651.06 124.65 0 0 275.26 
obj 19325 1066.02 -651.63 124.65 0 0 275.88 
obj 19325 1061.81 -652.05 124.65 0 0 275.88 
obj 14791 1053.96 -647.22 124.77 0 0 4.61 
obj 1609 1073.66 -649.32 123.49 0 0 331.68 
obj 1607 1073.33 -643.39 124.64 0 0 1.96 
obj 1601 1074.32 -646.94 123.89 0 0 0 
obj 1601 1072.03 -639.62 123.89 0 0 0 
obj 1601 1072.22 -643.89 123.89 0 0 0 
obj 1601 1072.35 -646.68 123.89 0 0 0 
obj 1603 1071.9 -641.73 124.89 0 0 0 
obj 1603 1072.38 -640.19 124.89 0 0 0 
obj 902 1073.01 -639.4 122.7 0 0 0 
obj 1603 1074.19 -644.93 124.89 0 0 0 
obj 1603 1074.3 -643.4 124.89 0 0 0 
obj 1709 1062.89 -642.71 122.75 0 0 6.37 
obj 1709 1068.12 -643.87 122.75 0 0 185.98 
obj 2631 1065.58 -643.23 122.75 0 0 4.75 
obj 2858 1065.06 -643.64 122.82 0 0 0 
obj 2821 1064.97 -642.87 122.79 0 0 0 
obj 2827 1064.31 -642.98 122.81 0 0 0 
obj 2823 1065.67 -643.36 122.82 0 0 0 
obj 1670 1065.67 -642.6 122.83 0 0 0 
obj 2821 1066.08 -643.6 122.79 0 0 0 
obj 2823 1066.17 -642.88 122.82 0 0 0 
obj 2827 1066.86 -642.6 122.81 0 0 0 
obj 2827 1066.84 -643.34 122.81 0 0 0 
obj 2298 1070.81 -647.18 122.76 0 0 184.82 
obj 2100 1061.15 -651.51 122.76 0 0 187.38 
obj 2229 1061.73 -651.36 122.61 0 0 182.87 
obj 2229 1059.48 -651.62 122.61 0 0 182.87 
obj 1742 1061.49 -639.06 122.75 0 0 6.12 
obj 1742 1069.23 -638.35 122.75 0 0 6.12 
obj 2312 1064.35 -651.26 124.16 0 0 186.78 
obj 2313 1065.03 -651.23 123.31 0 0 185.82 
obj 19443 1064.38 -650.98 123.02 0 90 5.7 
obj 19443 1064.38 -650.98 123.2 0 90 5.7 
obj 2231 1062.67 -651.31 123.28 0 0 186.7 
obj 2231 1065.59 -651.03 123.28 0 0 186.7 
obj 2198 1059.25 -648.92 122.76 0 0 96.78 
obj 2788 1060.64 -648.1 123.28 0 0 0 
obj 1808 1067.13 -650.75 122.75 0 0 187.98 
obj 1775 1058.31 -644.34 123.81 0 0 95.12 
obj 2573 1064.28 -639.34 122.75 0 0 4.88 
obj 2628 1070.07 -645.95 122.75 0 0 187.13 
obj 2630 1069.97 -643.12 122.75 0 0 0 
obj 1726 1063.04 -648.18 122.85 0 0 4.16 
obj 2858 1064.18 -643.65 122.82 0 0 0 
obj 1893 1066.97 -642.62 126.56 0 0 277.37 
obj 1893 1060.42 -641 126.56 0 0 277.37 
obj 1893 1058.57 -645.93 126.56 0 0 277.37 
obj 1893 1061.64 -646.54 126.56 0 0 277.37 
obj 1893 1065.97 -647.57 126.56 0 0 277.37 
obj 19458 1073.31 -646.2 126.64 0 90 4.76 
obj 19458 1069.85 -646.5 126.64 0 90 4.76 
obj 19458 1066.38 -646.79 126.64 0 90 4.76 
obj 19458 1062.94 -647.12 126.64 0 90 5.16 
obj 19458 1059.56 -647.42 126.64 0 90 5.16 
obj 19458 1062.03 -640.66 126.64 0 90 275.09 
obj 19458 1069.73 -639.96 126.64 0 90 275.09 
obj 19373 1067.37 -647.33 126.73 0 90 5.19 
obj 19373 1063.98 -647.68 126.73 0 90 5.19 
obj 19373 1067.09 -644.24 126.73 0 90 5.19 
obj 19373 1063.68 -644.53 126.73 0 90 5.19 
obj 19425 1065.7 -647.59 126.82 0 0 5.4 
obj 19425 1065.32 -644.09 126.82 0 0 5.29 
obj 19425 1065.52 -645.84 126.82 0 0 96.05 
obj 12839 1064.83 -635.71 124.1 0 0 5.95 
obj 12950 1064.1 -626.41 117.38 0 0 183.35 
obj 19419 1070.85 -648.06 126.8 0 0 4.39 
obj 19419 1060.76 -649.09 126.8 0 0 4.39 
obj 1231 1050.04 -637.75 121.79 0 0 0 
obj 1231 1037.02 -639.91 121.79 0 0 0 
obj 1231 1058.35 -650.73 129.47 0 0 0 
obj 1231 1073.64 -638.58 129.47 0 0 0 
obj 19419 1057.38 -640.66 126.8 84 0 275.5 
obj 12950 1063.92 -621.06 112.63 0 0 181.63 
obj 3498 1073.95 -637.98 109.32 0 0 0 
obj 3498 1075.09 -650.4 109.64 0 0 0 
obj 19458 1050.44 -664.93 122.61 0 90 97.2 
obj 19458 1040.94 -666.16 122.61 0 90 97.2 
obj 19458 1041.36 -669.58 122.61 0 90 97.2 
obj 19458 1050.88 -668.37 122.61 0 90 97.2 
obj 19458 1051.31 -671.75 122.61 0 90 97.2 
obj 19458 1041.8 -672.95 122.61 0 90 97.2 
obj 19325 1040.68 -674.68 124.65 0 0 275.88 
obj 19325 1046.91 -673.99 124.65 0 0 277 
obj 19325 1052.99 -673.22 124.65 0 0 277 
obj 19325 1037 -671.74 124.65 0 0 187.22 
obj 19325 1036.21 -665.34 124.65 0 0 187.22 
obj 19325 1035.4 -658.86 124.65 0 0 187.22 
obj 19325 1055.68 -669.56 124.65 0 0 187.22 
obj 19325 1054.88 -663.25 124.65 0 0 187.22 
obj 19325 1054.08 -656.99 124.65 0 0 187.22 
obj 19325 1050.54 -654.12 124.65 0 0 95.83 
obj 19325 1044.5 -654.73 124.65 0 0 95.83 
obj 19325 1039.79 -655.22 124.65 0 0 95.83 
obj 19325 1046.73 -673.27 124.65 0 0 277 
obj 19325 1046.77 -673.7 124.65 0 0 277 
obj 19325 1046.66 -672.44 124.65 0 0 277 
obj 19429 1048.5 -672.95 126.67 0 90 7.4 
obj 19429 1045.14 -673.39 126.67 0 90 6.78 
obj 19429 1050.14 -672.73 124.83 0 0 6.82 
obj 19429 1043.49 -673.58 124.89 0 0 6.82 
obj 19429 1048.49 -672.96 122.72 0 90 7.21 
obj 19429 1048.49 -672.96 122.86 0 90 7.21 
obj 19429 1048.49 -672.96 123.02 0 90 7.21 
obj 19429 1045.14 -673.37 122.86 0 90 7.21 
obj 19429 1045.14 -673.37 123.02 0 90 7.21 
obj 19429 1045.14 -673.37 122.7 0 90 7.21 
obj 2229 1042.34 -673.55 122.74 0 0 183.65 
obj 2229 1041.46 -673.65 122.74 0 0 183.65 
obj 2229 1050.92 -672.73 122.74 0 0 184.7 
obj 2229 1051.9 -672.64 122.74 0 0 184.37 
obj 2313 1047.08 -671.84 122.7 0 0 187.75 
obj 2745 1054.43 -671.71 123.89 0 0 185.91 
obj 2745 1038.8 -673.37 123.89 0 0 185.91 
obj 2231 1040.34 -673.74 122.69 0 0 184 
obj 2231 1052.79 -672.21 122.69 0 0 184 
obj 1709 1046.29 -668.97 122.7 0 0 8.33 
obj 1723 1041.68 -668.29 122.73 0 0 7.23 
obj 14446 1053.02 -662.71 123.12 0 0 277.82 
obj 1893 1050.93 -657.2 126.56 0 0 277.37 
obj 1893 1051.5 -666.18 126.56 0 0 277.37 
obj 1893 1045.77 -668.53 126.56 0 0 277.37 
obj 1893 1039.23 -668.28 126.56 0 0 277.37 
obj 1893 1044.32 -657.94 126.56 0 0 277.37 
obj 1893 1037.35 -660.1 126.56 0 0 277.37 
obj 3462 1052.53 -656 124.09 0 0 0 
obj 3462 1052.86 -658.85 124.09 0 0 0 
obj 3462 1038.24 -667.5 124.09 0 0 179.02 
obj 2628 1038.25 -662.28 122.71 0 0 95.61 
obj 2630 1037.94 -664.39 122.88 0 0 275.47 
obj 2627 1037.29 -660.11 122.74 0 0 99 
obj 2100 1045.24 -664.61 122.83 0 0 183.98 
obj 2231 1045.93 -664.03 122.69 0 0 184 
obj 2231 1043.34 -664.11 122.69 0 0 184 
obj 2631 1046.94 -661.91 122.75 0 0 5.03 
obj 2631 1042.33 -662.22 122.75 0 0 5.03 
obj 2644 1047.57 -657.07 123.09 0 0 4.89 
obj 2644 1044.22 -657.32 123.1 0 0 4.89 
obj 2858 1047.55 -656.96 123.51 0 0 0 
obj 2828 1044.11 -657.24 123.55 0 0 196.88 
obj 2827 1044.38 -657.44 123.56 0 0 0 
obj 2600 1038.36 -670.6 123.45 0 0 261.42 
obj 2745 1053.98 -668.72 123.89 0 0 185.91 
obj 2745 1041.98 -671.12 123.89 0 0 185.91 
obj 19458 1039.64 -655.81 126.63 0 90 97.2 
obj 19458 1049.14 -654.62 126.64 0 90 97.2 
obj 19458 1049.56 -658.03 126.62 0 90 97.2 
obj 19458 1040.07 -659.26 126.62 0 90 97.2 
obj 19458 1040.5 -662.69 126.6 0 90 97.2 
obj 19458 1050.03 -661.49 126.62 0 90 97.2 
obj 19458 1040.94 -666.16 126.58 0 90 97.2 
obj 19458 1050.44 -664.95 126.61 0 90 97.2 
obj 19458 1050.88 -668.37 126.62 0 90 97.2 
obj 19458 1041.36 -669.58 126.58 0 90 97.2 
obj 19458 1041.8 -672.95 126.58 0 90 97.2 
obj 19458 1051.31 -671.75 126.62 0 90 97.2 
obj 19466 1036.12 -655.6 126.08 0 0 276.48 
obj 19373 1045.38 -672.61 126.75 0 90 7.02 
obj 19373 1048.83 -672.16 126.75 0 90 7.02 
obj 2172 1049.65 -655.56 122.64 0 0 3.69 
obj 2172 1039.8 -656.83 122.64 0 0 3.69 
obj 1693 1044.51 -659.12 128.06 0 0 5.23 
obj 1693 1045.74 -667.06 128.16 0 0 5.23 
obj 19458 1046.29 -682.32 120.23 0 90 97.2 
obj 19458 1046.72 -685.76 120.23 0 90 97.2 
obj 19458 1055.81 -681.23 120.23 0 90 97.2 
obj 19458 1056.2 -684.62 120.23 0 90 97.2 
obj 19458 1047.11 -689.08 120.23 0 90 97.2 
obj 19458 1056.62 -687.87 120.23 0 90 97.2 
obj 19458 1047.49 -692.44 120.23 0 90 97.2 
obj 19458 1057.03 -691.18 120.23 0 90 97.2 
obj 19458 1059.12 -679.04 122 0 0 97.44 
obj 19458 1050.05 -680.27 122 0 0 97.44 
obj 19458 1045.99 -680.79 122 0 0 97.44 
obj 19458 1041.95 -686.19 122 0 0 7.04 
obj 19458 1042.45 -689.99 122 0 0 7.04 
obj 19458 1047.7 -694.05 122 0 0 277.61 
obj 19458 1054.49 -693.11 122 0 0 277.61 
obj 19458 1064.31 -683.15 122 0 0 7.04 
obj 19458 1064.78 -687.1 122 0 0 7.04 
obj 19458 1062.59 -683.6 120.23 0 90 6.95 
obj 19458 1063.12 -687.31 120.23 0 90 6.95 
obj 19373 1062.15 -680.48 120.24 0 90 6.68 
obj 19373 1062.5 -683.53 120.24 0 90 6.68 
obj 19373 1062.83 -686.54 120.24 0 90 6.68 
obj 19373 1063.2 -689.67 120.24 0 90 6.68 
obj 19458 1046.29 -682.42 123.78 0 90 97.2 
obj 19458 1046.72 -685.69 123.78 0 90 97.2 
obj 19425 1043.82 -681.88 120.31 0 0 7.42 
obj 19425 1044.83 -687.33 120.31 0 0 7.42 
obj 19425 1045.51 -693.48 120.31 0 0 7.42 
obj 19425 1051.09 -692.78 120.31 0 0 7.42 
obj 19425 1050.52 -686.67 120.31 0 0 7.42 
obj 19425 1049.66 -680.97 120.31 0 0 7.42 
obj 19425 1062.88 -691.62 120.31 0 0 7.42 
obj 19425 1056.78 -691.93 120.31 0 0 7.42 
obj 19425 1055.97 -685.91 120.31 0 0 7.42 
obj 19425 1055.08 -680.46 120.31 0 0 7.42 
obj 19458 1047.17 -689.16 123.78 0 90 97.2 
obj 19458 1047.57 -692.39 123.78 0 90 97.2 
obj 19458 1060.98 -694.18 119.98 0 80 97.17 
obj 19458 1061.35 -696.88 119.48 0 79 97 
obj 19458 1061.6 -698.79 119.1 0 80 98 
obj 19458 1062.11 -702.05 118.45 0 78 98 
obj 19458 1062.6 -705.41 117.72 0 78 98 
obj 19458 1062.98 -708.4 117.06 0 78 98 
obj 19458 1055.81 -681.23 123.76 0 90 97.2 
obj 19458 1056.2 -684.62 123.76 0 90 97.2 
obj 19458 1056.62 -687.87 123.76 0 90 97.2 
obj 19458 1057.03 -691.18 123.77 0 90 97.2 
obj 19458 1062.63 -683.48 123.77 0 90 186.59 
obj 19458 1063.12 -687.32 123.77 0 90 187 
obj 19373 1063.48 -690.39 123.83 0 90 7.19 
obj 19373 1063.12 -687.27 123.83 0 90 7.19 
obj 19373 1062.74 -684.21 123.83 0 90 7.19 
obj 19373 1062.38 -681.12 123.81 0 90 7.19 
obj 1893 1049.68 -682.09 123.78 0 0 185.16 
obj 1893 1047.29 -688.65 123.78 0 0 185.16 
obj 1893 1055.59 -686.38 123.78 0 0 185.16 
obj 1893 1060.73 -682.92 123.78 0 0 185.16 
obj 1231 1052.77 -699.92 121.41 0 0 0 
obj 1231 1067.67 -695.04 117.9 0 0 0 
obj 19458 1063.37 -711.42 116.28 0 74 98 
obj 3498 1063.42 -678.8 115.76 0 0 0 
obj 3498 1064.98 -691.64 115.76 0 0 0 
obj 19458 1064.54 -714.86 115.16 14 99 334 
obj 19458 1026 -689.43 120.32 0 90 7 
obj 19458 1029.22 -689.07 120.32 0 90 7 
obj 19458 1032.52 -688.67 120.32 0 90 7 
obj 19458 1035.86 -688.26 120.32 0 90 7 
obj 19458 1027.05 -698.7 120.32 0 90 7 
obj 19458 1030.51 -698.28 120.32 0 90 7 
obj 19458 1033.91 -697.83 120.32 0 90 7 
obj 19458 1036.93 -697.58 120.32 0 90 7.92 
obj 19458 1024.23 -689.68 122.03 0 180 6.9 
obj 19458 1025.41 -699.01 122.03 0 180 7 
obj 19325 1030.08 -684.54 121.11 0 0 277.24 
obj 19325 1030.18 -684.96 121.11 0 0 277.24 
obj 19325 1030.41 -685.7 121.11 0 0 277.65 
obj 19429 1028.74 -685.17 123.18 0 90 8.53 
obj 19458 1028.37 -684.36 122.03 0 180 96.45 
obj 19429 1031.89 -684.73 123.18 0 90 8.03 
obj 19458 1032.28 -683.91 122.03 0 180 96.85 
obj 19429 1026.93 -685.46 121.52 0 180 8.56 
obj 19429 1033.59 -684.5 121.52 0 180 8.56 
obj 19458 1032.28 -683.91 119.15 0 180 96.85 
obj 19458 1028.37 -684.36 118.57 0 180 96.45 
obj 19458 1024.23 -689.68 119.36 0 180 7 
obj 19458 1025.41 -699.01 118.7 0 180 7 
obj 19458 1037.52 -687.99 122.03 0 180 7 
obj 19458 1038.64 -697.33 122.03 0 180 7 
obj 19458 1037.52 -687.99 118.55 0 180 7 
obj 19458 1038.64 -697.33 118.95 0 180 7 
obj 19458 1030.68 -703.03 122.03 0 180 96.96 
obj 19325 1032.96 -702.74 121.71 0 0 97 
obj 19458 1030.68 -703.03 118.51 0 180 96.96 
obj 19458 1034.44 -702.5 118.51 0 180 96.96 
obj 19458 1038.14 -706.22 119.28 14 90 6.38 
obj 19128 1029.28 -692.04 120.35 0 0 7.75 
obj 2100 1030.58 -687.7 120.39 0 0 4.6 
obj 2231 1029.71 -688.13 120.4 0 0 2.7 
obj 2231 1032.37 -687.74 120.4 0 0 2.7 
obj 2229 1025.95 -686.12 120.4 0 0 4.31 
obj 2229 1026.65 -686.05 120.4 0 0 4.31 
obj 2229 1035.07 -684.84 120.4 0 0 4.31 
obj 2229 1035.97 -684.68 120.4 0 0 4.31 
obj 19128 1033.2 -691.55 120.35 0 0 7.75 
obj 19128 1029.81 -695.87 120.35 0 0 7.75 
obj 19128 1033.76 -695.37 120.35 0 0 7.75 
obj 2964 1027.81 -701.82 120.44 0 0 8.58 
obj 2964 1031.77 -701.37 120.44 0 0 8.58 
obj 2745 1025.45 -690.59 121.6 0 0 7.38 
obj 2745 1025.97 -695.69 121.6 0 0 7.38 
obj 2745 1036.76 -689.26 121.6 0 0 7.38 
obj 2745 1037.49 -694.66 121.6 0 0 7.38 
obj 1893 1033.97 -687.5 123.83 0 0 7.75 
obj 1893 1026.23 -688.81 123.83 0 0 7.75 
obj 1893 1028.05 -700.42 123.83 0 0 7.75 
obj 1893 1035.23 -700.02 123.83 0 0 7.75 
obj 19458 1025.9 -689.43 123.78 0 90 7 
obj 19458 1029.27 -688.99 123.78 0 90 7 
obj 19458 1032.5 -688.63 123.8 0 90 7 
obj 19458 1035.84 -688.21 123.8 0 90 7 
obj 19458 1027.13 -698.86 123.8 0 90 8.04 
obj 19458 1030.54 -698.21 123.8 0 90 8.04 
obj 19458 1033.94 -697.7 123.8 0 90 8.04 
obj 19458 1036.95 -697.35 123.8 0 90 6.92 
obj 1231 1041.53 -704.3 121.41 0 0 0 
obj 947 1062.12 -685.19 126.08 0 0 97.49 
obj 19373 1044.64 -692.91 123.83 0 90 7.19 
obj 19373 1044.23 -689.85 123.83 0 90 7.19 
obj 19373 1043.94 -686.83 123.83 0 90 7.19 
obj 19373 1043.58 -683.71 123.83 0 90 7.19 
obj 947 1044.37 -688.37 126.16 0 0 276.4 
obj 10009 1045.75 -697.81 120.69 0 0 98.1 
obj 19458 1030.68 -703.03 125.58 0 180 99.23 
obj 19458 1025.41 -699.01 125.54 0 180 7.51 
obj 19458 1024.23 -689.68 125.55 0 180 6.9 
obj 19458 1028.37 -684.36 125.54 0 180 96.45 
obj 19458 1032.28 -683.91 125.52 0 180 96.85 
obj 19458 1037.52 -687.99 125.51 0 180 7 
obj 19458 1038.64 -697.33 125.42 0 180 7 
obj 15036 1025.99 -687 125.04 0 0 276.25 
obj 2029 1031.64 -686.84 123.88 0 0 6.42 
obj 2029 1033.59 -686.61 123.88 0 0 6.42 
obj 2029 1031.72 -687.73 123.88 0 0 6.42 
obj 2029 1033.65 -687.53 123.88 0 0 6.42 
obj 2029 1029.79 -687.96 123.88 0 0 6.42 
obj 2029 1029.68 -687.05 123.88 0 0 6.42 
obj 2120 1030.46 -689.4 124.5 0 0 275.93 
obj 2120 1032.52 -689.13 124.5 0 0 275.93 
obj 2120 1034.56 -688.88 124.5 0 0 275.93 
obj 2120 1030.13 -685.47 124.48 0 0 94.13 
obj 2120 1032.03 -685.19 124.5 0 0 94.13 
obj 2120 1034 -685 124.48 0 0 94.13 
obj 14535 1028.32 -699.14 125.93 0 0 7.86 
obj 19458 1031.04 -698.07 125.54 0 180 7.51 
obj 1808 1024.83 -691.62 123.88 0 0 100.85 
obj 1723 1031.63 -696.94 123.88 0 0 96.82 
obj 1723 1032.19 -701.16 123.88 0 0 96.82 
obj 1775 1037.56 -693.29 124.98 0 0 277.52 
obj 1775 1038.12 -697.22 124.98 0 0 277.52 
obj 2745 1034.89 -695.78 125.1 0 0 5.21 
obj 2745 1035.29 -698.9 125.1 0 0 5.21 
obj 19458 1025.9 -689.43 127.23 0 90 7 
obj 19458 1029.27 -688.99 127.24 0 90 7 
obj 19458 1032.5 -688.63 127.22 0 90 7 
obj 19458 1035.84 -688.21 127.22 0 90 7 
obj 19458 1036.95 -697.35 127.24 0 90 6.92 
obj 19458 1033.94 -697.7 127.25 0 90 8.04 
obj 19458 1030.54 -698.21 127.23 0 90 8.04 
obj 19458 1027.17 -698.81 127.23 0 90 8.04 
obj 1693 1031.55 -697.39 128.82 0 0 7.09 
obj 1693 1030.21 -688.27 128.84 0 0 7.09 
obj 19325 1032.96 -702.7 125.23 0 0 99.17 
obj 10009 1038.35 -706.17 120.67 0 0 98.1 
obj 1893 1033.07 -693.69 127.37 0 0 10.36 
obj 1893 1028.58 -689.11 127.37 0 0 10.36 
obj 1893 1035.24 -687.1 127.37 0 0 10.36 
obj 3498 1042.66 -681.41 115.76 0 0 0 
obj 2600 1062.27 -691.47 124.7 0 0 10.57 
obj 2600 1064.06 -691.3 124.7 0 0 10.57 
obj 2745 1063.08 -691.07 124.98 0 0 8.43 
