sell 10825 1036.78 -2015.05 13.12 91 -11 96.32 
changeobj 1506 1033.33 -2013.89 12.12 0 0 -97.02 1502
changeobj 1506 1020.47 -2034.27 12.12 0 0 -97.02 1502
changeobj 1506 1031.13 -2031.76 12.12 0 0 -94.38 1502
changeobj 1506 1030.84 -2034.77 12.12 0 0 -276.96 1502
obj 19377 1027.25 -2020.47 12.04 0 90 -7.02 
obj 19377 1016.87 -2019.19 12.04 0 90 -7.02 
obj 19377 1028.43 -2010.91 12.04 0 90 -7.02 
obj 19377 1018.05 -2009.63 12.04 0 90 -7.02 
obj 19454 1030.76 -2020.91 15.53 0 90 -7 
obj 19454 1027.29 -2020.49 15.53 0 90 -7 
obj 19454 1027.14 -2025.25 13.84 0 0 83.04 
obj 19454 1017.58 -2024.08 13.84 0 0 83.04 
obj 19454 1015.85 -2023.87 13.84 0 0 83.04 
obj 14407 1023.41 -2021.75 12.42 0 0 -6.96 
obj 19454 1025.64 -2020.29 13.84 0 0 -7.02 
obj 19454 1021.71 -2019.82 13.84 0 0 -7.02 
obj 19454 1011.73 -2018.6 13.84 0 0 -7.02 
obj 19377 991.89 -2012.74 7.04 0 90 -7.02 
obj 2236 1026.92 -2017.38 12.13 0 0 17.34 
obj 2312 1027.19 -2016.77 13.01 0 0 15.18 
obj 1729 1028.61 -2022.85 12.13 0 0 199.26 
obj 19325 1018.93 -2014.62 13.53 0 0 82.92 
obj 19377 1028.79 -2008.03 12.04 0 90 -7.02 
obj 19377 1018.33 -2006.89 12.04 0 90 -7.02 
obj 19454 1029.68 -2003.34 13.84 0 0 83.04 
obj 19454 1020.12 -2002.18 13.84 0 0 83.04 
obj 19454 1018.54 -2001.99 13.84 0 0 83.04 
obj 19454 1015.12 -2018.94 13.84 0 0 -7.02 
obj 3850 1013.64 -2016.88 12.62 0 0 84 
obj 906 1018.97 -2023.72 10.62 0 0 71.16 
obj 639 1014.85 -2019.93 13.04 0 0 -6.06 
obj 1609 1019.46 -2020.72 13.11 0 0 -15.78 
obj 1609 1017.62 -2016.13 13.11 0 0 -43.44 
obj 902 1020.3 -2017.38 12.12 0 0 0 
obj 806 1017.02 -2021.57 11.29 0 0 0 
obj 19315 1012.54 -2020.82 12.69 0 0 31.86 
obj 19315 1013.34 -2020.89 12.69 0 0 149.7 
obj 1729 1013.04 -2014.62 12.13 0 0 371.7 
obj 3850 1028.06 -2015.7 12.62 0 0 84 
obj 19454 1012.91 -2009.05 13.84 0 0 -7.02 
obj 19454 1013.25 -2006.26 13.84 0 0 -7.02 
obj 3850 1030.02 -2014.01 12.62 0 0 172.14 
obj 3850 1028.37 -2012.11 12.62 0 0 83.28 
obj 3850 1022.58 -2013.14 12.62 0 0 170.7 
obj 19454 1027.51 -2009.42 13.84 0 0 82.92 
obj 1491 1032.28 -2010.03 12.12 0 0 -7.44 
obj 14720 1023.6 -2007.47 12.12 0 0 -7.32 
obj 19435 1022.91 -2008.13 13.84 0 0 -7.26 
obj 19435 1023.11 -2006.54 13.84 0 0 -7.26 
obj 19435 1023.32 -2004.94 13.84 0 0 -7.26 
obj 19435 1023.51 -2003.41 13.84 0 0 -7.26 
obj 2014 1023.83 -2005.51 11.98 0 0 83.46 
obj 2015 1023.94 -2004.53 11.98 0 0 83.46 
obj 2017 1024.03 -2003.58 11.98 0 0 83.46 
obj 19435 1024.33 -2003.02 13.84 0 0 83.22 
obj 19435 1024.35 -2002.88 13.84 0 0 83.22 
obj 2137 1026.01 -2021.38 12.13 0 0 84.3 
obj 3850 1026.44 -2013.69 12.62 0 0 170.7 
obj 19315 1028.63 -2012.96 12.69 0 0 231.9 
obj 19315 1028.61 -2013.72 12.69 0 0 126.36 
obj 2191 1026.26 -2019.91 12.81 0 0 82.26 
obj 19454 1019.37 -2008.4 13.84 0 0 82.92 
obj 1491 1013.12 -2007.67 12.12 0 0 -7.44 
obj 1481 1028.81 -2009.17 12.82 0 0 171.78 
obj 1280 1020.61 -2008.89 12.53 0 0 83.64 
obj 1778 1025.76 -2015 12.13 0 0 79.26 
obj 19435 1018.22 -2002.83 13.84 0 0 -7.26 
obj 19435 1018.02 -2004.41 13.84 0 0 -7.26 
obj 19435 1017.82 -2006 13.84 0 0 -7.26 
obj 1491 1017.58 -2008.16 12.12 0 0 83.7 
obj 2236 1021.69 -2008.67 12.13 0 0 12.3 
obj 14455 1017.49 -2007.23 13.76 0 0 82.92 
obj 2630 1017.15 -2003.2 12.13 0 0 -5.46 
obj 2826 1022.23 -2008.06 12.63 0 0 86.46 
obj 2045 1022.85 -2002.73 12.46 76 84 0 
obj 2236 1023.22 -2005.92 12.13 0 0 83.82 
obj 2236 1021.92 -2003.81 12.13 0 0 83.82 
obj 2236 1020.5 -2005.51 12.13 0 0 83.82 
obj 2045 1023.27 -2003.52 12.46 76 84 -95.46 
obj 2236 1019.51 -2003.68 12.13 0 0 83.82 
obj 1729 1020.61 -2007.69 12.13 0 0 199.26 
obj 2034 1022.71 -2005.03 12.63 0 0 0 
obj 2034 1022.87 -2005.48 12.63 0 0 0 
obj 2034 1022.87 -2005.65 12.63 0 0 0 
obj 2034 1022.83 -2005.3 12.63 0 0 0 
obj 2034 1022.94 -2004.87 12.63 0 0 -34.08 
obj 2034 1022.51 -2005.33 12.63 0 0 -102.54 
obj 2034 1022.58 -2004.85 12.63 0 0 -142.02 
obj 2034 1022.55 -2005.56 12.63 0 0 -142.02 
obj 2034 1022.8 -2005.84 12.63 0 0 0 
obj 2034 1022.49 -2005.86 12.63 0 0 17.4 
obj 2035 1021.57 -2002.77 12.63 0 0 -7.2 
obj 2035 1021.48 -2003.06 12.63 0 0 -7.2 
obj 2035 1021.39 -2003.37 12.63 0 0 -7.2 
obj 2035 1021.37 -2003.63 12.63 0 0 -7.2 
obj 2035 1021.41 -2003.52 12.67 0 0 -7.2 
obj 2035 1021.48 -2003.18 12.67 0 0 -7.2 
obj 2035 1021.53 -2002.87 12.67 0 0 -7.2 
obj 2035 1021.45 -2003.36 12.74 0 0 -7.2 
obj 2035 1021.5 -2003 12.74 0 0 -7.2 
obj 2035 1021.48 -2003.2 12.78 0 0 -7.2 
obj 2036 1020.17 -2004.42 12.63 0 0 -7.2 
obj 2036 1020.12 -2004.72 12.63 0 0 -7.2 
obj 2036 1020.06 -2004.98 12.63 0 0 -7.2 
obj 2036 1019.97 -2005.29 12.63 0 0 -7.2 
obj 2036 1018.21 -2005.86 12.63 0 -62 177.88 
obj 2040 1018.96 -2003.63 12.71 0 0 85.62 
obj 2040 1019.03 -2002.7 12.71 0 0 85.62 
obj 2040 1018.89 -2003.05 12.71 0 0 97.56 
obj 2040 1019.13 -2003.24 12.71 0 0 147.96 
obj 1550 1018.49 -2004.95 12.48 0 0 0 
obj 1550 1018.41 -2004.55 12.48 0 0 0 
obj 1550 1018.74 -2004.41 12.48 0 0 0 
obj 1550 1019.08 -2004.75 12.48 0 0 0 
obj 1550 1018.92 -2005.31 12.48 0 0 0 
obj 1550 1018.37 -2005.44 12.48 0 0 0 
obj 1550 1019.22 -2004.17 12.48 0 0 0 
obj 1636 1022.3 -2003.4 12.25 0 0 50.7 
obj 1636 1022.47 -2002.91 12.25 0 0 50.7 
obj 1636 1023.07 -2003.06 12.25 0 0 25.26 
obj 1636 1022.92 -2003.67 12.25 0 0 25.26 
obj 1636 1022.8 -2004.07 12.25 0 0 25.26 
obj 1636 1022.15 -2003.66 12.25 0 0 49.5 
obj 1985 1015.04 -2002.78 15.57 0 0 0 
obj 2631 1015.48 -2004 12.13 0 0 83.28 
obj 2628 1016.95 -2005.41 12.13 0 0 -4.38 
obj 19377 1028.47 -2010.94 15.53 0 90 -7.02 
obj 19377 1028.83 -2008.01 15.53 0 90 -7.02 
obj 19377 1018.4 -2006.73 15.53 0 90 -7.02 
obj 19377 1016.87 -2019.17 15.53 0 90 -7.02 
obj 806 1017.02 -2019.58 11.29 0 0 0 
obj 806 1017.85 -2020.77 11.29 0 0 0 
obj 806 1017.81 -2019.38 11.29 0 0 0 
obj 19377 986.78 -2011.96 1.71 0 0 -6.96 
obj 19377 992.19 -2007.91 1.71 0 0 83.58 
obj 19377 989.91 -2026.7 1.71 0 0 83.58 
obj 3499 1011.24 -2023.38 13.65 0 0 0 
obj 19325 1011.65 -2020.06 17.04 0 0 173.22 
obj 19325 1015.07 -2023.74 17.04 0 0 82.2 
obj 19454 1020.39 -2019.5 17.37 0 0 -7.02 
obj 19454 1023.06 -2024.76 17.37 0 0 83.04 
obj 19454 1012.63 -2012.28 17.37 0 0 -7.02 
obj 19325 1013.49 -2004.6 17.04 0 0 173.22 
obj 3499 1013.68 -2001.23 13.65 0 0 0 
obj 19325 1017.54 -2001.8 17.04 0 0 83.28 
obj 19325 1028.54 -2025.4 17.04 0 0 82.2 
obj 3499 1034.34 -2003.86 13.65 0 0 0 
obj 19325 1032.27 -2022.64 12.92 0 0 -7.02 
obj 19325 1034.19 -2007.54 17.07 0 0 -6.96 
obj 19391 1033.22 -2014.66 13.86 0 0 -7.02 
obj 19435 1033.53 -2012.27 13.86 0 0 -7.26 
obj 19435 1033.61 -2011.59 13.86 0 0 -7.26 
obj 19435 1032.93 -2017.02 13.86 0 0 -7.26 
obj 19435 1032.72 -2018.6 13.86 0 0 -7.26 
obj 19325 1033.25 -2014.99 17.05 0 0 -7.38 
obj 19435 1033.61 -2011.59 17.36 0 0 -7.26 
obj 19435 1032.73 -2018.65 17.36 0 0 -7.26 
obj 19454 1025.55 -2002.79 17.37 0 0 83.04 
obj 19325 1031.14 -2003.5 17.04 0 0 83.28 
obj 19325 1034.19 -2007.54 12.94 0 0 -6.96 
obj 3850 1021.81 -2021.1 16.14 0 0 -6.72 
obj 3850 1022.29 -2017.09 16.14 0 0 -7.2 
obj 3850 1026.08 -2017.4 16.14 0 0 -7.08 
obj 3850 1025.65 -2021.35 16.14 0 0 -6.06 
obj 3850 1024.34 -2015.24 16.14 0 0 82.68 
obj 2764 1027.66 -2005.93 12.55 0 0 -9.36 
obj 2764 1028.57 -2006.08 12.55 0 0 -9.36 
obj 2764 1029.5 -2006.23 12.55 0 0 -9.36 
obj 2124 1027.32 -2007.32 12.94 0 0 -100.26 
obj 2124 1028.44 -2007.63 12.94 0 0 -100.26 
obj 2124 1029.71 -2007.91 12.94 0 0 -100.26 
obj 2124 1029.79 -2004.77 12.94 0 0 82.02 
obj 2124 1028.79 -2004.51 12.94 0 0 82.02 
obj 2124 1027.55 -2004.04 12.94 0 0 82.02 
obj 2124 1025.93 -2005.33 12.94 0 0 171.36 
obj 2124 1027.55 -2004.04 12.94 0 0 82.02 
obj 2124 1031.14 -2006.33 12.94 0 0 -8.88 
obj 19325 1032.27 -2022.64 17.04 0 0 -7.02 
obj 14455 1026.17 -2024.97 13.69 0 0 -7.08 
obj 19454 1024.35 -2012.16 17.37 0 0 83.04 
obj 19454 1020.2 -2006.89 17.37 0 0 -7.02 
obj 19454 1029.29 -2011.19 17.37 0 0 -7.02 
obj 19391 1030.06 -2004.93 17.37 0 0 -7.02 
obj 19391 1019.32 -2014.59 17.37 0 0 82.56 
obj 19377 1017.32 -2015.64 15.53 0 90 -7.02 
obj 1491 1018.59 -2014.51 15.61 0 0 -6.66 
obj 1491 1029.98 -2005.7 15.61 0 0 83.22 
obj 19391 1027.94 -2008.6 17.37 0 0 82.56 
obj 19435 1024.78 -2008.89 17.37 0 0 -7.26 
obj 19435 1025.58 -2008.28 17.37 0 0 81.36 
obj 19435 1024.46 -2011.35 17.37 0 0 -7.26 
obj 19435 1024.57 -2010.48 17.37 0 0 -7.26 
obj 1491 1027.13 -2008.51 15.61 0 0 -6.66 
obj 2255 1028.2 -2015.42 17.45 0 0 -96.9 
obj 2256 1020.52 -2017.49 17.45 0 0 -97.44 
obj 2257 1024.5 -2010.17 17.45 0 0 -97.44 
obj 2258 1032.62 -2018.63 17.45 0 0 -97.44 
obj 2259 1029.22 -2006.93 17.45 0 0 -97.44 
obj 2260 1033.04 -2011.49 17.45 0 0 -97.44 
obj 2260 1019.48 -2008.01 17.45 0 0 -97.44 
obj 2261 1019.69 -2006.16 17.45 0 0 -97.44 
obj 2262 1020.12 -2002.72 17.45 0 0 -97.44 
obj 2263 1019.96 -2003.81 17.45 0 0 -97.44 
obj 2264 1019.82 -2005.13 17.45 0 0 -97.44 
obj 2265 1019.56 -2007.24 17.45 0 0 -97.44 
obj 2266 1019.36 -2008.99 17.45 0 0 -97.44 
obj 2267 1019.62 -2010.55 17.67 0 0 -97.44 
obj 2267 1020.16 -2019.85 17.67 0 0 -97.44 
obj 2268 1023.46 -2024.22 17.67 0 0 -184.98 
obj 2269 1019.53 -2021.74 17.67 0 0 -97.44 
obj 2269 1012.74 -2016.28 17.67 0 0 84 
obj 2270 1012.89 -2015 17.67 0 0 84 
obj 2271 1013.2 -2012.44 17.67 0 0 84 
obj 2272 1013.41 -2010.98 17.67 0 0 84 
obj 2273 1013.57 -2009.48 17.67 0 0 84 
obj 2282 1019.02 -2023.63 17.67 0 0 -184.98 
obj 2274 1020.37 -2010.38 17.67 0 0 84 
obj 2275 1020.48 -2009.44 17.67 0 0 84 
obj 2276 1020.6 -2008.39 17.67 0 0 84 
obj 2278 1020.78 -2007.02 17.67 0 0 84 
obj 2279 1020.91 -2005.8 17.67 0 0 84 
obj 2280 1021.05 -2004.75 17.67 0 0 84 
obj 2281 1021.23 -2003.48 17.67 0 0 84 
obj 2283 1023.51 -2011.94 17.67 0 0 173.64 
obj 2284 1021.56 -2011.22 17.67 0 0 173.64 
obj 2285 1021.35 -2023.96 17.67 0 0 173.64 
obj 2286 1025.5 -2024.91 17.67 0 0 173.64 
obj 2290 1017.34 -2023.54 15.62 0 0 171.24 
obj 2311 1015.94 -2021.6 15.62 0 0 -10.02 
obj 2826 1017.26 -2021.9 15.68 0 0 49.5 
obj 2827 1016.14 -2021.64 16.12 0 0 49.5 
obj 2828 1016.61 -2021.53 16.1 0 0 100.62 
obj 2832 1017.45 -2021.86 16.1 0 0 100.62 
obj 2825 1016.05 -2021.58 15.67 0 0 100.62 
obj 2818 1019.9 -2015.14 15.6 0 0 172.92 
obj 2817 1031.81 -2013.86 12.12 0 0 261.18 
obj 2290 1017.51 -2004.73 15.62 0 0 84.18 
obj 2290 1016.49 -2005.7 15.62 0 0 263.88 
obj 2290 1016.95 -2010.78 15.62 0 0 444.48 
obj 19435 1016.93 -2014.26 17.37 0 0 81.36 
obj 19435 1015.35 -2014.02 17.37 0 0 81.36 
obj 2332 1019.38 -2023.7 16.03 0 0 -98.7 
obj 2225 1020.14 -2021.48 15.62 0 0 -100.32 
obj 2225 1030.94 -2024.82 15.62 0 0 -147.42 
obj 2290 1029.12 -2023.84 15.62 0 0 394.44 
obj 19435 1013.8 -2013.78 17.37 0 0 81.36 
obj 19435 1013.26 -2013.7 17.37 0 0 81.36 
obj 2165 1012.96 -2014.18 15.62 0 0 -10.92 
obj 1806 1012.93 -2015.56 15.62 0 0 -37.8 
obj 2096 1012.97 -2021.08 15.61 0 0 -62.04 
obj 2296 1015.77 -2014.44 15.61 0 0 -8.52 
obj 1725 1015.3 -2018.79 15.62 0 0 83.34 
obj 1725 1024.2 -2008.53 15.62 0 0 174 
obj 1725 1021.49 -2008.2 15.62 0 0 173.22 
obj 2573 1025.4 -2003.28 15.62 0 0 -8.46 
obj 2296 1022.44 -2002.73 15.62 0 0 -7.86 
obj 2230 1021.8 -2003.17 15.62 0 0 7.56 
obj 2230 1025.3 -2004.09 15.62 0 0 -30.78 
obj 2230 1018.19 -2015.57 15.62 0 0 -30.78 
obj 2230 1015.71 -2014.97 15.62 0 0 24.36 
obj 2230 1031.67 -2025.09 15.62 0 0 231.3 
obj 2230 1030.56 -2025.63 15.62 0 0 203.88 
obj 2231 1029.94 -2025.52 15.62 0 0 183.06 
obj 2231 1031.8 -2024.29 15.62 0 0 245.52 
obj 2526 1025.06 -2011.69 15.62 0 0 -8.52 
obj 2527 1028.79 -2011.15 15.62 0 0 -187.14 
obj 2739 1025.46 -2008.84 15.62 0 0 -7.44 
obj 2525 1028.89 -2010.11 15.62 0 0 -96.78 
obj 19377 1028.79 -2007.98 19.19 0 90 -7.02 
obj 19377 1027.61 -2017.52 19.19 0 90 -7.02 
obj 19377 1027.25 -2020.46 19.19 0 90 -7.02 
obj 19377 1018.37 -2006.69 19.19 0 90 -7.02 
obj 19377 1017.19 -2016.25 19.19 0 90 -7.02 
obj 19377 1016.86 -2019.2 19.19 0 90 -7.02 
obj 19377 1025.84 -2032.53 12.04 0 90 -7.02 
obj 19454 1026.84 -2027.84 13.84 0 0 83.04 
obj 19325 1020.82 -2030.37 13.53 0 0 -6.96 
obj 19454 1025.89 -2027.72 13.84 0 0 83.04 
obj 19454 1024.96 -2037.15 13.84 0 0 83.04 
obj 19454 1025.68 -2037.23 13.84 0 0 83.04 
obj 19377 1025.83 -2032.49 15.54 0 90 -7.02 
obj 19435 1030.45 -2036.99 13.86 0 0 -7.26 
obj 19435 1030.64 -2035.55 13.86 0 0 -7.26 
obj 19425 1030.16 -2033.22 12.13 0 0 83.22 
obj 19435 1031.4 -2029.21 13.86 0 0 -7.26 
obj 19391 1020.39 -2035.05 13.86 0 0 -7.02 
obj 19435 1031.19 -2030.8 13.86 0 0 -7.26 
obj 19435 1031.18 -2030.97 13.86 0 0 -7.26 
obj 1729 1022.57 -2029.08 12.13 0 0 290.58 
obj 1729 1022.48 -2031.07 12.13 0 0 249.72 
obj 762 1021.19 -2045.21 16.09 3 0 1.63 
obj 762 1006.44 -2028.94 16.09 3 0 103.45 
obj 713 1015.21 -2033.27 11.59 0 0 0 
obj 19377 990.73 -2022.26 7.04 0 90 -7.02 
obj 16375 1011.76 -2034.58 7.17 0 0 -6.54 
obj 1723 994.08 -2009.4 7.12 0 0 -6.72 
obj 19377 985.63 -2021.45 1.71 0 0 -6.96 
obj 1723 989.28 -2008.82 7.12 0 0 -6.72 
obj 1723 995.52 -2013.43 7.12 0 0 172.86 
obj 1723 990.88 -2012.74 7.12 0 0 172.86 
obj 2311 989.53 -2010.72 7.12 0 0 -8.22 
obj 2311 994.24 -2011.33 7.12 0 0 -8.22 
obj 2826 994.32 -2011.42 7.62 0 0 23.52 
obj 2821 995.78 -2011.63 7.62 0 0 23.52 
obj 2850 990.77 -2010.99 7.62 0 0 10.68 
obj 2824 989.86 -2010.82 7.62 0 0 32.4 
obj 2828 995.13 -2011.43 7.62 0 0 0 
obj 19377 1037.67 -2021.75 19.19 0 90 -7.02 
obj 19377 1038.84 -2012.19 19.19 0 90 -7.02 
obj 19377 1039.2 -2009.29 19.19 0 90 -7.02 
obj 19377 1046.21 -2013.83 19.19 0 90 -7.02 
obj 19377 1045.46 -2019.95 19.19 0 90 -7.02 
obj 3499 1031.81 -2025.75 13.65 0 0 0 
obj 3499 1049.35 -2024.51 13.65 0 0 0 
obj 3499 1051.14 -2010.37 13.65 0 0 0 
