sell 10825 -1633.7 810.22 58.24 98 -4 -76 
changeobj 1506 -1635.57 809.26 57.41 0 0 90.9 1502
changeobj 1506 -1637.93 808.25 57.41 0 0 -1.44 1502
changeobj 1506 -1641.09 808.42 57.41 0 0 -1.14 1502
changeobj 1506 -1641.54 810.69 57.41 0 0 -90.06 1502
changeobj 1506 -1645.19 798.87 57.41 0 0 -2.82 1502
changeobj 1506 -1645.21 802.35 57.41 0 0 -1.14 1502
obj 19378 -1640.82 813.33 57.32 0 90 0 
obj 19378 -1640.86 803.72 57.32 0 90 0 
obj 19453 -1646.1 813.37 59 0 0 0 
obj 19453 -1641.39 818.16 59 0 0 -90.54 
obj 19434 -1636.36 818.1 59 0 0 89.04 
obj 19390 -1635.55 809.97 59 0 0 0 
obj 19453 -1640.33 820.47 59 0 0 -90.54 
obj 19453 -1646.11 815.85 59 0 0 0 
obj 19434 -1645.48 820.53 59 0 0 89.04 
obj 19453 -1639.22 815.12 59 0 0 48.66 
obj 19453 -1638.89 803.63 59 0 0 -0.96 
obj 19390 -1637.18 808.31 59 0 0 -90.42 
obj 19453 -1646.14 794.76 59 0 0 -180.36 
obj 19390 -1640.36 808.37 59 0 0 -90.42 
obj 19434 -1642.48 808.4 59 0 0 89.04 
obj 19434 -1643.91 808.43 59 0 0 89.04 
obj 19434 -1645.34 808.46 59 0 0 89.04 
obj 2257 -1645.98 810.45 59.4 0 0 89.34 
obj 2258 -1645.98 812.93 59.28 0 0 90.96 
obj 2267 -1645.98 814.95 59.8 0 0 90.66 
obj 2263 -1644.43 817.54 58.95 0 0 0 
obj 2262 -1645.53 816.65 58.9 0 0 90.66 
obj 2193 -1642.84 807.52 57.41 0 0 -91.08 
obj 1715 -1643.03 806.59 57.39 0 0 114.3 
obj 2163 -1638.98 806.21 58.86 0 0 -90.96 
obj 1724 -1644.97 807.81 57.41 0 0 -89.16 
obj 11665 -1644.27 816.27 58.04 0 0 91.44 
obj 2747 -1643.9 811.23 57.81 0 0 0 
obj 2124 -1643.94 812.22 58.21 0 0 87.3 
obj 2222 -1643.81 811.06 58.31 0 0 -88.26 
obj 2124 -1643.98 810.24 58.21 0 0 -89.04 
obj 2222 -1643.82 811.46 58.31 0 0 -88.26 
obj 2226 -1644.36 811.21 58.23 0 0 90.72 
obj 2290 -1636.23 799.67 57.41 0 0 -180.06 
obj 2315 -1638.28 801.71 57.41 0 0 0 
obj 2813 -1637.39 801.63 57.9 0 0 -18.48 
obj 2816 -1638.24 801.61 57.9 0 0 0 
obj 2226 -1636.77 801.69 57.9 0 0 -58.02 
obj 2382 -1636.08 807.78 57.99 0 0 0 
obj 2399 -1638.26 807.99 58.1 0 0 0 
obj 2375 -1638.24 806.76 57.3 0 0 -90.72 
obj 2387 -1636.51 805.13 57.41 0 0 -0.54 
obj 19453 -1641.53 815.51 59 0 0 0 
obj 19390 -1641.53 809.95 59 0 0 -180 
obj 1723 -1640.85 811.3 57.41 0 0 88.86 
obj 1723 -1638 813.28 57.41 0 0 269.94 
obj 2024 -1639.92 812.89 57.41 0 0 -90.24 
obj 2484 -1639.43 812.53 58.78 0 0 -90.12 
obj 2229 -1641.15 814.77 57.41 0 0 91.14 
obj 2229 -1641.09 815.43 57.41 0 0 93.3 
obj 19333 -1583.23 797.62 57.89 0 0 0 
obj 19453 -1635.56 822.84 59 0 0 0 
obj 19453 -1646.19 822.85 59 0 0 0 
obj 19453 -1640.33 827.65 59 0 0 -90.54 
obj 19434 -1645.48 827.67 59 0 0 89.04 
obj 2614 -1638.78 800.83 59.18 0 0 88.98 
obj 2167 -1641.08 816.41 58.6 0 0 379.44 
obj 2163 -1641.45 812.05 59.17 0 0 89.7 
obj 1808 -1642.06 817.14 57.4 0 0 -27.48 
obj 1360 -1633.46 792.83 57.99 0 0 0 
obj 1360 -1633.4 797.41 57.99 0 0 0 
obj 1568 -1633.24 813.24 57.4 0 0 0 
obj 1568 -1633.19 816.38 57.4 0 0 0 
obj 1568 -1633.19 819.47 57.4 0 0 0 
obj 1568 -1633.12 822.47 57.4 0 0 0 
obj 19453 -1635.54 816 59 0 0 0 
obj 19407 -1635.59 806.81 58.96 0 0 0 
obj 19407 -1635.59 803.71 58.96 0 0 0 
obj 19407 -1635.59 800.5 58.96 0 0 0 
obj 19466 -1635.52 800.46 59.35 0 0 0 
obj 19466 -1635.53 803.91 59.35 0 0 0 
obj 19466 -1635.53 806.76 59.35 0 0 0 
obj 1742 -1638.87 802.86 57.41 0 0 90.54 
obj 1742 -1639.34 815.05 57.41 0 0 -39 
obj 19390 -1644.48 798.86 59 0 0 -90.42 
obj 19407 -1637.25 798.93 58.96 0 0 -89.28 
obj 19466 -1637.14 798.89 59.35 0 0 -89.46 
obj 19407 -1640.43 798.87 58.96 0 0 -89.28 
obj 19466 -1640.46 798.85 59.35 0 0 -89.46 
obj 19434 -1642.46 798.87 59 0 0 90.36 
obj 1823 -1640.17 799.1 57.36 0 0 0 
obj 1823 -1641.33 799.1 57.36 0 0 0 
obj 2290 -1641.41 801.17 57.41 0 0 0.72 
obj 1754 -1642.39 799.74 57.4 0 0 91.56 
obj 1544 -1640.1 799.47 57.83 0 0 0 
obj 1544 -1639.41 799.73 57.83 0 0 0 
obj 1544 -1640.66 799.58 57.83 0 0 0 
obj 1517 -1639.69 799.36 58.06 0 0 0 
obj 1517 -1640.43 799.86 58.06 0 0 0 
obj 1517 -1639.75 799.87 58.06 0 0 0 
obj 1517 -1640.89 799.35 58.06 0 0 0 
obj 2163 -1639.05 803.9 58.86 0 0 -90.96 
obj 2267 -1644.12 808.31 59.37 0 0 -0.9 
obj 2282 -1642.19 799.47 58.98 0 0 180.18 
obj 2028 -1641.11 799.71 57.91 0 0 0 
obj 19453 -1635.59 794.63 59 0 0 -180.36 
obj 19453 -1640.34 789.94 59 0 0 -90.54 
obj 19434 -1645.38 789.98 59 0 0 90.36 
obj 1725 -1641.39 793.56 57.28 0 0 -181.08 
obj 1746 -1643.47 790.66 57.41 0 0 0 
obj 2632 -1637.78 791.12 57.4 0 0 0 
obj 2631 -1637.74 794.16 57.4 0 0 0 
obj 2308 -1637.14 798.32 57.41 0 0 -90 
obj 2025 -1645.59 790.8 57.41 0 0 90.18 
obj 2630 -1640.47 791.01 57.41 0 0 2.7 
obj 19378 -1640.83 794.25 57.32 0 90 0 
obj 2628 -1636.53 795.72 57.41 0 0 -88.56 
obj 2627 -1636.95 792.66 57.41 0 0 -89.82 
obj 2453 -1643.5 790.66 58.31 0 0 0 
obj 1746 -1643.5 791.8 57.41 0 0 0 
obj 2251 -1643.54 791.79 58.75 0 0 0 
obj 1715 -1637.42 797.31 57.39 0 0 114.3 
obj 2297 -1643.1 798.38 57.41 0 0 -44.28 
obj 2230 -1640.84 798.56 57.41 0 0 0 
obj 2230 -1643.32 798.58 57.41 0 0 0 
obj 1710 -1645.28 793.14 57.41 0 0 89.16 
obj 1709 -1640.6 797.42 57.41 0 0 -127.38 
obj 1823 -1644.5 795.01 57.41 0 0 -63.9 
obj 1823 -1643.23 795.54 57.41 0 0 0 
obj 1517 -1643.19 795.98 58.09 0 0 0 
obj 1517 -1642.51 795.81 58.09 0 0 0 
obj 1517 -1642.31 796.22 58.09 0 0 0 
obj 1517 -1642.78 795.78 58.09 0 0 0 
obj 1517 -1643.72 795.33 58.09 0 0 0 
obj 1544 -1644.36 794.97 57.9 0 0 0 
obj 1544 -1643.98 795.19 57.9 0 0 0 
obj 1544 -1644.21 794.72 57.9 0 0 0 
obj 1544 -1642.73 796.2 57.9 0 0 0 
obj 1544 -1643.94 794.29 57.9 0 0 0 
obj 2860 -1643.82 794.72 57.9 0 0 -75.18 
obj 2251 -1643.16 796.26 58.74 0 0 0 
obj 2257 -1645.96 796.1 59.4 0 0 89.34 
obj 2258 -1645.93 793.86 59.28 0 0 90.96 
obj 19390 -1644.5 802.32 59 0 0 -90.42 
obj 19407 -1640.43 802.32 58.96 0 0 -89.28 
obj 19434 -1642.43 802.3 59 0 0 90.36 
obj 19466 -1640.46 802.34 59.35 0 0 -89.46 
obj 2067 -1641.74 802.44 57.41 0 0 0 
obj 2067 -1641.76 802.46 58.83 0 0 0 
obj 2067 -1642.35 802.45 58.83 0 0 0 
obj 2067 -1642.99 802.44 58.83 0 0 0 
obj 2067 -1642.97 802.42 57.38 0 0 0 
obj 2067 -1642.32 802.43 57.38 0 0 0 
obj 19407 -1646.14 800.89 58.96 0 0 0 
obj 19407 -1646.15 804.03 58.96 0 0 0 
obj 19407 -1646.13 807.24 58.96 0 0 0 
obj 19466 -1646.14 800.96 59.35 0 0 0 
obj 19466 -1646.18 804.2 59.35 0 0 0 
obj 19466 -1646.17 807.38 59.35 0 0 0 
obj 1255 -1633.99 802.19 57.81 0 0 1.32 
obj 1255 -1634.05 805.2 57.81 0 0 1.32 
obj 19378 -1640.83 794.25 60.68 0 90 0 
obj 19378 -1640.9 803.84 60.68 0 90 0 
obj 19378 -1640.88 813.47 60.68 0 90 0 
obj 19378 -1640.88 822.97 60.68 0 90 0 
obj 1690 -1637.6 793.28 61.2 0 0 0 
obj 1690 -1637.67 800.66 61.2 0 0 0 
obj 1690 -1637.61 807.58 61.2 0 0 0 
obj 1690 -1637.63 814.48 61.2 0 0 0 
obj 1697 -1642.58 792.93 62.39 0 0 -89.76 
obj 1697 -1642.33 800.3 62.39 0 0 -89.76 
obj 1697 -1642.34 807.68 62.39 0 0 -89.76 
obj 1697 -1642.26 814.62 62.39 0 0 -89.76 
obj 1697 -1642.27 822.27 62.39 0 0 -89.76 
obj 1690 -1637.37 822.21 61.2 0 0 0 
