sell 10825 3001.99 1860.52 31.02 92 0 176.42 
changeobj 1506 3004.4 1859.46 30.1 0 0 0 1502
changeobj 1506 3001.19 1859.45 30.09 0 0 0 1502
changeobj 1506 2997.97 1859.45 30.09 0 0 0 1502
obj 3586 2990.76 1861.63 26.74 0 0 90.09 
obj 8493 3002.44 1871.21 42.38 0 0 0 
obj 19376 2996.93 1854.8 34.47 0 0 358.77 
obj 19376 2996.67 1845.28 36.36 0 0 358.77 
obj 19376 2996.91 1854.8 36.35 0 0 358.77 
obj 19376 2996.79 1836.67 36.36 0 0 4.31 
obj 19376 3007.03 1854.71 34.47 0 0 2.68 
obj 19376 3007.02 1854.7 36.35 0 0 2.74 
obj 19376 3002.14 1854.81 41.52 0 -90 0 
obj 19376 3007.35 1845.36 36.36 0 0 359.79 
obj 19376 3006.92 1836.7 36.36 0 0 356.68 
obj 19376 3001.99 1845.2 41.52 0 -90 359.7 
obj 19376 3001.85 1837.2 41.52 0 -90 359.18 
obj 19376 3001.81 1833.53 36.49 0 0 90.01 
obj 19376 3002.08 1859.48 37.86 0 0 90.01 
obj 19376 3001.87 1859.47 37.86 0 0 90.01 
obj 19392 3005.17 1859.46 31.51 0 0 90.07 
obj 19392 3001.96 1859.46 31.51 0 0 90.07 
obj 19392 2998.75 1859.45 31.51 0 0 90.07 
obj 1745 3002.49 1844.33 31.11 0 0 180.03 
obj 1847 3001.93 1853.63 30.09 0 0 180.08 
obj 16151 3001.45 1835.39 33.9 0 0 270.08 
obj 2589 3001.63 1849.68 37.79 0 0 0 
obj 3461 3004.36 1853.03 33.47 0 0 0 
obj 3461 2999.32 1853 33.57 0 0 0 
obj 3461 2999.42 1840.72 34.7 0 0 0 
obj 3461 3004.57 1840.58 34.69 0 0 0 
obj 3525 3000.2 1859.36 32.82 0 0 0 
obj 3525 3003.42 1859.37 32.61 0 0 0 
obj 3461 3001.45 1849.76 30.81 0 0 0 
obj 3267 2999.04 1879.03 31.41 0 0 0 
obj 3267 3004.82 1878.76 31.46 0 0 0 
obj 19335 3001.3 1838.99 41.6 0 0 0 
obj 2297 3001.28 1846.56 31.12 0 0 314.88 
obj 1481 3001.95 1852.44 31.83 0 0 0 
obj 1825 3005.22 1850.68 31.12 0 0 0 
obj 2036 2996.81 1838.65 35.89 92 0 276 
obj 2061 2996.9 1838.28 33.87 0 0 80.31 
obj 2061 2996.88 1838.68 33.87 0 0 80.31 
obj 2061 2996.87 1839.09 33.87 0 0 80.31 
obj 8483 3000.22 1877.9 24.11 0 0 81.62 
