sell 10825 2983.98 1969.05 44.92 90 0 270 
obj 19433 2976.83 1970.84 40.85 0 54 0 
obj 19433 2979.64 1970.86 42.89 0 54 0.51 
obj 19433 2982.75 1970.88 43.9 0 90 360 
obj 9361 2986.25 1969.74 46.37 0 0 223.69 
obj 2607 2985.08 1966.66 44.39 0 0 268.81 
obj 1714 2985.81 1966.48 44.02 0 0 236.3 
obj 1969 2988.76 1966.8 44.65 0 0 269.19 
obj 2297 2987.84 1965.97 44.04 0 0 134.99 
obj 1798 2985.25 1970.32 44 0 0 358.78 
obj 1670 2988.87 1966.86 44.92 0 0 99.29 
obj 19319 2984.87 1972.43 45.67 0 0 90.09 
obj 1481 2988.46 1973.22 44.7 0 0 0 
obj 3461 2988.68 1971.07 43.09 0 0 0 
obj 2589 2988.74 1971.05 50.16 0 0 0 
obj 2484 2984.82 1966.78 45.6 0 0 270.08 
obj 3877 2988.93 1969.66 45.5 0 0 359.9 
obj 2780 2977.79 1970.81 40.5 0 0 270.09 
