sell 10825 -2901.6 -174.19 3.83 92 360 283.34 
changeobj 1506 -2900.21 -173.27 2.7 0 0 275.59 1502
changeobj 1506 -2901.14 -184.61 2.8 0 0 275.53 1502
changeobj 1506 -2900.95 -186.08 2.79 0 0 275.45 1502
obj 9383 -2934.21 -182.34 -0.14 0 0 1.36 
obj 19448 -2899.31 -184.41 4.44 0 0 274.18 
obj 19448 -2893.45 -177.18 4.62 0 0 4.14 
obj 19448 -2899.58 -179.55 4.34 0 0 4.44 
obj 19325 -2896.93 -173.1 4.01 0 0 274.71 
obj 19448 -2893.02 -182.53 4.6 0 0 4.05 
obj 19325 -2896.12 -187.46 4.73 0 0 272.26 
obj 1523 -2894.47 -184.09 3 0 0 4.07 
obj 2565 -2896.7 -183.05 3.3 0 0 94.22 
obj 2632 -2897.8 -174.15 3 0 0 5.98 
obj 2198 -2895.45 -183.44 3 0 0 183.06 
obj 1671 -2896.12 -182.62 3.4 0 0 1.49 
obj 2296 -2893.89 -175.71 3 0 0 274.28 
obj 1726 -2898.79 -177.52 3 0 0 94.96 
obj 19448 -2895.01 -177.61 6.2 0 87 4.8 
obj 19448 -2898.18 -177.88 6.03 0 91 4.26 
obj 19448 -2897.07 -185.79 6.34 0 87 272.32 
obj 19325 -2896.08 -183.25 6.35 0 90 274 
obj 19448 -2898.93 -187.6 4.53 0 0 271.27 
obj 1645 -2895.58 -173.8 6.6 0 0 271.99 
obj 1645 -2895.36 -175.54 6.6 0 0 272.68 
obj 1645 -2895.18 -177.11 6.51 0 0 270.26 
obj 3586 -2898.17 -166.48 2.9 0 0 3.21 
