sell 10825 2328.1 564 7.66 91 0 0 
changeobj 1506 2327.93 566.77 6.77 0 0 0 1502
changeobj 1506 2326.45 566.77 6.77 0 0 0 1502
obj 8130 2327.06 582.8 21.17 0 0 0 
obj 19453 2362.85 566.84 8.53 0 0 90 
obj 19453 2353.31 566.82 8.53 0 0 90 
obj 19453 2343.83 566.79 8.53 0 0 90 
obj 19453 2334.22 566.78 8.53 0 0 90 
obj 19453 2321.64 566.84 8.53 0 0 90 
obj 19453 2312.06 566.86 8.53 0 0 90 
obj 19453 2302.74 566.87 8.53 0 0 90 
obj 19453 2293.3 566.91 8.53 0 0 90 
obj 19453 2367.59 571.57 8.53 0 0 0 
obj 19453 2367.62 581.16 8.53 0 0 0 
obj 19453 2367.64 590.75 8.53 0 0 0 
obj 19453 2367.68 593.92 8.53 0 0 0 
obj 19453 2362.96 598.79 8.53 0 0 90 
obj 19453 2353.35 598.79 8.53 0 0 90 
obj 19453 2343.73 598.78 8.53 0 0 90 
obj 19453 2334.14 598.76 8.53 0 0 90 
obj 19453 2324.53 598.78 8.53 0 0 90 
obj 19453 2314.92 598.79 8.53 0 0 90 
obj 19453 2305.3 598.78 8.53 0 0 90 
obj 19453 2295.7 598.79 8.53 0 0 90 
obj 19453 2290.51 598.8 8.53 0 0 90 
obj 19453 2285.76 594.07 8.53 0 0 0 
obj 19453 2285.78 584.47 8.53 0 0 0 
obj 19453 2285.77 574.9 8.53 0 0 0 
obj 19453 2285.77 571.68 8.53 0 0 0 
obj 19453 2290.57 566.9 8.53 0 0 90 
obj 19377 2290.94 571.68 10.28 0 90 0 
obj 19377 2290.96 581.3 10.28 0 90 0 
obj 19377 2290.96 590.93 10.28 0 90 0 
obj 19377 2290.94 593.98 10.3 0 90 0 
obj 19377 2301.43 593.98 10.3 0 90 0 
obj 19377 2311.93 593.98 10.3 0 90 0 
obj 19377 2322.42 593.98 10.3 0 90 0 
obj 19377 2332.92 593.98 10.3 0 90 0 
obj 19377 2343.42 593.97 10.3 0 90 0 
obj 19377 2353.9 593.96 10.3 0 90 0 
obj 19377 2362.46 593.95 10.32 0 90 0 
obj 19377 2301.45 590.93 10.28 0 90 0 
obj 19377 2311.91 590.93 10.28 0 90 0 
obj 19377 2322.39 590.94 10.28 0 90 0 
obj 19377 2332.88 590.93 10.28 0 90 0 
obj 19377 2343.37 590.93 10.28 0 90 0 
obj 19377 2353.85 590.94 10.28 0 90 0 
obj 19377 2362.46 590.94 10.28 0 90 0 
obj 19377 2301.4 581.31 10.28 0 90 0 
obj 19377 2311.88 581.31 10.28 0 90 0 
obj 19377 2322.37 581.31 10.28 0 90 0 
obj 19377 2332.85 581.32 10.28 0 90 0 
obj 19377 2343.33 581.32 10.28 0 90 0 
obj 19377 2353.82 581.31 10.28 0 90 0 
obj 19377 2362.46 581.31 10.3 0 90 0 
obj 19377 2301.4 571.68 10.28 0 90 0 
obj 19377 2311.88 571.68 10.28 0 90 0 
obj 19377 2322.37 571.68 10.28 0 90 0 
obj 19377 2332.84 571.68 10.28 0 90 0 
obj 19377 2343.33 571.69 10.28 0 90 0 
obj 19377 2362.46 571.69 10.3 0 90 0 
obj 19377 2353.82 571.69 10.28 0 90 0 
obj 1371 2329.89 566.31 7.55 0 0 0 
obj 1371 2325.95 566.4 7.55 0 0 0 
obj 2169 2328.1 591.83 6.78 0 0 180 
obj 2169 2326.14 591.85 6.78 0 0 180 
obj 2169 2324.22 591.84 6.78 0 0 180 
obj 2169 2322.26 591.84 6.78 0 0 180 
obj 2169 2320.32 591.83 6.78 0 0 180 
obj 19429 2322.67 598.65 9.22 90 90 0 
obj 1247 2323.21 598.58 9.6 0 0 0 
obj 1247 2323.21 598.58 9.12 0 0 0 
obj 1247 2322.25 598.57 9.6 0 0 0 
obj 1247 2322.25 598.57 9.14 0 0 0 
obj 1247 2322.75 598.59 9.39 0 0 0 
obj 2169 2318.36 591.84 6.78 0 0 180 
obj 2169 2316.41 591.83 6.78 0 0 180 
obj 2169 2315.42 592.65 6.78 0 0 90 
obj 2169 2315.41 594.6 6.78 0 0 90 
obj 1491 2315.1 597.32 5.04 0 0 89 
obj 1491 2315.08 597.37 5.04 0 0 -90 
obj 2169 2330.06 591.84 6.78 0 0 180 
obj 2169 2332 591.84 6.78 0 0 180 
obj 2169 2331.99 593.66 6.78 0 0 -91 
obj 2169 2332.02 595.62 6.78 0 0 -91 
obj 2169 2332.05 597.54 6.78 0 0 -91 
obj 2169 2332.06 599.51 6.78 0 0 -91 
obj 2198 2319.29 598.12 6.76 0 0 0 
obj 2198 2322.45 598.22 6.76 0 0 0 
obj 2198 2325.45 598.18 6.76 0 0 0 
obj 2198 2328.74 598.17 6.76 0 0 0 
obj 1714 2329.58 597.14 6.73 0 0 -120 
obj 1714 2326.2 597 6.73 0 0 -185 
obj 1714 2323.32 597.06 6.73 0 0 -135 
obj 1714 2320.23 596.88 6.73 0 0 -135 
obj 2855 2325.71 591.76 7.57 0 0 0 
obj 2855 2325.71 591.76 7.68 0 0 0 
obj 2855 2324.68 591.81 7.57 0 0 0 
obj 2855 2323.66 591.73 7.57 0 0 0 
obj 2855 2322.32 591.76 7.57 0 0 0 
obj 2855 2322.94 591.74 7.57 0 0 0 
obj 1716 2322.61 591.11 6.76 0 0 0 
obj 1716 2323.84 591.1 6.76 0 0 0 
obj 1716 2325 591.1 6.76 0 0 0 
obj 1716 2326.06 591.04 6.76 0 0 0 
obj 1716 2321.17 591.14 6.76 0 0 0 
obj 1716 2319.75 591.14 6.76 0 0 0 
obj 1716 2318.13 591.19 6.76 0 0 0 
obj 1716 2316.63 591.17 6.76 0 0 0 
obj 1716 2327.57 591.02 6.76 0 0 0 
obj 1716 2328.92 591.08 6.76 0 0 0 
obj 1716 2329.84 591.04 6.76 0 0 0 
obj 1716 2331.16 591.11 6.76 0 0 0 
obj 2356 2317.87 592.85 6.78 0 0 -171 
obj 2356 2319.68 592.81 6.78 0 0 -171 
obj 2356 2321.7 592.76 6.78 0 0 -142 
obj 2356 2323.52 592.71 6.78 0 0 -142 
obj 2356 2325.43 592.62 6.76 0 0 -171 
obj 2356 2327.54 592.75 6.76 0 0 -171 
obj 2356 2329.46 592.68 6.76 0 0 -171 
obj 2164 2327.03 598.66 8.14 0 0 0 
obj 2162 2317.51 598.66 6.78 0 0 0 
obj 1726 2331.13 595.89 6.78 0 0 -90 
obj 19175 2308.52 598.7 9.23 0 0 0 
obj 1709 2307 597.1 6.78 0 0 0 
obj 19453 2295.27 595.41 8.53 0 0 0 
obj 19453 2290.54 589.12 8.53 0 0 90 
obj 1491 2295.27 590.63 6.74 0 0 -90 
obj 1710 2286.44 598.18 6.78 0 0 0 
obj 1701 2293.85 595.22 6.63 0 0 0 
obj 2845 2293.93 596.52 7.36 0 0 0 
obj 2021 2292.91 597.17 6.78 0 0 0 
obj 2020 2291 597.7 6.75 0 0 0 
obj 19436 2289.92 589.95 8.46 0 0 0 
obj 19436 2289.91 591.52 8.46 0 0 0 
obj 19436 2289.93 592.22 8.46 0 0 90 
obj 19436 2288.1 592.24 8.46 0 0 90 
obj 1491 2285.81 592.23 6.71 0 0 0 
obj 2526 2288.05 589.66 6.76 0 0 0 
obj 2525 2286.19 589.69 6.79 0 0 180 
obj 2613 2289.93 592.87 6.76 0 0 0 
obj 19439 2288.24 591.52 6.71 0 90 0 
obj 19439 2288.21 589.91 6.71 0 90 0 
obj 19439 2287.54 589.93 6.7 0 90 0 
obj 19439 2287.59 591.52 6.7 0 90 0 
obj 2305 2290.36 591.64 6.62 0 0 92 
obj 19436 2289.58 592.23 8.46 0 0 90 
obj 2828 2290.43 591.64 7.65 0 0 -142 
obj 1821 2289.84 590.24 6.78 0 0 -89 
obj 2855 2290.26 589.77 7.29 0 0 0 
obj 2311 2288.78 592.79 6.78 0 0 0 
obj 1786 2289.62 592.55 7.26 0 0 -180 
obj 2231 2290.17 592.41 7.28 0 0 -180 
obj 2231 2288.41 592.52 7.28 0 0 -180 
obj 2855 2289.59 592.91 6.83 0 0 0 
obj 1742 2285.71 597.64 7.73 0 0 -270 
obj 19173 2285.85 595.42 9.38 0 0 90 
obj 19453 2295.26 584.25 8.53 0 0 0 
obj 1491 2295.21 579.5 6.74 0 0 -90 
obj 19453 2290.51 577.97 8.53 0 0 90 
obj 19453 2295.18 573.24 8.53 0 0 0 
obj 1491 2297.08 568.35 6.74 0 0 -90 
obj 19436 2288.14 581.14 8.46 0 0 90 
obj 19436 2289 578.82 8.46 0 0 -1 
obj 19436 2289.02 580.42 8.46 0 0 -1 
obj 1491 2285.86 581.16 6.78 0 0 0 
obj 2526 2288.44 579.76 6.76 0 0 -91 
obj 2525 2286.33 578.84 6.78 0 0 89 
obj 2613 2289.07 581.78 6.78 0 0 0 
obj 1701 2286.31 585.58 6.58 0 0 0 
obj 14455 2292.75 589.01 8.4 0 0 180 
obj 2305 2294.69 588.48 6.66 0 0 -8 
obj 2828 2294.6 588.41 7.69 0 0 105 
obj 14455 2295.15 582.88 8.4 0 0 90 
obj 2174 2294.67 581.77 6.76 0 0 -90 
obj 1714 2293.74 580.99 6.75 0 0 142 
obj 2297 2286.07 583.89 6.75 0 0 45 
obj 2208 2289.6 581.05 6.78 0 0 -91 
obj 2251 2289.61 579.02 8.5 0 0 0 
obj 2855 2289.39 580.96 7.65 0 0 0 
obj 2855 2289.33 580.23 7.65 0 0 0 
obj 2855 2289.33 580.23 7.77 0 0 0 
obj 2855 2289.33 580.23 7.91 0 0 0 
obj 1726 2289.79 585.66 6.72 0 0 -90 
obj 2311 2288.03 585.37 6.76 0 0 -91 
obj 2826 2287.91 584.58 7.26 0 0 0 
obj 2855 2288.13 584.91 6.82 0 0 0 
obj 19172 2292.19 578.06 8.79 0 0 -180 
obj 2162 2285.9 586.78 8.59 0 0 90 
obj 19436 2288.97 567.8 8.46 0 0 -1 
obj 19436 2288.13 568.51 8.46 0 0 90 
obj 1491 2285.85 568.51 6.78 0 0 0 
obj 2526 2287.14 567.45 6.72 0 0 0 
obj 2305 2289.5 567.43 6.6 0 0 -181 
obj 14455 2285.87 577.17 8.37 0 0 -90 
obj 14455 2295.08 572.95 8.37 0 0 -270 
obj 2564 2286.27 575.42 6.72 0 0 0 
obj 2166 2293.52 576.43 6.78 0 0 0 
obj 1714 2294.46 576.11 6.74 0 0 -113 
obj 2191 2292.06 577.4 6.75 0 0 0 
obj 1742 2295.24 571.74 7.86 0 0 -90 
obj 2296 2292.48 567.22 6.79 0 0 -180 
obj 1727 2292.96 575.94 6.72 0 0 -179 
obj 1726 2290.21 573.27 6.78 0 0 0 
obj 2311 2290.47 571.57 6.73 0 0 0 
obj 19175 2288.96 577.89 9.09 0 0 0 
obj 19453 2356.4 593.87 8.53 0 0 0 
obj 19453 2362.78 589.15 8.53 0 0 90 
obj 1491 2356.46 589.13 6.75 0 0 0 
obj 1709 2357.86 597.16 6.78 0 0 0 
obj 1710 2356.99 593.78 6.74 0 0 90 
obj 1710 2363.57 596.26 6.74 0 0 -90 
obj 2296 2361.14 589.54 6.75 0 0 -180 
obj 2532 2367.07 598.21 6.65 0 0 -90 
obj 2541 2366.48 598.22 6.6 0 0 -90 
obj 2532 2366.56 598.21 6.65 0 0 -90 
obj 2784 2367.19 593.68 7.95 0 0 90 
obj 2453 2367.13 597.16 7.83 0 0 0 
obj 2453 2367.13 596.7 7.83 0 0 0 
obj 2453 2367.13 596.24 7.83 0 0 0 
obj 2453 2367.17 595.78 7.83 0 0 0 
obj 2677 2364.37 597.23 7.07 0 0 0 
obj 2217 2367.19 594.55 7.51 -24 23 -12 
obj 2217 2367.17 593.56 7.51 -24 23 -12 
obj 2217 2367.08 592.34 7.51 -24 23 -12 
obj 2217 2367.09 591.06 7.51 -24 23 -12 
obj 2311 2359.48 595.25 6.74 0 0 0 
obj 2855 2360.5 595.25 6.81 0 0 0 
obj 2855 2359.9 595.24 6.81 0 0 0 
obj 2855 2361 595.27 6.81 0 0 0 
obj 2855 2360.34 595.33 7.21 0 0 0 
obj 19453 2362.73 587.66 8.53 0 0 90 
obj 19453 2358.08 581.31 8.53 0 0 0 
obj 1491 2358.04 587.57 6.74 0 0 -90 
obj 19453 2358.09 571.68 8.53 0 0 0 
obj 1710 2367.01 586.12 6.74 0 0 -90 
obj 1710 2367.02 581.65 6.74 0 0 -90 
obj 1710 2367.05 577.15 6.74 0 0 -90 
obj 1710 2367.06 572.71 6.74 0 0 -90 
obj 1710 2367.12 567.39 6.74 0 0 -179 
obj 1710 2362.43 567.4 6.74 0 0 -179 
obj 1710 2362.13 587.16 6.74 0 0 0 
obj 2296 2358.42 572.35 6.72 0 0 90 
obj 19175 2358.18 569.74 9.26 0 0 90 
obj 19175 2358.18 576.86 9.26 0 0 90 
obj 19172 2362.31 566.93 9.06 0 0 -180 
obj 1893 2362.93 582.49 10.16 0 0 0 
obj 1893 2362.37 574.78 10.18 0 0 0 
obj 1893 2360.42 595.21 10.16 0 0 0 
obj 1893 2285.97 584.58 10.19 0 0 -4 
obj 1893 2291.62 579.88 10.19 0 0 -4 
obj 1893 2292.01 586.2 10.19 0 0 -4 
obj 1893 2289.73 573.65 10.19 0 0 0 
obj 1893 2291.74 570.16 10.19 0 0 0 
obj 1893 2287.64 594.61 10.19 0 0 0 
obj 1893 2288.16 596.85 10.19 0 0 0 
obj 1893 2292.23 591.28 10.19 0 0 0 
obj 1709 2339.13 597.2 6.78 0 0 0 
obj 19175 2343.3 598.7 9.22 0 0 0 
obj 2745 2327.95 578.87 7.94 0 0 0 
obj 19453 2306.58 573.25 8.53 0 0 0 
obj 19453 2301.85 578.04 8.53 0 0 90 
obj 1491 2306.59 568.45 6.74 0 0 -90 
obj 19453 2297.11 573.15 8.53 0 0 0 
obj 19453 2297.11 582.9 8.53 0 0 0 
obj 19453 2306.52 582.81 8.53 0 0 0 
obj 1491 2306.53 589.11 6.74 0 0 -90 
obj 19453 2301.8 589.17 8.53 0 0 90 
obj 19453 2297.08 584.31 8.53 0 0 0 
obj 1491 2295.18 568.45 6.74 0 0 -90 
obj 19436 2297.98 580.7 8.46 0 0 90 
obj 19436 2299.54 580.69 8.46 0 0 90 
obj 19436 2300.3 580.35 8.46 0 0 -1 
obj 1491 2300.3 578.09 6.76 0 0 89 
obj 2526 2297.56 580.11 6.69 0 0 0 
obj 2525 2297.6 578.49 6.74 0 0 90 
obj 2140 2299.75 579.85 6.56 0 0 0 
obj 2296 2299.72 581.03 6.77 0 0 -179 
obj 2564 2297.41 586.61 6.69 0 0 0 
obj 2305 2305.9 578.61 6.69 0 0 -90 
obj 2140 2304.88 578.63 6.64 0 0 -180 
obj 2138 2303.88 578.64 6.61 0 0 -180 
obj 2140 2302.93 578.66 6.64 0 0 -180 
obj 14455 2306.33 579.79 8.16 0 0 -270 
obj 1742 2306.56 585.88 7.71 0 0 -90 
obj 2181 2297.69 584.86 6.78 0 0 91 
obj 1714 2298.41 585.46 6.8 0 0 -33 
obj 1726 2297.46 583.89 6.72 0 0 0 
obj 1823 2299.74 583.37 6.73 0 0 0 
obj 2855 2300.31 583.84 7.22 0 0 0 
obj 16151 2302.08 576.93 7.08 0 0 91 
obj 19058 2297.77 577.49 7.4 0 0 0 
obj 19076 2297.89 574.11 -2.46 0 0 98 
obj 19059 2299.61 576.07 8.06 0 0 0 
obj 19060 2300.48 576.21 8.03 0 0 0 
obj 2638 2305.4 572.76 7.38 0 0 0 
obj 2644 2305.14 571.27 7.2 0 0 0 
obj 2638 2305.39 569.74 7.38 0 0 0 
obj 2644 2305.38 574.15 7.2 0 0 0 
obj 19175 2304.66 577.96 9.2 0 0 0 
obj 19174 2300.03 589.09 9.07 0 0 0 
obj 19453 2348.59 571.66 8.53 0 0 0 
obj 19453 2353.29 578.06 8.53 0 0 90 
obj 1491 2348.55 577.99 6.74 0 0 -90 
obj 2023 2349.04 576.2 6.74 0 0 -2 
obj 2166 2350.15 574.49 6.76 0 0 90 
obj 1714 2350.12 575.18 6.78 0 0 0 
obj 2199 2348.72 573.12 6.66 0 0 -270 
obj 2140 2349.02 572.15 6.69 0 0 90 
obj 2140 2349.02 571.2 6.69 0 0 90 
obj 2140 2349.02 570.26 6.69 0 0 90 
obj 2140 2349.03 569.32 6.69 0 0 90 
obj 2140 2349.01 568.39 6.69 0 0 90 
obj 14446 2353.83 568.68 7.03 0 0 180 
obj 19317 2354.55 566.93 8.82 0 0 -180 
obj 19318 2353.63 566.89 8.78 0 0 180 
obj 2020 2357.22 567.89 6.76 0 0 180 
obj 2020 2351.68 567.96 6.76 0 0 180 
obj 2305 2349.09 567.36 6.72 0 0 178 
obj 19436 2355.32 577.27 8.48 0 0 0 
obj 19436 2355.8 576.57 8.48 0 0 91 
obj 1491 2358.12 576.58 6.75 0 0 -180 
obj 1821 2354.39 577.78 6.76 0 0 -90 
obj 2269 2354.74 577.33 8.73 0 0 -90 
obj 2313 2357.62 571.38 6.76 0 0 -89 
obj 1786 2357.82 570.77 7.26 0 0 -89 
obj 2231 2357.91 571.33 7.22 0 0 -84 
obj 2231 2357.84 569.53 7.22 0 0 -98 
obj 2631 2356.07 572.51 6.76 0 0 0 
obj 2631 2356.07 570.61 6.76 0 0 0 
obj 2631 2356.17 568.71 6.76 0 0 0 
obj 2631 2356.27 567.79 6.74 0 0 0 
obj 2631 2352.14 570.6 6.76 0 0 0 
obj 2631 2352.16 572.5 6.76 0 0 0 
obj 2631 2352.14 568.67 6.76 0 0 0 
obj 2631 2352.13 567.79 6.74 0 0 0 
obj 1746 2354.61 570.92 6.69 0 0 0 
obj 1746 2353.65 570.91 6.69 0 0 0 
obj 1746 2352.71 570.9 6.69 0 0 0 
obj 2525 2355.75 577.27 6.76 0 0 90 
obj 2742 2356.41 577.93 8.23 0 0 1 
obj 1491 2354.79 589.11 6.75 0 0 0 
obj 19453 2345.27 593.89 8.53 0 0 0 
obj 19453 2350 589.13 8.53 0 0 90 
obj 19436 2348.29 590.01 8.48 0 0 0 
obj 19436 2347.66 590.71 8.48 0 0 89 
obj 1491 2345.35 590.67 6.69 0 0 0 
obj 2525 2347.82 589.97 6.79 0 0 -89 
obj 14446 2346.98 596.91 6.91 0 0 0 
obj 14446 2350.46 596.92 6.91 0 0 0 
obj 14446 2353.94 596.92 6.91 0 0 0 
obj 2632 2347.18 589.98 6.74 0 0 0 
obj 2632 2351.09 590.01 6.74 0 0 0 
obj 2632 2354.36 590.03 6.74 0 0 0 
obj 2632 2354.35 591.86 6.74 0 0 0 
obj 2632 2350.45 591.88 6.74 0 0 0 
obj 2632 2347.23 591.87 6.74 0 0 0 
obj 2632 2347.25 593.75 6.74 0 0 0 
obj 2632 2351.14 593.74 6.74 0 0 0 
obj 2632 2354.51 593.75 6.73 0 0 0 
obj 2632 2354.5 595.63 6.75 0 0 0 
obj 2632 2350.58 595.65 6.75 0 0 0 
obj 2632 2347.16 595.64 6.75 0 0 0 
obj 2632 2350.55 597.56 6.75 0 0 0 
obj 2632 2354.45 597.55 6.75 0 0 0 
obj 2296 2352.64 589.46 6.81 0 0 -180 
obj 2230 2349.61 589.19 6.74 0 0 -180 
obj 2230 2353.04 589.21 6.74 0 0 -180 
obj 1724 2349.58 589.8 6.71 0 0 -181 
obj 2140 2355.84 598.2 6.49 0 0 -92 
obj 14455 2356.29 592.69 8.09 0 0 90 
obj 19175 2349.35 598.68 8.77 0 0 0 
obj 19453 2306.48 595.56 8.53 0 0 0 
obj 1491 2306.5 590.75 6.74 0 0 -90 
obj 1491 2297.05 590.77 6.74 0 0 -90 
obj 19453 2297.05 595.57 8.53 0 0 0 
obj 19436 2297.77 595.74 8.46 0 0 -90 
obj 19436 2298.47 596.53 8.46 0 0 0 
obj 1491 2298.47 598.81 6.74 0 0 -90 
obj 2525 2297.78 596.23 6.77 0 0 180 
obj 2613 2297.64 599.38 6.77 0 0 0 
obj 14446 2304.72 596.94 7.07 0 0 0 
obj 2296 2302.81 589.56 6.77 0 0 -180 
obj 1742 2301.77 598.84 7.83 0 0 0 
obj 1728 2300.38 598.32 6.65 0 0 0 
obj 2204 2297.16 593.12 6.73 0 0 90 
obj 19175 2297.14 592.2 9.4 0 0 90 
obj 14449 2343.91 569.2 8.02 0 0 -89 
obj 14449 2334.24 569.04 8.01 0 0 -89 
obj 14449 2321.4 569.18 8.01 0 0 -89 
obj 1710 2357.44 584.63 6.74 0 0 -90 
obj 2311 2357.45 580.07 6.73 0 0 -90 
obj 2855 2357.51 579.73 7.22 0 0 0 
obj 1710 2344.75 596.38 6.74 0 0 -90 
obj 1710 2344.61 591.94 6.74 0 0 -90 
obj 1709 2343.7 589.35 6.78 0 0 -179 
obj 2311 2341.96 593.24 6.73 0 0 -90 
obj 2311 2341.04 593.22 6.73 0 0 -90 
obj 2251 2341.48 592.25 8.06 0 0 0 
obj 1710 2310.77 591.63 6.74 0 0 -180 
obj 1823 2309.4 593.95 6.74 0 0 0 
obj 1823 2308.22 593.94 6.74 0 0 0 
obj 1823 2308.22 594.91 6.74 0 0 0 
obj 1823 2309.38 594.91 6.74 0 0 0 
obj 1728 2316.79 567.98 6.74 0 0 89 
obj 1823 2322.19 569.45 6.74 0 0 91 
obj 1823 2322.17 567.71 6.74 0 0 91 
obj 1728 2325.42 570.06 6.74 0 0 -90 
obj 1728 2330.74 568.04 6.74 0 0 89 
obj 1823 2335.01 569.38 6.74 0 0 91 
obj 1823 2335.06 567.7 6.74 0 0 91 
obj 1728 2338.73 570.17 6.74 0 0 -90 
obj 1728 2340.29 568.12 6.74 0 0 89 
obj 1823 2344.87 569.33 6.74 0 0 91 
obj 1823 2344.87 567.64 6.74 0 0 91 
obj 1728 2347.87 570.29 6.74 0 0 -90 
obj 1710 2326.18 582.28 6.74 0 0 0 
obj 1710 2330.52 581.49 6.74 0 0 -90 
obj 1710 2325.54 577.84 6.74 0 0 91 
obj 2311 2327.17 579.7 6.72 0 0 0 
