sell 10825 197.13 1615.33 36.26 90 0 190 
changeobj 1506 197.38 1614.53 35.38 0 0 0 1502
changeobj 1506 195.93 1614.53 35.38 0 0 0 1502
changeobj 1506 197.44 1596.32 42.15 0 0 0 1502
changeobj 1506 179.62 1596.22 42.04 0 0 0 1502
obj 3586 189.93 1662.23 19.95 0 0 0 
obj 3586 189.91 1651.48 26.43 0 0 0 
obj 3586 189.78 1639.97 32.56 0 0 0 
obj 19129 189.19 1624.53 35.3 0 0 0 
obj 19129 189.14 1605.72 35.28 0 0 0 
obj 19129 189.07 1592.13 35.27 0 0 0 
obj 19379 199.02 1590.5 40.51 0 0 0 
obj 19379 199.03 1586.71 40.59 0 0 0 
obj 19379 194.68 1582.09 40.55 0 0 90 
obj 1649 181.56 1582.16 36.91 0 0 0 
obj 1649 181.47 1582.13 40.04 0 0 0 
obj 1649 181.5 1582.18 43.3 0 0 0 
obj 1649 181.6 1582.17 46.61 0 0 0 
obj 19379 199.01 1600.08 40.58 0 0 0 
obj 19379 198.97 1609.75 40.51 0 0 0 
obj 19379 194.16 1614.38 43.08 0 0 90 
obj 19379 191.3 1614.34 40.57 0 0 90 
obj 19379 194.65 1582.11 51.08 0 0 90 
obj 19379 199.04 1586.73 51.07 0 0 0 
obj 19379 198.93 1596.35 51.03 0 0 0 
obj 19379 198.93 1605.97 51.06 0 0 0 
obj 19379 198.94 1609.6 51.06 0 0 0 
obj 19379 194.21 1614.42 51.05 0 0 90 
obj 19379 191.06 1614.5 51.04 0 0 90 
obj 1649 181.43 1614.49 37.03 0 0 0 
obj 1649 181.42 1614.42 40.27 0 0 0 
obj 1649 181.44 1614.43 43.46 0 0 0 
obj 1649 181.47 1614.39 46.58 0 0 0 
obj 19379 187.99 1614.74 40.58 0 0 90 
obj 19379 188.54 1614.43 51.05 0 0 90 
obj 19379 184.25 1614.47 51.06 0 0 90 
obj 19379 179.32 1609.7 40.66 0 0 0 
obj 19379 179.33 1609.72 51.07 0 0 0 
obj 19379 179.34 1600.22 40.67 0 0 0 
obj 19379 179.4 1600.2 51.06 0 0 0 
obj 19379 179.28 1590.6 40.78 0 0 0 
obj 19379 179.3 1590.6 51.24 0 0 0 
obj 19379 179.33 1586.86 40.73 0 0 0 
obj 19379 179.37 1586.86 49.83 0 0 0 
obj 19379 179.36 1586.92 51.21 0 0 0 
obj 19379 188.58 1582.16 40.6 0 0 90 
obj 19379 188.57 1582.13 51.05 0 0 90 
obj 19379 184.19 1582.17 51.11 0 0 90 
obj 19379 194.02 1586.87 55.99 0 90 0 
obj 19379 184.37 1586.88 55.98 0 90 0 
obj 19379 194.03 1595.56 55.93 0 90 0 
obj 19379 184.42 1595.56 55.93 0 90 0 
obj 19379 194.03 1601.1 55.91 0 90 0 
obj 19379 184.33 1601.09 55.86 0 90 0 
obj 19379 194.02 1609.73 55.86 0 90 0 
obj 19379 184.62 1609.4 55.84 0 90 0 
obj 3515 197.28 1633.04 35.83 0 0 0 
obj 3515 197.43 1624.87 35.95 0 0 0 
obj 3515 196.98 1618.5 35.73 0 0 0 
obj 3515 180.97 1632.96 36.18 0 0 0 
obj 3515 181.19 1625.37 36.13 0 0 0 
obj 3515 181.48 1618.62 35.83 0 0 0 
obj 3528 197.53 1616.28 43.34 0 0 90 
obj 3528 192.32 1616.2 43.3 0 0 90 
obj 3528 187.24 1616.17 43.01 0 0 90 
obj 3528 197.89 1615.67 48.98 0 0 90 
obj 3528 187.18 1615.88 48.49 0 0 90 
obj 8492 191.62 1615.07 55.27 0 0 140.82 
obj 11470 184.93 1630.72 40.51 0 0 0 
obj 11470 193.76 1630.58 40.24 0 0 0 
obj 7073 190.43 1600.89 74.31 0 0 90 
obj 1646 198.3 1613.01 56.18 0 0 0 
obj 1646 197.08 1612.95 56.06 0 0 0 
obj 1646 195.79 1613.01 56.22 0 0 0 
obj 6965 190.06 1602.65 59.7 0 0 0 
obj 16151 189.81 1583.49 35.71 0 0 267.92 
obj 16152 180.63 1585.6 35.22 0 0 0 
obj 16152 180.6 1594.83 35.33 0 0 0 
obj 16152 180.55 1604.07 35.34 0 0 0 
obj 14565 188.25 1613.42 37.65 0 0 90 
obj 1212 193.82 1608.12 35.66 0 0 0 
obj 14416 196.97 1590.55 36.2 0 0 0 
obj 14416 196.97 1594.52 38.99 0 0 0 
obj 19375 195.08 1601.22 42.17 0 90 0 
obj 19375 184.7 1601.18 42.18 0 90 0 
obj 19375 184.65 1592.06 42.19 0 90 0 
obj 19375 184.6 1586.96 42.21 0 90 0 
obj 19375 193.83 1586.83 42.29 0 90 0 
obj 19375 189.52 1591.8 42.21 0 90 0 
obj 19375 195.39 1610.68 42.22 0 90 0 
obj 19375 184.81 1609.82 42.23 0 90 0 
obj 19375 194.07 1596.3 49.79 0 0 90 
obj 19375 192.67 1596.33 47.44 0 0 90 
obj 19375 184.46 1596.19 49.79 0 0 90 
obj 19375 185.85 1596.2 47.46 0 0 90 
obj 14510 184.61 1609.05 44.06 0 0 0 
obj 1701 190.51 1610.74 42.15 0 0 0 
obj 1701 197.51 1610.57 42.18 0 0 0 
obj 1752 193.97 1607.06 42.2 0 0 190 
obj 1701 195.63 1600.19 42.14 0 0 190 
obj 1701 187.67 1599.99 42.27 0 0 190 
obj 1752 190.94 1601.58 42.11 0 0 0 
obj 2783 184.09 1582.6 42.8 0 0 0 
obj 19336 197.75 1583.62 42.41 0 0 0 
obj 1985 187.42 1586.4 46.66 0 0 0 
obj 1985 190.25 1586.12 46.55 0 0 0 
obj 1701 186.56 1592.65 42.43 0 0 0 
obj 1701 190.54 1592.45 42.14 0 0 0 
