sell 10825 -1425.27 852.52 7.14 90 0 90 
changeobj 1506 -1378.39 852.91 7.58 0 0 -90 1502
changeobj 1506 -1378.44 849.82 7.58 0 0 -90 1502
changeobj 1506 -1349.37 847.48 7.58 0 0 0 1502
obj 11492 -1430.28 865.98 6.17 0 0 90 
obj 19447 -1423.77 852.55 6.17 -15 90 90 
obj 19447 -1414.58 852.55 7.48 0 90 90 
obj 19325 -1431.61 877.68 8.35 90 0 90 
obj 19435 -1411.29 850.78 8.33 90 0 90 
obj 19435 -1417.53 850.85 8.33 90 0 90 
obj 19435 -1414.39 850.82 8.33 90 0 90 
obj 19435 -1417.51 854.23 8.33 90 0 90 
obj 19435 -1414.26 854.22 8.33 90 0 90 
obj 19435 -1411.41 854.24 8.33 90 0 90 
obj 19377 -1352.26 842.66 7.49 0 90 0 
obj 19377 -1373.22 852.26 7.49 0 90 0 
obj 19377 -1373.24 861.88 7.49 0 90 0 
obj 19377 -1362.75 852.26 7.49 0 90 0 
obj 19377 -1352.27 852.22 7.49 0 90 0 
obj 19325 -1378.47 856.79 9 0 0 0 
obj 19458 -1372.98 866.62 9.32 0 0 90 
obj 19458 -1368.08 861.89 9.32 0 0 0 
obj 19325 -1378.47 863.37 9 0 0 0 
obj 19458 -1363.41 857.15 9.32 0 0 90 
obj 19388 -1369.68 857.18 9.32 0 0 90 
obj 19400 -1372.85 857.2 9.32 0 0 -90 
obj 19325 -1374.91 857.17 9.1 0 0 90 
obj 19388 -1378.42 849.05 9.31 0 0 0 
obj 19388 -1378.42 852.14 9.31 0 0 0 
obj 3499 -1368.12 856.93 1.99 0 0 0 
obj 3499 -1347.78 856.37 1.99 0 0 0 
obj 3499 -1377.86 857.38 1.99 0 0 0 
obj 3499 -1377.91 866.06 1.99 0 0 0 
obj 3499 -1368.26 866.07 1.99 0 0 0 
obj 3499 -1377.8 848.16 1.99 0 0 0 
obj 3499 -1365.99 848.02 1.99 0 0 0 
obj 3499 -1348.21 830.18 1.99 0 0 0 
obj 3499 -1357.64 847.44 1.99 0 0 0 
obj 1491 -1370.44 857.19 7.58 0 0 0 
obj 19458 -1373.7 866.62 9.32 0 0 90 
obj 19458 -1373.57 847.44 9.32 0 0 90 
obj 19458 -1351.79 857.11 9.32 0 0 90 
obj 19400 -1376.85 857.16 9.32 0 0 -90 
obj 19458 -1364.11 847.47 9.32 0 0 90 
obj 19388 -1348.64 847.48 9.32 0 0 -90 
obj 19458 -1357.42 842.62 9.32 0 0 180 
obj 19458 -1353.88 857.14 9.32 0 0 90 
obj 19458 -1347.06 852.39 9.32 0 0 180 
obj 19458 -1347.06 842.92 9.32 0 0 180 
obj 19458 -1354.92 847.48 9.32 0 0 90 
obj 16151 -1356.21 842.22 7.89 0 0 -180 
obj 19435 -1347.08 829.98 8.33 90 0 0 
obj 19435 -1350.45 829.88 8.33 90 0 0 
obj 19435 -1347.08 836.41 8.33 90 0 0 
obj 19435 -1347.08 833.22 8.33 90 0 0 
obj 19435 -1352.27 837.87 8.33 90 0 90 
obj 19435 -1350.43 832.67 8.33 90 0 0 
obj 19435 -1350.44 836.13 8.33 90 0 0 
obj 19435 -1355.77 837.88 8.33 90 0 90 
obj 1594 -1352.15 843.94 8.05 0 0 0 
obj 1594 -1352.02 840.18 8.05 0 0 0 
obj 3499 -1356.86 838.61 1.99 0 0 0 
obj 19447 -1348.77 833.04 7.47 0 90 0 
obj 10009 -1348.66 823.33 4.32 0 0 90 
obj 19378 -1355.06 818.99 -4.09 90 0 180 
obj 3499 -1347.8 838.26 1.99 0 0 0 
obj 19378 -1339.99 829.12 0.03 0 90 0 
obj 19378 -1360.59 829.07 0.03 0 90 0 
obj 19378 -1365.49 818.99 -4.09 90 0 0 
obj 19378 -1360.29 824.28 -4.69 90 0 90 
obj 19378 -1360.35 813.73 -4.09 90 0 90 
obj 19378 -1360.28 818.4 -8.89 0 90 0 
obj 19378 -1360.14 819.35 -8.89 0 90 0 
obj 19435 -1364.67 819.27 -0.68 0 118 -90 
obj 19435 -1363.8 819.83 -0.06 90 90 -90 
obj 19435 -1364.65 822.48 0.12 0 90 -90 
obj 19435 -1363.8 822.46 -0.06 90 90 -90 
obj 1646 -1355.32 830.75 0.4 0 0 0 
obj 1646 -1364.41 830.94 0.4 0 0 0 
obj 1646 -1361.93 830.89 0.4 0 0 0 
obj 1646 -1359.72 830.84 0.4 0 0 0 
obj 1646 -1357.4 830.79 0.4 0 0 0 
obj 1795 -1355.04 824.19 0.12 0 0 0 
obj 1795 -1361.57 824.13 0.12 0 0 0 
obj 1795 -1358.26 824.2 0.12 0 0 0 
obj 2224 -1351.58 830.86 0.12 0 0 -90 
obj 2224 -1348.25 842.49 7.57 0 0 -127 
obj 1728 -1359.4 855.98 7.57 0 0 0 
obj 2296 -1360.11 847.7 7.57 0 0 -180 
obj 15036 -1349.41 855.5 8.72 0 0 180 
obj 1728 -1362.38 856.15 7.57 0 0 0 
obj 1728 -1365.32 856.1 7.57 0 0 0 
obj 11495 -1376.55 832.86 -0.01 0 0 90 
obj 955 -1365.14 827.63 0.46 0 0 90 
obj 2627 -1355.18 849.09 7.57 0 0 0 
obj 2627 -1353.45 855.2 7.57 0 0 0 
obj 2627 -1355.18 855.2 7.57 0 0 0 
obj 2627 -1353.34 849.03 7.57 0 0 0 
obj 2628 -1351.8 848.84 7.57 0 0 0 
obj 2628 -1357.3 848.84 7.57 0 0 0 
obj 2224 -1365.19 849.76 7.57 0 0 91 
obj 2575 -1378.24 864 7.95 0 0 0 
obj 2563 -1374.87 859.77 7.57 0 0 180 
obj 1709 -1377.47 861.35 7.57 0 0 0 
obj 1709 -1374.17 864.85 7.57 0 0 0 
obj 3383 -1373.67 848.74 7.57 0 0 0 
obj 2568 -1375.59 856.64 7.57 0 0 0 
obj 2375 -1368.22 862.26 7.57 0 0 -90 
obj 638 -1368.82 850.36 8.27 0 0 0 
obj 638 -1376.68 854.78 8.27 0 0 0 
obj 638 -1373.17 852.96 8.27 0 0 0 
obj 19376 -1352.28 852.35 11.07 0 90 0 
obj 19376 -1352.23 842.76 11.07 0 90 0 
obj 19375 -1373.28 852.31 11.06 0 90 0 
obj 19379 -1373.33 861.93 11.06 0 90 0 
obj 19375 -1362.8 852.34 11.06 0 90 0 
obj 19377 -1378.4 852.33 2.14 0 0 0 
obj 19377 -1378.47 861.93 2.14 0 0 0 
obj 19425 -1426.85 854.63 6.19 0 0 0 
obj 19425 -1432.98 854.64 6.19 0 0 0 
obj 19425 -1429.69 854.64 6.19 0 0 0 
obj 1676 -1435.17 873.88 7.73 0 0 90 
obj 19425 -1432.9 871.59 6.18 0 0 0 
obj 19425 -1432.8 876.04 6.18 0 0 0 
obj 2898 -1428.3 870.03 6.18 0 0 0 
obj 19128 -1433.07 867 6.19 0 0 0 
obj 19425 -1428.91 857.47 6.18 0 0 0 
obj 19425 -1428.74 861.46 6.18 0 0 0 
obj 19425 -1432.49 861.44 6.18 0 0 0 
obj 19425 -1432.43 857.46 6.18 0 0 0 
obj 1232 -1353.47 832.2 3.13 0 0 0 
obj 19378 -1350.24 829.1 0.03 0 90 0 
obj 19128 -1336.91 831.74 0.12 0 0 0 
obj 19128 -1341.92 826.76 0.12 0 0 0 
obj 19128 -1337.02 826.79 0.12 0 0 0 
obj 19128 -1341.85 831.61 0.12 0 0 0 
obj 1232 -1442.77 843.82 9.18 0 0 0 
