sell 10825 321.47 -1188.27 76.29 90 0 36 
RemoveBuildingForPlayer playerid 3733 310.6172 -1145.5234 86   
RemoveBuildingForPlayer playerid 3737 279.1328 -1152.2266 82   
RemoveBuildingForPlayer playerid 3604 279.1328 -1152.2266 82   
RemoveBuildingForPlayer playerid 3607 310.6172 -1145.5234 86   
changeobj 1506 285.99 -1152.31 80.05 0 0 43 1502
changeobj 1506 288.17 -1150.23 80.05 0 0 223 1502
changeobj 1506 273.13 -1152.53 83.47 0 0 -47 1502
changeobj 1506 299.72 -1154.65 80.03 0 0 -44 1502
changeobj 1506 301.9 -1156.72 80.03 0 0 136 1502
changeobj 1506 296 -1146.66 80.08 0 0 136 1502
changeobj 1506 293.81 -1144.59 80.08 0 0 316 1502
changeobj 1506 303.38 -1153.82 83.7 0 0 136 1502
changeobj 1506 296.23 -1141.42 83.54 0 0 46 1502
changeobj 1506 313.71 -1148.86 90.71 0 0 -133 1502
obj 19376 312.69 -1156.21 79.99 0 90 -44 
obj 19376 305.15 -1148.94 79.99 0 90 -44 
obj 19377 297.6 -1141.64 79.97 0 90 -44 
obj 19377 304.25 -1134.74 79.98 0 90 -44 
obj 19376 319.36 -1149.31 79.99 0 90 -44 
obj 19376 277.95 -1153.99 79.95 0 90 -47 
obj 19454 282.44 -1149.22 79.99 0 90 -137 
obj 19454 284.99 -1146.83 79.99 0 90 -137 
obj 19451 277.18 -1147.66 81.61 0 0 -47 
obj 19405 288.39 -1148.02 81.61 0 0 43 
obj 19405 281.86 -1143.27 81.61 0 0 -47 
obj 19359 286.22 -1145.7 81.61 0 0 43 
obj 19359 284.04 -1143.35 81.61 0 0 43 
obj 19432 288.76 -1149.72 81.61 0 0 -47 
obj 19389 278.9 -1148.11 81.61 0 0 43 
obj 19405 281.08 -1150.45 81.61 0 0 43 
obj 19359 283.26 -1152.81 81.61 0 0 43 
obj 19425 287.82 -1150.14 80.08 0 0 43 
obj 19425 285.41 -1152.4 80.08 0 0 43 
obj 19325 273.84 -1150.84 81.31 0 0 -47 
obj 19451 274.58 -1156.54 81.61 0 0 43 
obj 1502 278.36 -1147.55 79.97 0 0 313 
obj 19466 281.66 -1143.39 81.89 0 0 -47 
obj 19466 288.24 -1147.84 81.89 0 0 -137 
obj 19466 281.02 -1150.38 81.89 0 0 -137 
obj 19389 276.57 -1154.73 81.61 0 0 43 
obj 14877 282.04 -1154.01 81.27 0 0 43 
obj 19451 282.48 -1155.61 81.61 0 0 -47 
obj 19359 281.15 -1152.77 81.61 0 0 -47 
obj 19359 278.81 -1154.94 81.61 0 0 -47 
obj 19405 274.37 -1152.39 81.61 0 0 43 
obj 19432 273.08 -1151.49 81.61 0 0 -47 
obj 1491 277.09 -1155.27 79.97 0 0 133 
obj 19466 274.4 -1152.38 81.89 0 0 -137 
obj 2299 279.34 -1149.55 80 0 0 -137 
obj 2576 280.32 -1152.76 80.03 0 0 -136 
obj 1726 281.61 -1144.24 79.99 0 0 42 
obj 1998 274.8 -1152.01 80.02 0 0 42 
obj 1663 275.27 -1151.1 80.48 0 0 -135 
obj 2296 275.92 -1149.37 80.04 0 0 44 
obj 2281 276.01 -1153.25 81.46 0 0 133 
obj 2279 279.35 -1149.47 81.71 0 0 -47 
obj 19425 280.98 -1147.57 80.08 0 0 43 
obj 19425 283.37 -1145.33 80.08 0 0 43 
obj 2690 278.35 -1147.15 80.42 0 0 126 
obj 1210 280.4 -1152.86 80.2 0 0 -46 
obj 19452 285.02 -1146.87 83.41 0 90 43 
obj 19452 282.45 -1149.24 83.41 0 90 43 
obj 19360 277.71 -1149.27 83.41 0 90 43 
obj 19360 275.17 -1151.66 83.41 0 90 43 
obj 19360 279.89 -1151.61 83.41 0 90 43 
obj 19360 277.32 -1153.98 83.41 0 90 43 
obj 19360 272.61 -1154.04 83.41 0 90 43 
obj 19360 274.79 -1156.37 83.41 0 90 43 
obj 19360 276.98 -1158.71 83.41 0 90 43 
obj 19359 281.87 -1143.29 85.13 0 0 -47 
obj 3812 274.54 -1150.61 82.53 0 0 -47 
obj 19325 278.37 -1146.55 84.81 0 0 -47 
obj 19359 274.88 -1149.87 85.13 0 0 -47 
obj 19432 273.13 -1151.49 85.13 0 0 -47 
obj 19389 273.65 -1153.09 85.14 0 0 43 
obj 19359 275.83 -1155.41 85.14 0 0 43 
obj 19359 278.01 -1157.74 85.14 0 0 43 
obj 19325 281.49 -1156.56 84.81 0 0 -47 
obj 970 278.48 -1155.07 84.04 0 0 43 
obj 970 280.01 -1153.67 84.04 0 0 43 
obj 970 278.23 -1159.57 84.02 0 0 43 
obj 19432 279.68 -1158.25 85.13 0 0 -47 
obj 970 271.83 -1152.71 84.02 0 0 43 
obj 19359 284.81 -1153.46 85.13 0 0 -47 
obj 19359 287.16 -1151.28 85.13 0 0 -47 
obj 19432 288.91 -1149.65 85.13 0 0 -47 
obj 19325 285.27 -1144.7 84.81 0 0 -137 
obj 19359 288.29 -1147.92 85.14 0 0 43 
obj 19359 286.12 -1145.57 85.14 0 0 43 
obj 970 275.33 -1159.45 84.02 0 0 133 
obj 970 272.51 -1156.42 84.02 0 0 133 
obj 970 271.1 -1154.89 84.02 0 0 133 
obj 3802 269.26 -1153.83 83.74 0 0 -138 
obj 3802 270.18 -1152.96 83.74 0 0 -316 
obj 1702 277.3 -1156.01 83.46 0 0 134 
obj 1726 280.74 -1148.05 83.46 0 0 223 
obj 19405 281.67 -1145.54 85.14 0 0 43 
obj 19435 287.63 -1151.9 79.93 6 90 43 
obj 19432 283.32 -1147.29 85.14 0 0 43 
obj 19389 282.58 -1148.96 85.14 0 0 133 
obj 19405 280.25 -1151.14 85.13 0 0 -47 
obj 19432 278.48 -1152.78 85.13 0 0 -47 
obj 19359 276.96 -1152.13 85.14 0 0 43 
obj 19432 275.34 -1150.42 85.14 0 0 43 
obj 2311 278.47 -1148.26 83.46 0 0 43 
obj 1727 277.89 -1149.46 83.46 0 0 133 
obj 1727 280.15 -1146.04 83.46 0 0 -48 
obj 1702 282.61 -1145.65 83.46 0 0 133 
obj 19466 281.78 -1145.66 85.53 0 0 43 
obj 19466 280.09 -1151.26 85.53 0 0 -47 
obj 1491 283.12 -1148.42 83.48 0 0 -137 
obj 1635 287.41 -1151.9 84.94 0 0 133 
obj 3812 277.18 -1151.92 86.16 0 0 44 
obj 19380 284.07 -1147.84 86.95 0 90 -47 
obj 19380 277.05 -1154.35 86.95 0 90 -47 
obj 19376 304.39 -1134.7 83.55 0 90 -44 
obj 19376 311.82 -1142.02 79.99 0 90 -44 
obj 19432 302.76 -1157.54 81.8 0 0 46 
obj 19433 301.1 -1152.84 79.99 0 90 -44 
obj 19433 303.63 -1155.26 79.99 0 90 -44 
obj 19433 302.53 -1156.37 79.99 0 90 -44 
obj 19433 300.01 -1153.96 79.99 0 90 -44 
obj 19405 299.39 -1152.23 81.81 0 0 -44 
obj 19405 304.34 -1156.94 81.83 0 0 -44 
obj 19432 298.85 -1153.83 81.8 0 0 46 
obj 3440 299.53 -1154.42 81.15 0 0 0 
obj 3440 302.12 -1156.91 81.15 0 0 0 
obj 14877 302.52 -1142 81.5 0 0 46 
obj 19466 299.3 -1152.34 81.89 0 0 -45 
obj 19466 304.28 -1157.02 81.89 0 0 -45 
obj 19359 299.44 -1149.99 81.85 0 0 46 
obj 19359 297.13 -1147.78 81.85 0 0 46 
obj 19325 310.67 -1160.81 81.53 0 0 -134 
obj 970 303.84 -1154.33 80.6 0 0 -44 
obj 2482 303.03 -1157.49 80.08 0 0 -224 
obj 2319 299.08 -1153.37 80.06 0 0 46 
obj 19359 292.67 -1143.47 81.83 0 0 46 
obj 19432 291.04 -1141.91 81.82 0 0 46 
obj 19451 301.52 -1145.25 81.83 0 0 -44 
obj 19359 305.98 -1140.65 81.83 0 0 -44 
obj 19451 301.51 -1140.8 81.83 0 0 -44 
obj 19359 305.91 -1138.42 81.83 0 0 46 
obj 19451 293.9 -1137.91 81.81 0 0 -44 
obj 19451 300.57 -1131.02 81.81 0 0 -44 
obj 19451 307.32 -1130.99 81.83 0 0 46 
obj 19389 308.19 -1138.34 81.83 0 0 -44 
obj 19405 310.41 -1136.04 81.83 0 0 -44 
obj 19432 311.38 -1134.9 81.82 0 0 46 
obj 19466 310.39 -1136.11 81.89 0 0 -45 
obj 1491 307.7 -1138.9 80.06 0 0 46 
obj 19425 303.21 -1136.05 80.07 0 0 -44 
obj 19425 300.83 -1133.76 80.07 0 0 -44 
obj 19425 296.79 -1142.58 80.07 0 0 -44 
obj 19425 294.41 -1140.3 80.07 0 0 -44 
obj 19454 301.57 -1154.64 83.61 0 90 46 
obj 19452 298.04 -1141.96 83.55 0 90 -44 
obj 19325 294.35 -1140.4 83.55 0 90 -44 
obj 19325 298.98 -1135.66 83.55 0 90 -44 
obj 19325 295.84 -1146.53 85.05 0 0 -134 
obj 19405 298.96 -1138.52 85.35 0 0 136 
obj 19359 298.25 -1148.86 85.35 0 0 46 
obj 19405 300.54 -1151.09 85.35 0 0 46 
obj 19389 302.84 -1153.32 85.35 0 0 46 
obj 19405 305.15 -1155.56 85.35 0 0 46 
obj 970 298.55 -1154.16 84.22 0 0 -44 
obj 970 301.53 -1157.05 84.22 0 0 -44 
obj 970 298.53 -1151.24 84.22 0 0 46 
obj 970 304.52 -1157.09 84.22 0 0 44 
obj 638 304.66 -1157.69 84.38 0 0 -45 
obj 19466 305.02 -1155.45 85.31 0 0 46 
obj 19466 300.63 -1151.19 85.31 0 0 46 
obj 970 291.99 -1142.85 84.16 0 0 -45 
obj 970 292.06 -1139.88 84.22 0 0 46 
obj 970 294.96 -1136.87 84.22 0 0 46 
obj 970 297.86 -1133.87 84.22 0 0 46 
obj 970 300.76 -1130.89 84.22 0 0 46 
obj 970 302.24 -1129.36 84.22 0 0 46 
obj 970 305.28 -1129.19 84.22 0 0 -39 
obj 19451 316.44 -1159.72 81.83 0 0 -44 
obj 19359 301.7 -1149.82 81.83 0 0 -44 
obj 19359 303.93 -1147.51 81.83 0 0 -44 
obj 19389 303.76 -1145.24 81.81 0 0 46 
obj 2519 299.86 -1149.66 80.06 0 0 136 
obj 2517 300.98 -1148.04 80.01 0 0 46 
obj 2514 301.19 -1146.47 80.08 0 0 46 
obj 2515 301.87 -1145.34 81.07 0 0 48 
obj 1523 304.31 -1145.75 80.06 0 0 136 
obj 19359 306.69 -1157.02 81.85 0 0 46 
obj 19359 309 -1159.23 81.85 0 0 46 
obj 19405 306.57 -1154.65 81.81 0 0 -44 
obj 19359 308.8 -1152.35 81.81 0 0 -44 
obj 19389 311.03 -1150.05 81.81 0 0 -44 
obj 19466 306.5 -1154.7 81.89 0 0 -44 
obj 19359 311.33 -1159.22 81.83 0 0 -44 
obj 19405 313.55 -1156.91 81.83 0 0 -44 
obj 19359 315.78 -1154.61 81.83 0 0 -44 
obj 19359 313.3 -1150.15 81.83 0 0 46 
obj 19359 315.6 -1152.38 81.83 0 0 46 
obj 1491 311.57 -1149.48 80.06 0 0 226 
obj 2299 309.44 -1154.7 80.08 0 0 136 
obj 1742 308.03 -1158.34 80.08 0 0 136 
obj 2199 309.49 -1159.44 80.07 0 0 136 
obj 2164 308.49 -1152.82 80.08 0 0 46 
obj 1432 311.57 -1156.62 80.1 0 0 18 
obj 2296 312.55 -1149.77 80.08 0 0 -45 
obj 2165 315.34 -1152.83 80.08 0 0 -44 
obj 2186 313.96 -1152.77 80.07 0 0 46 
obj 1663 315.31 -1153.64 80.5 0 0 133 
obj 1726 303.59 -1128.19 80.03 0 0 -44 
obj 1726 309.43 -1133.85 80.03 0 0 -44 
obj 1726 311.19 -1160.2 80.04 0 0 46 
obj 1726 314.67 -1160.74 80.04 0 0 -134 
obj 2311 312.38 -1161.04 80.06 0 0 46 
obj 19466 313.53 -1156.92 81.89 0 0 -45 
obj 19451 323.08 -1152.83 81.83 0 0 -44 
obj 19359 313.11 -1136.57 81.81 0 0 46 
obj 19359 315.4 -1138.8 81.81 0 0 46 
obj 19359 317.71 -1141.04 81.81 0 0 46 
obj 19451 313.17 -1143.22 81.83 0 0 -44 
obj 19389 310.87 -1147.79 81.81 0 0 46 
obj 1491 310.3 -1147.27 80.06 0 0 -44 
obj 19405 321.78 -1144.98 81.81 0 0 46 
obj 19359 324.08 -1147.23 81.81 0 0 46 
obj 19359 320 -1143.25 81.81 0 0 46 
obj 19432 325.8 -1148.91 81.81 0 0 46 
obj 19389 318.59 -1155.26 81.81 0 0 46 
obj 19432 317.07 -1153.79 81.8 0 0 46 
obj 1491 318.02 -1154.72 80.06 0 0 -44 
obj 19466 321.74 -1144.9 81.77 0 0 45 
obj 16151 318.69 -1143.58 80.4 0 0 46 
obj 1949 290.13 -1145.37 79.89 0 0 -139 
obj 1949 275.54 -1161.57 79.89 0 0 -139 
obj 2425 319.38 -1145.23 81.02 0 0 -44 
obj 2420 325.77 -1149.76 80.07 0 0 -135 
obj 1726 312.71 -1144.56 80.04 0 0 46 
obj 1727 316.56 -1154.07 80.04 0 0 -44 
obj 1726 310.83 -1146.55 80.04 0 0 46 
obj 1726 313.55 -1149.56 80.04 0 0 136 
obj 1726 315.54 -1151.42 80.04 0 0 136 
obj 1726 317.49 -1153.35 80.04 0 0 136 
obj 1726 322.11 -1153.01 80.04 0 0 225 
obj 1726 323.98 -1151.1 80.04 0 0 225 
obj 19439 318.91 -1150.67 80.16 0 90 -45 
obj 19439 320.06 -1149.54 80.16 0 90 -45 
obj 19389 296.74 -1140.84 85.35 0 0 136 
obj 19359 294.53 -1143.15 85.35 0 0 136 
obj 19466 298.82 -1138.69 85.32 0 0 -44 
obj 19376 311.92 -1141.98 83.55 0 90 -44 
obj 19376 319.47 -1149.26 83.55 0 90 -44 
obj 19376 312.77 -1156.17 83.55 0 90 -44 
obj 19376 305.22 -1148.88 83.55 0 90 -44 
obj 19359 296.98 -1145.4 85.35 0 0 136 
obj 964 300.06 -1149.63 83.6 0 0 -44 
obj 964 306.14 -1155.56 83.6 0 0 -44 
obj 1809 305.95 -1155.85 84.52 0 0 137 
obj 1809 299.8 -1149.8 84.52 0 0 137 
obj 19359 301.18 -1136.22 85.35 0 0 136 
obj 19359 303.4 -1133.91 85.35 0 0 136 
obj 19359 307.98 -1136.23 85.35 0 0 46 
obj 19359 299.21 -1143.1 85.35 0 0 136 
obj 19359 301.43 -1140.8 85.35 0 0 136 
obj 19389 301.24 -1138.53 85.35 0 0 46 
obj 19359 307.45 -1157.79 85.35 0 0 46 
obj 946 323.09 -1151.47 85.81 0 0 46 
obj 2114 324.94 -1150.33 83.74 0 0 -33 
obj 2114 324.77 -1150.58 83.74 0 0 0 
obj 2114 324.63 -1150.31 83.74 0 0 30 
obj 2114 324.82 -1150.4 83.92 0 0 -47 
obj 946 314.88 -1143.35 85.81 0 0 224 
obj 19359 311.39 -1137.18 85.35 0 0 136 
obj 1726 297.08 -1144.48 83.58 0 0 -133 
obj 1726 300.84 -1140.55 83.58 0 0 -133 
obj 1491 301.78 -1139.02 83.61 0 0 136 
obj 970 299.7 -1147.24 84.22 0 0 46 
obj 970 302.61 -1144.25 84.22 0 0 46 
obj 19359 305.68 -1134.01 85.35 0 0 46 
obj 19432 309.71 -1137.9 85.35 0 0 46 
obj 19325 314.85 -1138.25 85.03 0 0 46 
obj 19451 320.65 -1143.9 85.35 0 0 46 
obj 19325 324 -1147.12 85.03 0 0 46 
obj 19451 323.1 -1152.85 85.35 0 0 136 
obj 19325 317.55 -1158.58 85.05 0 0 136 
obj 19359 314.25 -1161.98 85.35 0 0 136 
obj 19359 309.78 -1160.01 85.35 0 0 46 
obj 19359 312 -1162.15 85.35 0 0 46 
obj 984 315.14 -1151.68 84.29 0 0 46 
obj 984 315.14 -1151.68 85.57 0 0 46 
obj 984 315.14 -1151.68 86.85 0 0 46 
obj 19451 323.1 -1152.85 88.85 0 0 136 
obj 19451 316.39 -1159.76 88.85 0 0 136 
obj 19451 322.92 -1146.03 88.85 0 0 46 
obj 19451 315.99 -1139.33 88.85 0 0 46 
obj 14877 308.62 -1134.43 85.03 0 0 -44 
obj 14877 312.47 -1138.1 88.49 0 0 -44 
obj 19451 309.06 -1132.69 85.39 0 0 46 
obj 19451 309.06 -1132.69 88.83 0 0 46 
obj 19454 313.1 -1138.94 87.73 -35 90 46 
obj 19359 309.23 -1137.2 85.35 0 0 46 
obj 19359 306.93 -1134.97 85.35 0 0 46 
obj 19432 305.2 -1133.3 85.35 0 0 46 
obj 19451 308.04 -1136.03 88.83 0 0 46 
obj 19359 312.66 -1140.49 88.83 0 0 46 
obj 19432 314.39 -1142.15 88.83 0 0 46 
obj 19359 311.43 -1139.56 85.35 0 0 46 
obj 19359 313.74 -1141.77 85.35 0 0 46 
obj 1726 311.06 -1138.35 83.6 0 0 46 
obj 19389 316.02 -1141.61 85.35 0 0 -45 
obj 19405 316.02 -1141.61 88.83 0 0 -45 
obj 19466 316.16 -1141.45 88.8 0 0 -45 
obj 1726 317.02 -1157.44 83.62 0 0 136 
obj 1726 313.23 -1153.72 83.62 0 0 136 
obj 1726 311.39 -1155.63 83.62 0 0 136 
obj 19376 312.73 -1156.06 87.81 0 90 -44 
obj 8615 307.97 -1152.34 86.19 0 0 -134 
obj 1726 315.32 -1159.34 83.62 0 0 136 
obj 984 315.14 -1151.68 88.13 0 0 46 
obj 1523 315.52 -1142.21 83.58 0 0 45 
obj 19359 311.38 -1141.81 85.35 0 0 136 
obj 19359 309.04 -1139.59 85.35 0 0 136 
obj 2514 310.16 -1139.1 83.62 0 0 -43 
obj 2519 310.85 -1139.73 83.64 0 0 -44 
obj 2517 309.98 -1141.06 83.62 0 0 -134 
obj 2515 308.85 -1140.27 84.29 0 0 43 
obj 19389 309.14 -1141.82 85.35 0 0 46 
obj 1523 309.69 -1142.33 83.6 0 0 136 
obj 19379 319.36 -1149.26 90.63 0 90 -44 
obj 19379 312.71 -1156.21 90.63 0 90 -44 
obj 19451 309.56 -1159.82 88.85 0 0 46 
obj 19451 302.63 -1153.14 88.85 0 0 46 
obj 19359 298.03 -1148.69 88.85 0 0 46 
obj 19359 295.72 -1146.47 88.85 0 0 46 
obj 19432 294 -1144.8 88.85 0 0 46 
obj 19451 296.78 -1140.8 88.85 0 0 136 
obj 19451 299.19 -1143.19 88.85 0 0 136 
obj 19359 301.25 -1138.59 88.85 0 0 46 
obj 1432 316.41 -1156.57 87.94 0 0 0 
obj 1432 310.21 -1157.69 87.94 0 0 -40 
obj 1432 312.76 -1151.67 87.94 0 0 -127 
obj 19379 305.17 -1148.93 90.63 0 90 -44 
obj 19379 297.62 -1141.64 90.63 0 90 -44 
obj 19379 304.29 -1134.68 90.63 0 90 -44 
obj 19462 314.33 -1144.39 90.63 0 90 -44 
obj 19370 309.59 -1144.27 90.63 0 90 -44 
obj 19370 311.82 -1141.97 90.63 0 90 -44 
obj 19370 307.08 -1141.85 90.63 0 90 -44 
obj 19370 309.31 -1139.52 90.63 0 90 -44 
obj 19380 312.68 -1156.8 93.69 0 55 46 
obj 19380 318.6 -1150.66 93.69 0 55 226 
obj 19370 317.54 -1158.51 95.89 0 0 -44 
obj 19370 320.46 -1155.48 95.89 0 0 -44 
obj 19325 318.93 -1157.13 91.34 0 0 -44 
obj 19370 323.89 -1151.96 92.43 0 0 -44 
obj 19370 321.68 -1154.27 92.43 0 0 -44 
obj 19370 314.21 -1162.03 92.43 0 0 -44 
obj 19370 316.44 -1159.73 92.43 0 0 -44 
obj 19325 318.93 -1157.13 95.46 0 0 -44 
obj 1226 325.77 -1151.65 94.12 0 0 132 
obj 1226 322.5 -1155.04 94.12 0 0 132 
obj 1226 317.24 -1160.46 94.12 0 0 132 
obj 1226 313.98 -1163.82 94.12 0 0 132 
obj 1231 317.51 -1155.56 96.63 90 0 47 
obj 1726 317.09 -1156.56 90.68 0 0 48 
obj 2299 316.22 -1154.38 90.69 0 0 -44 
obj 16375 280.19 -1151.45 90.93 0 0 227 
obj 1232 315.53 -1153.66 93.27 0 0 0 
obj 1232 312.25 -1150.69 93.27 0 0 0 
obj 1232 316.55 -1172.66 80.58 0 0 0 
obj 1232 306.9 -1181.78 80.58 0 0 0 
obj 1645 325.2 -1149.35 90.84 0 0 136 
obj 1645 323.23 -1147.45 90.84 0 0 136 
obj 1645 321.35 -1145.62 90.84 0 0 136 
obj 1742 315.71 -1153.43 90.72 0 0 224 
obj 1742 315.41 -1153.81 90.72 0 0 47 
obj 2199 312.44 -1157.61 90.7 0 0 137 
obj 19446 313.21 -1156.24 92.42 0 0 46 
obj 19446 318.06 -1151.19 92.42 0 0 46 
obj 2296 314.81 -1157.33 90.73 0 0 136 
obj 2627 316.28 -1151.02 90.71 0 0 -45 
obj 19370 317.08 -1145.44 92.43 0 0 -44 
obj 19370 314.83 -1147.73 92.43 0 0 -44 
obj 19370 313.66 -1148.97 95.93 0 0 -44 
obj 19462 318.14 -1151.08 95.89 0 0 47 
obj 19462 312.93 -1156.48 95.89 0 0 47 
obj 19380 305.17 -1148.93 90.81 0 90 -44 
obj 19380 297.62 -1141.64 90.83 0 90 -44 
obj 19380 304.29 -1134.68 90.83 0 90 -44 
obj 19359 301.21 -1136.19 88.83 0 0 136 
obj 19359 303.43 -1133.89 88.83 0 0 136 
obj 19380 309.68 -1144.23 90.81 0 90 -44 
obj 19370 311.56 -1151.15 92.43 0 0 -44 
obj 19370 309.33 -1153.46 92.43 0 0 -44 
obj 19370 307.32 -1155.51 92.43 0 0 -44 
obj 19462 317 -1152.24 97.59 0 90 46 
obj 19462 314.11 -1155.24 97.59 0 90 46 
obj 19462 315.54 -1153.7 97.59 0 90 46 
obj 19462 313.32 -1156.21 94.13 0 90 46 
obj 19462 310.88 -1158.72 94.13 0 90 46 
obj 19462 318.05 -1151.43 94.13 0 90 46 
obj 19370 311.44 -1151.31 95.93 0 0 -44 
obj 19370 310.72 -1152.1 95.93 0 0 -44 
obj 19462 320.42 -1148.87 94.13 0 90 46 
obj 19462 309.68 -1159.97 92.41 0 0 46 
obj 19462 321.63 -1147.56 92.41 0 0 46 
obj 3812 311.26 -1153.87 93.44 0 0 46 
obj 3385 290.9 -1141.45 90.91 0 0 -44 
obj 3385 301.57 -1130.36 90.91 0 0 -44 
obj 3385 316.4 -1144.37 90.91 0 0 -44 
obj 3385 305.54 -1155.66 90.91 0 0 -44 
obj 1215 301.56 -1130.35 91.51 0 0 0 
obj 1215 290.87 -1141.46 91.51 0 0 0 
obj 1215 316.38 -1144.38 91.51 0 0 0 
obj 1215 305.51 -1155.68 91.51 0 0 0 
obj 1635 315.66 -1161.42 92.23 0 0 136 
obj 1635 323.27 -1153.43 92.23 0 0 136 
obj 3812 315.75 -1158.28 93.44 0 0 46 
obj 3812 316.1 -1159.55 90.05 0 0 136 
obj 3812 313.78 -1161.96 86.47 0 0 136 
obj 3812 318.32 -1155.49 82.93 0 0 -134 
obj 3812 306.85 -1156.67 82.72 0 0 46 
obj 19359 310.07 -1140.64 87.07 0 -90 46 
obj 19432 278.39 -1159.46 81.61 0 0 -47 
obj 1215 326.16 -1149.4 84.18 0 0 0 
obj 1215 319.77 -1156 84.2 0 0 0 
obj 1215 317.13 -1140.76 84.2 0 0 0 
obj 1215 310.55 -1147.27 84.2 0 0 0 
