sell 10825 -792.97 636.85 0.49 0 0 0 
changeobj 1506 -791.49 635.49 0.43 0 0 171 1502
changeobj 1506 -794.51 635.82 0.43 0 0 -4 1502
changeobj 1506 -813.02 624.67 0.29 0 0 84 1502
changeobj 1506 -812.67 627.67 0.29 0 0 -98 1502
changeobj 1506 -801.98 633.35 4.42 0 0 84 1502
changeobj 1506 -801.61 636.37 4.42 0 0 -98 1502
changeobj 1506 -810.61 634 2.53 0 0 -4 1502
changeobj 1506 -807.59 633.78 2.53 0 0 -185 1502
obj 19452 -792.75 640.4 0.13 0 91 -6 
obj 19452 -791.78 649.98 0.13 0 91 -6 
obj 19454 -786.71 633.13 0.24 0 -91 84 
obj 19454 -796.28 634.12 0.24 0 -91 84 
obj 19454 -805.88 635.13 0.24 0 -91 84 
obj 19454 -810.85 632.55 1.77 0 0 -4 
obj 19454 -805.7 636.9 1.85 0 0 83.76 
obj 19454 -786.7 634.96 1.95 0 0 84 
obj 19435 -800.11 636.29 1.85 0 0 84 
obj 19435 -798.51 636.12 1.85 0 0 84 
obj 19435 -796.91 635.96 1.85 0 0 84 
obj 19435 -795.32 635.8 1.85 0 0 84 
obj 19454 -806.05 631.63 0.24 0 -91 84 
obj 19454 -796.49 630.65 0.24 0 -91 84 
obj 19454 -786.92 629.67 0.24 0 -91 84 
obj 19454 -806.32 628.15 0.24 0 -91 84 
obj 19454 -796.74 627.15 0.24 0 -91 84 
obj 19454 -787.19 626.16 0.24 0 -91 84 
obj 19454 -806.61 624.67 0.26 0 -91 84 
obj 19454 -797.08 623.68 0.26 0 -91 84 
obj 19454 -787.61 622.69 0.26 0 -91 84 
obj 19325 -785.35 632.53 0.5 -360 90 84 
obj 19325 -791.93 633.23 0.5 -360 90 84 
obj 19325 -798.47 633.89 0.5 -360 90 84 
obj 19325 -805.04 634.59 0.5 -360 90 84 
obj 19325 -805.43 630.5 0.5 -360 90 84 
obj 19325 -805.87 626.4 0.5 -360 90 84 
obj 19325 -799.27 625.7 0.5 -360 90 84 
obj 19325 -798.87 629.81 0.5 -360 90 84 
obj 19325 -792.35 629.17 0.5 -360 90 84 
obj 19325 -792.71 625.07 0.5 -360 90 84 
obj 19325 -785.76 628.44 0.5 -360 90 84 
obj 19325 -786.11 624.39 0.5 -360 90 84 
obj 19454 -782.28 629.74 1.85 0 -2 -4 
obj 14395 -807.71 633.73 2.29 0 0 -4 
obj 19435 -813.71 625.9 0.27 0 91 265 
obj 19435 -812.09 625.81 0.23 360 273 265 
obj 19435 -811.88 627.7 1.81 360 178 265 
obj 19435 -807.54 632.21 1.25 91 91 84 
obj 19435 -807.31 635.16 1.25 91 91 84 
obj 19435 -809.34 630.09 0.51 0 91 -4 
obj 19435 -809.45 628.49 0.51 0 91 -4 
obj 19435 -806.73 633.83 1.85 0 0 84 
obj 19435 -805.21 633.67 1.85 0 0 84 
obj 19325 -801.34 633.14 2.24 360 -360 -98 
obj 19435 -805.21 633.69 2.85 0 0 84 
obj 19435 -804.44 634.51 2.23 0 0 -4 
obj 19435 -803.9 634.91 4.38 0 -91 84 
obj 19435 -796.26 636 4.41 -91 -360 84 
obj 19435 -789.74 635.32 4.41 -91 -360 84 
obj 19435 -815.31 626.03 0.27 0 91 265 
obj 19435 -802.36 634.77 4.38 0 -91 84 
obj 19435 -802.18 636.5 4.85 0 0 84 
obj 19435 -803.77 636.64 4.85 0 0 84 
obj 19325 -800.09 636.33 4.49 0 0 84 
obj 19325 -806.29 622.91 2.39 0 0 84 
obj 19325 -806.15 624.35 2.39 0 0 84 
obj 19325 -799.59 623.67 2.39 0 0 84 
obj 19325 -799.74 622.22 2.39 0 0 84 
obj 19325 -793.14 621.56 2.41 0 0 84 
obj 19325 -786.55 620.86 2.39 0 0 84 
obj 19325 -786.43 622.33 2.39 0 0 84 
obj 19325 -793.01 623 2.39 0 0 84 
obj 19435 -782.89 621.51 1.83 0 0 -4 
obj 19435 -782.78 623.12 1.83 0 0 -4 
obj 19325 -782.65 624.47 2.45 0 0 -4 
obj 3498 -783.11 620.72 -9 0 0 0 
obj 3498 -796.65 621.87 -0.01 0 0 0 
obj 3498 -796.65 621.87 -9.03 0 0 0 
obj 3498 -809.65 623.48 -0.08 0 0 0 
obj 19435 -810.76 623.76 1.91 360 178 251 
obj 19435 -809.12 623.52 1.91 360 178 265 
obj 3498 -809.65 623.48 -9.02 0 0 0 
obj 3498 -783.14 620.7 -18.02 0 0 0 
obj 3498 -796.65 621.87 -18.05 0 0 0 
obj 3498 -809.65 623.47 -18.02 0 0 0 
obj 19435 -809.21 624.09 1.89 360 178 113 
obj 19454 -782.34 629.74 5.34 0 0 -4 
obj 19435 -782.78 623.12 5.33 0 0 -4 
obj 19435 -782.72 624.45 5.35 0 0 -4 
obj 19435 -782.87 621.66 5.33 0 0 -4 
obj 3498 -811.25 627.72 0 0 0 0 
obj 19435 -800.77 634.63 4.36 0 -91 84 
obj 19435 -799.16 634.48 4.36 0 -91 84 
obj 19325 -795.69 633.77 4.36 0 -91 84 
obj 19454 -800.19 631.05 4.36 0 91 85 
obj 19454 -790.6 630.19 4.36 0 91 85 
obj 19454 -786.86 633.08 4.36 0 91 85 
obj 19435 -786.27 634.92 4.41 -91 -360 84 
obj 19435 -783.64 634.64 4.45 -91 -360 84 
obj 3498 -781.95 634.37 -0.01 0 0 0 
obj 3498 -810.59 637.32 2.36 0 0 0 
obj 19435 -810.12 624.33 1.91 360 178 120 
obj 19325 -807.42 631.92 4.6 0 -91 84 
obj 19454 -806.4 628.16 4.36 0 91 85 
obj 19325 -807.26 637.02 4.5 0 2 264.52 
obj 19325 -810.96 631.05 4.52 360 2 -4.06 
obj 19435 -810.69 635.57 4.29 -91 360 178 
obj 19435 -810.69 635.57 5.89 -91 360 178 
obj 19435 -812.25 624.37 1.91 360 178 244 
obj 19435 -812.86 626.11 3.56 -91 4 -4 
obj 3498 -812.95 624.25 0 0 0 0 
obj 3498 -812.56 627.97 0 0 0 0 
obj 19454 -806.73 624.65 4.36 0 91 85 
obj 19435 -811.78 626.15 3.56 360 273 84 
obj 19435 -800.29 623.11 4.41 -4 -91 -5.02 
obj 19435 -796.81 622.77 4.45 -4 -91 -5.02 
obj 19435 -793.33 622.43 4.43 -4 -91 -5.02 
obj 19435 -789.79 622.12 4.45 -4 -91 -5.02 
obj 19435 -786.33 621.82 4.45 -4 -91 -5.02 
obj 19325 -798.36 627.27 4.36 0 -91 84 
obj 19435 -800.17 624.59 4.37 -4 -91 -5.02 
obj 19435 -796.69 624.32 4.39 -4 -91 -5.02 
obj 19325 -785.73 630.01 4.36 0 -91 84 
obj 19325 -791.79 626.46 4.36 0 -91 84 
obj 19325 -792.09 623.73 4.36 0 -91 84 
obj 19454 -787.37 626.41 4.36 0 91 85 
obj 19454 -787.67 622.95 4.36 0 91 85 
obj 19325 -794.78 633.77 4.36 0 -91 84 
obj 19435 -804.56 635.82 2.23 0 0 -4 
obj 2164 -800.96 636.13 0.49 0 0 -4 
obj 2140 -803.95 635.26 0.51 0 0 91 
obj 2162 -800.99 636.21 2.36 0 0 -4 
obj 2145 -804.25 634.43 0.49 0 0 91 
obj 19435 -793.1 635.68 4.41 -91 -360 84 
obj 2200 -806.67 633.55 0.5 0 0 0 
obj 1819 -801.92 629.26 0.52 0 0 0 
obj 2191 -798.46 635.31 0.5 0 0 -11 
obj 2784 -786.49 632.27 1.79 0 0 -4 
obj 2416 -782.84 630.93 0.5 0 0 -98 
obj 1486 -789.78 632.42 1.46 0 0 0 
obj 1667 -788.98 632.36 1.4 0 0 0 
obj 1668 -788.46 632.25 1.46 0 0 0 
obj 2453 -787.53 632.21 1.67 0 0 0 
obj 2354 -786.1 632.16 1.36 -25 25 69 
obj 2354 -785.25 632.09 1.36 -25 25 69 
obj 2427 -784.14 632.25 1.3 0 0 -4 
obj 2420 -790.88 632.82 0.5 0 0 0 
obj 2606 -801.75 624.12 2.58 0 0 178 
obj 14720 -784.52 622.75 0.49 0 0 84 
obj 2375 -799.47 632.96 0.49 0 0 171 
obj 2576 -792.71 623.44 0.5 0 0 171 
obj 1769 -788.38 626.3 0.53 0 0 0 
obj 2024 -787.52 623.64 0.51 0 0 84 
obj 1769 -801.89 631.7 0.53 0 0 0 
obj 1951 -787.43 624.47 1.22 0 0 0 
obj 1667 -787.55 624.81 1.14 0 0 0 
obj 2354 -787.86 624.6 1.12 -25 25 69 
obj 19128 -784.81 625.94 4.42 0 0 -4 
obj 19128 -790.1 626.52 4.42 0 0 -4 
obj 19325 -786.21 621.27 6.39 0 0 84 
obj 19325 -792.77 621.95 6.39 0 0 84 
obj 19454 -792.18 626.88 6.21 0 0 -4 
obj 1364 -815.61 626.02 0.71 0 0 84 
obj 2011 -813.54 627.22 0.37 0 0 0 
obj 2011 -814.11 624.54 0.37 0 0 0 
obj 19325 -785.33 634.9 6.39 0 0 84.02 
obj 1700 -795.85 625.54 4.36 0 0 265 
obj 11665 -784.07 629.55 5.05 0 0 -98 
obj 2748 -797.59 627.83 5.11 0 0 -4 
obj 2747 -797.77 625.74 4.9 0 0 -4 
obj 19325 -799.15 622.62 6.39 0 0 84 
obj 19454 -802.12 627.84 6.21 0 0 -4 
obj 19435 -789.74 635.32 6.01 -91 -360 84 
obj 19435 -796.26 635.94 6.01 -91 -360 84 
obj 19325 -791.9 635.57 6.65 0 0 84.02 
obj 2191 -792.61 629.57 4.46 0 0 -98 
obj 2145 -802.08 624.27 4.36 0 0 84 
obj 2330 -800.7 624.99 4.34 0 0 84 
obj 2161 -802.06 627.43 6.29 0 0 84 
obj 2163 -792.53 623.69 6.51 0 0 -91 
obj 2025 -792.68 627.72 4.44 0 0 265 
obj 2604 -801.43 629.16 5.14 0 0 84 
obj 2724 -800.15 629.85 4.95 0 0 258 
obj 19454 -782.34 629.74 8.84 0 0 -4 
obj 19325 -782.71 624.27 8.02 0 0 -4 
obj 3498 -783.11 620.72 0 0 0 0 
obj 3498 -800.78 622.29 -0.01 0 0 0 
obj 3498 -800.78 622.29 -8.93 0 0 0 
obj 3498 -800.78 622.29 -17.93 0 0 0 
obj 3498 -812.95 624.25 -9 0 0 0 
obj 3498 -812.95 624.25 -18 0 0 0 
obj 3498 -810.59 637.32 -6.64 0 0 0 
obj 3498 -781.95 634.37 -9.01 0 0 0 
obj 19454 -786.84 634.97 8.54 0 0 -95.98 
obj 19435 -793.3 635.66 9.27 -91 -360 84 
obj 19435 -796.28 635.96 7.61 -91 -360 84 
obj 19435 -796.28 635.96 9.21 -91 -360 84 
obj 19325 -798.67 636.18 7.93 0 0 84 
obj 19454 -787.7 622.96 9.08 0 55 84 
obj 19454 -797.29 623.95 9.08 0 55 84 
obj 19454 -797.25 627.19 10.02 0 -91 84 
obj 19454 -787.69 626.17 10.1 0 -91 84 
obj 19325 -802 630.22 6.48 0 0 -4 
obj 19454 -787.31 629.6 10.1 0 -91 84 
obj 19454 -786.97 633.05 10.1 0 -91 84 
obj 19325 -785.87 626.26 10.1 0 -91 84.64 
obj 19325 -802.11 626.28 7.9 0 0 -4 
obj 19325 -793.8 632.35 10.06 0 91 353 
obj 19454 -797.57 631.15 9.98 0 -90 -4.12 
obj 19435 -799.84 636.27 9.21 -91 -360 84 
obj 19325 -793.89 631.29 10.08 0 91 353 
obj 19454 -799.92 631.36 9.98 0 -90 -4.12 
obj 19435 -801.63 634.73 9.28 91 360 -4 
obj 19435 -801.77 631.25 9.2 91 360 -4 
obj 19435 -801.63 634.73 7.68 91 360 -4 
obj 2024 -807.57 624.69 4.43 0 0 -4 
obj 1646 -808.94 625.54 4.6 0 0 -4 
obj 1667 -807.76 625.6 5.06 0 0 0 
obj 1951 -807.57 625.48 5.16 0 0 0 
obj 1762 -802.98 624.68 4.45 0 0 -93 
obj 3498 -812.56 627.97 -9 0 0 0 
obj 3498 -812.56 627.96 -18 0 0 0 
obj 3498 -810.59 637.32 -15.64 0 0 0 
obj 3498 -811.25 627.72 -9 0 0 0 
