sell 10825 -96.39 -791.29 4.92 84 0 69 
changeobj 1506 -97.87 -791.72 3.95 0 0 72 1502
changeobj 1506 -93.79 -779.82 3.95 0 0 72 1502
changeobj 1506 -92.84 -776.95 3.95 0 0 -109 1502
changeobj 1506 -120.59 -799.44 3.95 0 0 72 1502
changeobj 1506 -120.58 -799.39 3.95 0 0 -109 1502
changeobj 1506 -96.96 -788.86 3.95 0 0 -109 1502
changeobj 1506 -110.33 -770.99 7.63 0 0 -19 1502
changeobj 1506 -101.49 -794.2 7.63 0 0 -17 1502
changeobj 1506 -92.39 -753.31 5.23 0 0 66 1502
changeobj 1506 -103.41 -820.18 3.97 0 0 72 1502
changeobj 1506 -103.35 -820.05 7.55 0 0 72 1502
changeobj 1506 -93.49 -755.48 5.23 0 0 66 1502
obj 19376 -100.37 -804.78 3.93 0 90 72 
obj 19376 -97.08 -794.85 3.93 0 90 72 
obj 19376 -93.82 -784.87 3.93 0 90 72 
obj 19376 -99.79 -771.94 3.93 0 90 72 
obj 19376 -102.99 -781.94 3.93 0 90 72 
obj 19376 -106.19 -791.94 3.93 0 90 72 
obj 19376 -109.54 -801.88 3.93 0 90 72 
obj 19380 -98.07 -767.01 -1.29 0 0 72 
obj 19380 -89.56 -769.79 -1.29 0 0 72 
obj 19376 -108.91 -768.98 3.93 0 90 72 
obj 19376 -112.1 -778.98 3.93 0 90 72 
obj 19376 -115.35 -788.95 3.93 0 90 72 
obj 19376 -118.69 -798.91 3.93 0 90 72 
obj 19380 -107.18 -764.07 -1.29 0 0 72 
obj 19380 -113.26 -767.09 -1.29 0 0 162 
obj 19380 -116.24 -776.21 -1.37 0 0 162 
obj 19380 -119.22 -785.29 -1.29 0 0 162 
obj 19380 -122.16 -794.47 -1.29 0 0 162 
obj 19380 -119.12 -800.43 -1.29 0 0 72 
obj 19380 -110.06 -803.39 -1.29 0 0 72 
obj 19380 -100.95 -806.24 -1.29 0 0 72 
obj 19451 -99.42 -796.23 5.74 0 0 -19 
obj 19451 -95.37 -784.34 5.74 0 0 -19 
obj 19325 -101.99 -803.9 5.4 0 0 -18 
obj 19451 -97.39 -775.44 5.74 0 0 71 
obj 19451 -106.26 -772.4 5.74 0 0 71 
obj 19451 -112.32 -775.28 5.74 0 0 -19 
obj 19451 -115.47 -784.37 5.74 0 0 -19 
obj 19451 -118.59 -793.45 5.74 0 0 -19 
obj 19451 -116.51 -802.44 5.74 0 0 71 
obj 19451 -107.48 -805.54 5.74 0 0 71 
obj 1799 -98.93 -783.5 3.98 0 0 -109 
obj 19451 -108.64 -779.6 5.74 0 0 71 
obj 19451 -99.88 -782.61 5.74 0 0 71 
obj 19425 -93.65 -778.62 3.94 0 0 72 
obj 19425 -98.81 -776.76 3.94 0 0 72 
obj 19425 -100.05 -780.66 3.94 0 0 72 
obj 19425 -94.92 -782.34 3.94 0 0 72 
obj 19425 -105.63 -778.71 3.94 0 0 72 
obj 19425 -104.38 -774.92 3.94 0 0 72 
obj 1723 -111.74 -775.68 3.97 0 0 71 
obj 2648 -95.79 -784.4 6.91 0 0 -68 
obj 2313 -106.99 -805.08 4.02 0 0 162 
obj 19466 -107.79 -805.22 5.37 0 0 72 
obj 2533 -100.77 -798.32 4 0 0 -109 
obj 19325 -109.76 -801.24 5.4 0 0 -18 
obj 19325 -105.59 -799.14 5.38 0 0 72 
obj 1723 -107.01 -800.03 4.01 0 0 -18 
obj 1491 -102.47 -800.16 3.97 0 0 -18 
obj 1724 -104.32 -802.72 3.96 0 0 -108 
obj 1724 -109.27 -802.16 3.96 0 0 72 
obj 2311 -107.67 -802.28 4.04 0 0 -18 
obj 2530 -99.52 -794.65 4.06 0 0 -107 
obj 2530 -100.17 -796.5 4.06 0 0 -107 
obj 19325 -117.46 -798.69 5.4 0 0 -18 
obj 1491 -110.2 -797.71 3.97 0 0 -18 
obj 19325 -113.29 -796.63 5.38 0 0 72 
obj 2631 -112.36 -802.79 4.05 0 0 -18 
obj 2630 -111.28 -801.08 4.01 0 0 69 
obj 2632 -116.26 -801.51 4.06 0 0 -18 
obj 2627 -115.24 -796.63 3.97 0 0 73 
obj 2629 -113.72 -799.05 4.01 0 0 -18 
obj 2608 -99.13 -783.26 4.6 0 0 -20 
obj 2604 -102.04 -782.54 4.76 0 0 -20 
obj 1523 -110.65 -780.66 3.95 0 0 71 
obj 2525 -113.13 -778.62 4.02 0 0 -18 
obj 2524 -112.43 -778.94 4 0 0 -20 
obj 2516 -113.63 -782.37 3.94 0 0 -18 
obj 19432 -110.91 -781.33 5.61 0 0 -18 
obj 19432 -111.39 -782.85 5.61 0 0 -18 
obj 19432 -111.89 -784.38 5.6 0 0 -18 
obj 19432 -112.94 -784.79 5.6 0 0 73 
obj 19432 -114.47 -784.31 5.6 0 0 73 
obj 1808 -104.81 -781.26 4.01 0 0 -20 
obj 1432 -114.2 -786.86 4.02 0 0 0 
obj 2219 -114.12 -787.23 4.7 -26 26 0 
obj 19377 -97.59 -780.19 7.55 0 90 -18 
obj 19377 -107.55 -776.86 7.55 0 90 -18 
obj 19377 -110.56 -786 7.55 0 90 -18 
obj 19377 -113.63 -795.13 7.55 0 90 -18 
obj 19377 -103.68 -798.4 7.55 0 90 -18 
obj 19377 -100.7 -789.24 7.55 0 90 -18 
obj 19435 -105.44 -803.65 7.55 0 90 -18 
obj 1778 -96.56 -788.25 4.01 0 0 74 
obj 1568 -120.68 -800.75 7.6 0 0 0 
obj 1568 -101.39 -807.22 7.6 0 0 0 
obj 19376 -127.86 -795.96 3.92 0 90 72 
obj 970 -128.71 -790.22 4.57 0 0 -18 
obj 970 -124.76 -791.5 4.57 0 0 -18 
obj 970 -132.05 -800.09 4.57 0 0 -18 
obj 970 -128.09 -801.37 4.57 0 0 -18 
obj 970 -124.13 -802.65 4.57 0 0 -18 
obj 970 -120.17 -803.93 4.57 0 0 -18 
obj 970 -116.2 -805.21 4.57 0 0 -18 
obj 970 -112.25 -806.49 4.57 0 0 -18 
obj 970 -108.29 -807.78 4.57 0 0 -18 
obj 970 -104.32 -809.06 4.57 0 0 -18 
obj 970 -100.39 -810.33 4.57 0 0 -18 
obj 970 -94.36 -768.26 4.57 0 0 -18 
obj 970 -98.34 -767.01 4.57 0 0 -18 
obj 970 -102.28 -765.72 4.57 0 0 -18 
obj 970 -106.19 -764.48 4.57 0 0 -18 
obj 970 -109.84 -763.3 4.57 0 0 -18 
obj 970 -112.43 -764.72 4.57 0 0 72 
obj 970 -113.69 -768.65 4.57 0 0 72 
obj 970 -114.95 -772.6 4.57 0 0 72 
obj 970 -116.23 -776.55 4.57 0 0 72 
obj 970 -117.49 -780.47 4.57 0 0 72 
obj 970 -118.76 -784.38 4.57 0 0 72 
obj 970 -120.06 -788.31 4.57 0 0 72 
obj 970 -120.78 -790.6 4.57 0 0 72 
obj 970 -123.5 -791.94 4.57 0 0 -18 
obj 970 -131.31 -791.58 4.57 0 0 72 
obj 970 -132.57 -795.5 4.57 0 0 72 
obj 970 -133.21 -797.5 4.57 0 0 72 
obj 3498 -133.65 -799.26 -0.54 0 0 0 
obj 3498 -130.59 -789.88 -0.52 0 0 0 
obj 16375 -91.27 -781.44 7.68 0 0 69 
obj 19435 -102.11 -804.76 7.55 0 90 -18 
obj 19435 -105.95 -805.18 7.55 0 90 -18 
obj 19435 -102.62 -806.28 7.55 0 90 -18 
obj 19435 -108.78 -802.61 7.55 0 90 -18 
obj 19435 -109.28 -804.12 7.55 0 90 -18 
obj 19435 -112.57 -803.05 7.55 0 90 -18 
obj 19435 -112.09 -801.52 7.55 0 90 -18 
obj 19435 -115.4 -800.45 7.55 0 90 -18 
obj 19435 -115.89 -801.98 7.55 0 90 -18 
obj 19435 -119.22 -800.91 7.55 0 90 -18 
obj 19435 -118.68 -799.4 7.55 0 90 -18 
obj 3361 -106.07 -771.32 5.56 0 0 -19 
obj 19451 -96.4 -783.83 9.36 0 0 -19 
obj 19451 -98.26 -774.96 9.36 0 0 72 
obj 19432 -103.6 -773.22 9.36 0 0 72 
obj 19432 -105.13 -772.72 9.36 0 0 72 
obj 19432 -106.65 -772.23 9.36 0 0 72 
obj 19432 -108.17 -771.73 9.36 0 0 72 
obj 19451 -111.82 -775.48 9.36 0 0 -19 
obj 19451 -112.04 -790.72 9.4 0 0 71 
obj 19432 -106.78 -792.52 9.4 0 0 72 
obj 19432 -105.27 -793.01 9.4 0 0 72 
obj 19432 -103.77 -793.49 9.4 0 0 72 
obj 19432 -102.24 -793.97 9.4 0 0 72 
obj 19432 -94.59 -778.54 9.36 0 0 163 
obj 19432 -94.17 -777.14 9.36 0 0 163 
obj 19377 -100.24 -779.44 11.06 0 90 -18 
obj 19377 -103.25 -788.56 11.05 0 90 -18 
obj 19377 -110.17 -776.21 11.06 0 90 -18 
obj 19377 -113.09 -785.4 11.06 0 90 -18 
obj 1799 -97.51 -775.81 7.68 0 0 -109 
obj 1723 -100.91 -790.67 7.72 0 0 72 
obj 19325 -115.38 -786.1 9.57 0 0 -18 
obj 19432 -113.63 -780.76 9.36 0 0 162 
obj 19432 -114.14 -782.26 9.36 0 0 162 
obj 1723 -113 -785.76 7.78 0 0 251 
obj 1799 -98.74 -779.26 7.68 0 0 -109 
obj 1829 -95.56 -778.8 8.25 0 0 -109 
obj 1775 -106.26 -792.05 8.87 0 0 -198 
obj 1302 -108.42 -791.46 7.76 0 0 162 
obj 16151 -111.76 -779.01 8.1 0 0 162 
obj 1432 -104.13 -782.52 7.89 0 0 0 
obj 1432 -106.7 -780.57 7.89 0 0 0 
obj 1432 -103.54 -779.63 7.89 0 0 0 
obj 1215 -133.7 -799.38 4.6 0 0 0 
obj 1215 -130.57 -789.78 4.6 0 0 0 
obj 19325 -98.98 -791.54 9.57 0 0 -19 
obj 1828 -108.74 -788.64 7.77 0 0 -20 
obj 1693 -101.07 -790.01 12.63 0 0 71 
obj 1693 -115.72 -785.21 12.63 0 0 71 
obj 1762 -129.2 -791.51 4 0 0 -107.9 
obj 2160 -119.85 -796.3 4.01 0 0 -107.9 
obj 2425 -120.04 -797.01 5.06 0 0 -107.9 
obj 1822 -130.23 -793.99 4 0 0 0 
obj 1762 -130.05 -794.37 4 0 0 -107.9 
obj 1668 -129.57 -793.29 4.68 0 0 0 
obj 1667 -129.75 -793.28 4.58 0 0 0 
obj 1667 -129.91 -793.73 4.58 0 0 0 
obj 1646 -128.73 -799.03 4.28 0 0 -18 
obj 1646 -131.26 -798.36 4.28 0 0 -18 
obj 2081 -129.53 -798.34 4.01 0 0 164 
obj 2216 -129.89 -798.65 4.61 -25 25 62 
obj 1215 -121.45 -792.69 4.6 0 0 0 
obj 1215 -111.69 -762.85 4.6 0 0 0 
obj 1215 -92.49 -769.03 4.6 0 0 0 
obj 1215 -98.39 -810.85 4.6 0 0 0 
obj 1724 -118.4 -801.12 3.99 0 0 162 
obj 2254 -119.19 -801.37 6.21 0 0 162 
obj 3804 -111.16 -772.74 9.67 0 0 160 
obj 3804 -113.85 -780.42 9.67 0 0 160 
obj 3802 -113.81 -769.53 10.2 0 0 105 
obj 3802 -93.06 -776.17 10.24 0 0 20 
obj 19452 -110.12 -776.07 7.68 0 90 162 
obj 19452 -106.8 -777.16 7.68 0 90 162 
obj 19452 -103.5 -778.24 7.68 0 90 162 
obj 19452 -100.2 -779.31 7.68 0 90 162 
obj 19452 -96.88 -780.37 7.68 0 90 162 
obj 19452 -100.18 -789.44 7.68 0 90 162 
obj 19452 -103.49 -788.35 7.68 0 90 162 
obj 19452 -106.74 -787.3 7.68 0 90 162 
obj 19452 -110.04 -786.22 7.68 0 90 162 
obj 19452 -113.31 -785.16 7.68 0 90 162 
obj 19376 -90.62 -774.88 3.93 0 90 72 
obj 19378 -91.36 -738.36 5.15 0 90 -24 
obj 19378 -95.28 -747.16 5.15 0 90 -24 
obj 19378 -104.86 -742.88 5.15 0 90 -24 
obj 19378 -100.95 -734.1 5.15 0 90 -24 
obj 19380 -89.04 -734.21 -0.1 0 0 66 
obj 19380 -99.38 -729.54 -0.1 0 0 66 
obj 19380 -92.21 -732.77 -0.1 0 0 66 
obj 19380 -105.78 -731.9 -0.1 0 0 156 
obj 19380 -109.55 -740.73 -0.1 0 0 156 
obj 19380 -107.18 -747.06 -0.1 0 0 66 
obj 19380 -98.39 -750.97 -0.1 0 0 66 
obj 19380 -96.82 -751.67 -0.1 0 0 66 
obj 19380 -90.45 -749.06 -0.1 0 0 156 
obj 19380 -86.64 -740.49 -0.1 0 0 156 
obj 19448 -89.06 -734.29 6.77 0 0 66 
obj 19448 -97.8 -730.44 6.77 0 0 66 
obj 19325 -100.81 -729.07 6.45 0 0 66 
obj 3498 -103.74 -727.69 4.02 0 0 0 
obj 19325 -105.16 -730.81 6.45 0 0 156 
obj 19325 -107.84 -736.85 6.45 0 0 156 
obj 19448 -109.52 -740.75 6.77 0 0 -24 
obj 3498 -111.35 -745.08 4.02 0 0 0 
obj 19325 -108.27 -746.53 6.45 0 0 66 
obj 19448 -105.61 -747.65 6.77 0 0 66 
obj 19448 -96.82 -751.53 6.77 0 0 66 
obj 19448 -86.67 -740.52 6.77 0 0 -24 
obj 3498 -92.56 -753.45 4.02 0 0 0 
obj 19325 -89.77 -747.46 6.45 0 0 156 
obj 19429 -91.49 -751.2 6.73 0 0 -24 
obj 14416 -88.83 -752.81 2.04 0 0 67 
obj 19128 -106.6 -742.74 5.19 0 0 -24 
obj 19128 -101.63 -733.72 5.19 0 0 -24 
obj 19128 -92.04 -738.04 5.19 0 0 -24 
obj 19128 -96.85 -747 5.19 0 0 -24 
obj 19435 -97.82 -741.63 4.49 0 0 -24 
obj 19435 -97.16 -740.17 4.49 0 0 -24 
obj 19435 -96.52 -738.72 4.48 0 0 -24 
obj 19435 -98.48 -743.09 4.5 0 0 -24 
obj 19435 -99.54 -743.43 4.49 0 0 66 
obj 19435 -101 -742.76 4.49 0 0 66 
obj 19435 -101.29 -741.67 4.48 0 0 -24 
obj 19435 -100.65 -740.21 4.48 0 0 -24 
obj 19435 -100.01 -738.76 4.48 0 0 -24 
obj 19435 -99.37 -737.32 4.48 0 0 -24 
obj 19435 -98.32 -737.01 4.49 0 0 66 
obj 19435 -96.87 -737.68 4.49 0 0 66 
obj 19435 -99 -738.53 6.22 0 90 66 
obj 19435 -100.4 -741.73 6.22 0 90 66 
obj 19435 -98.93 -742.37 6.22 0 90 66 
obj 19435 -97.58 -739.25 6.22 0 90 66 
obj 19435 -101.17 -743.21 4.49 0 0 66 
obj 19435 -99.71 -743.9 4.49 0 0 66 
obj 19435 -101.53 -742.27 4.48 0 0 -24 
obj 19435 -98.7 -743.57 4.48 0 0 -24 
obj 2251 -99.12 -744.15 7.18 0 0 0 
obj 2251 -101.82 -742.93 7.18 0 0 0 
obj 2251 -99.13 -736.89 7.18 0 0 0 
obj 2251 -96.39 -738.08 7.18 0 0 0 
obj 1954 -100.44 -741.87 6.41 0 0 -24 
obj 1955 -100.79 -741.32 6.46 95 132 25 
obj 1956 -97.56 -737.76 6.33 0 0 0 
obj 1956 -98.62 -737.25 6.33 0 0 0 
obj 1957 -99.6 -740.06 6.42 0 0 -20 
obj 1958 -100.02 -740.89 6.31 0 0 68 
obj 1959 -100.85 -742.73 6.32 0 0 -113 
obj 1960 -98.71 -738.9 6.34 90 -360 0 
obj 1960 -98.4 -740.09 6.34 90 -360 0 
obj 1960 -99.15 -741.68 6.34 90 -360 0 
obj 1951 -99.42 -742.94 6.48 0 0 0 
obj 1955 -101.3 -742.26 6.46 95 132 25 
obj 1955 -99.73 -739.34 6.46 95 132 25 
obj 2784 -94.19 -732.75 6.44 0 0 -24 
obj 2784 -102.95 -748.05 6.44 0 0 -24 
obj 1724 -110.55 -743.76 5.1 0 0 -25 
obj 1724 -102.87 -729.46 5.1 0 0 -204 
obj 1723 -104.48 -731.81 5.15 0 0 -113 
obj 955 -85.64 -736.43 5.62 0 0 -24 
obj 1209 -87.16 -735.57 5.22 0 0 -24 
obj 2529 -88.98 -734.95 5.12 0 0 -24 
obj 2821 -96.71 -731.56 5.95 0 0 -24 
obj 2217 -95.86 -732.16 5.97 -26 25 0 
obj 2839 -94.67 -732.47 5.95 0 0 0 
obj 2453 -91.2 -734.1 6.31 0 0 -26 
obj 2453 -91.64 -733.89 6.31 0 0 -26 
obj 2453 -92.08 -733.68 6.31 0 0 -26 
obj 2453 -92.51 -733.47 6.31 0 0 -26 
obj 2453 -92.95 -733.26 6.31 0 0 -26 
obj 2867 -100.59 -749.08 5.95 0 0 0 
obj 2219 -101.3 -748.97 6 -24 22 0 
obj 2219 -102.28 -748.67 6 -24 22 0 
obj 2219 -103.71 -748 6 -24 22 0 
obj 2219 -105.36 -747.28 6 -24 22 0 
obj 19448 -96.13 -750.03 8.46 0 90 66 
obj 19448 -94.71 -746.83 8.46 0 90 66 
obj 19448 -93.3 -743.63 8.46 0 90 66 
obj 19448 -91.86 -740.44 8.46 0 90 66 
obj 19448 -90.44 -737.26 8.46 0 90 66 
obj 19448 -99.25 -733.33 8.46 0 90 66 
obj 19429 -86.62 -736.21 8.46 0 90 -24 
obj 19429 -89.81 -734.8 8.46 0 90 -24 
obj 19429 -93.01 -733.36 8.46 0 90 -24 
obj 19429 -96.2 -731.95 8.46 0 90 -24 
obj 19429 -99.39 -730.53 8.46 0 90 -24 
obj 19429 -102.52 -729.16 8.46 0 90 -24 
obj 19448 -100.63 -736.54 8.46 0 90 66 
obj 19448 -102.05 -739.7 8.46 0 90 66 
obj 19448 -103.49 -742.88 8.46 0 90 66 
obj 19448 -104.89 -746.08 8.46 0 90 66 
obj 19429 -104.39 -731.11 8.46 0 90 66 
obj 19429 -105.78 -734.32 8.46 0 90 66 
obj 19429 -107.17 -737.54 8.46 0 90 66 
obj 19429 -108.62 -740.73 8.46 0 90 66 
obj 19429 -110.01 -743.9 8.46 0 90 66 
obj 19378 -89.78 -707.71 1.7 0 90 -26 
obj 19378 -108.52 -698.57 1.7 0 90 -26 
obj 19378 -103.37 -711.74 1.7 0 90 -26 
obj 19378 -94.94 -694.55 1.7 0 90 -26 
obj 19378 -112.79 -707.16 1.7 0 90 -26 
obj 19378 -104.32 -689.92 1.7 0 90 -26 
obj 19378 -85.5 -699.15 1.7 0 90 -26 
obj 19378 -93.99 -716.33 1.7 0 90 -26 
obj 19380 -100.8 -707.52 -3.56 0 0 64 
obj 19380 -96.52 -698.61 -3.56 0 0 64 
obj 19380 -94.36 -705.14 -3.56 0 0 154 
obj 19380 -97.39 -698.18 -3.56 0 0 64 
obj 19380 -103.91 -700.53 -3.56 0 0 154 
obj 19380 -102.13 -706.85 -3.56 0 0 64 
obj 970 -118.4 -706.85 2.33 0 0 64 
obj 970 -116.75 -703.58 2.33 0 0 64 
obj 970 -114.94 -699.86 2.33 0 0 64 
obj 970 -113.13 -696.15 2.33 0 0 64 
obj 970 -111.32 -692.41 2.33 0 0 64 
obj 970 -109.5 -688.7 2.33 0 0 64 
obj 970 -107.79 -685.26 2.33 0 0 64 
obj 970 -105 -684.31 2.33 0 0 154 
obj 970 -101.3 -686.13 2.33 0 0 154 
obj 970 -97.62 -687.95 2.33 0 0 154 
obj 970 -93.91 -689.76 2.33 0 0 154 
obj 970 -90.22 -691.56 2.33 0 0 154 
obj 970 -86.58 -693.34 2.33 0 0 154 
obj 970 -82.89 -695.14 2.33 0 0 154 
obj 970 -80.67 -696.25 2.33 0 0 154 
obj 970 -79.7 -699.02 2.33 0 0 64 
obj 970 -81.52 -702.73 2.33 0 0 64 
obj 970 -90.53 -720.98 2.33 0 0 64 
obj 970 -88.72 -717.24 2.33 0 0 64 
obj 970 -93.32 -721.87 2.33 0 0 153 
obj 970 -97.05 -719.99 2.33 0 0 153 
obj 970 -100.75 -718.11 2.33 0 0 153 
obj 970 -104.44 -716.24 2.33 0 0 153 
obj 970 -108.11 -714.38 2.33 0 0 153 
obj 970 -111.8 -712.51 2.33 0 0 153 
obj 970 -115.49 -710.63 2.33 0 0 153 
obj 970 -117.45 -709.62 2.33 0 0 153 
obj 3498 -91.6 -722.49 -2.81 0 0 0 
obj 3498 -79.09 -697.23 -2.81 0 0 0 
obj 3498 -106.82 -683.64 -2.81 0 0 0 
obj 3498 -119.32 -709.11 -2.81 0 0 0 
obj 1646 -92.57 -705.76 2.02 0 0 -117 
obj 1646 -95.52 -697.05 2.02 0 0 -27 
obj 1646 -106.14 -699.47 2.02 0 0 63 
obj 1646 -106.14 -699.47 2.02 0 0 63 
obj 1646 -102.46 -709.24 2.02 0 0 156 
obj 1215 -91.52 -722.67 2.32 0 0 0 
obj 1215 -119.17 -708.65 2.32 0 0 0 
obj 1215 -106.87 -683.67 2.32 0 0 0 
obj 1215 -79.06 -697.27 2.32 0 0 0 
obj 1568 -88.55 -702.9 1.78 0 0 0 
obj 1568 -104.72 -694.65 1.78 0 0 0 
obj 1568 -109.41 -705.09 1.78 0 0 0 
obj 1568 -93.68 -712.99 1.78 0 0 0 
obj 1215 -103.78 -727.75 8.98 0 0 0 
obj 1215 -111.35 -745.11 8.98 0 0 0 
obj 1215 -92.57 -753.42 8.98 0 0 0 
obj 1215 -84.79 -736.18 8.98 0 0 0 
obj 1215 -84.95 -736.45 5.74 0 0 0 
obj 1215 -103.72 -728.13 5.74 0 0 0 
obj 1215 -111.04 -744.78 5.74 0 0 0 
obj 19429 -91.71 -753.72 3.46 0 0 68 
obj 19429 -90.14 -750.19 3.48 0 0 68 
obj 19429 -91.06 -753.98 3.04 0 0 68 
obj 19429 -89.62 -750.39 3.04 0 0 68 
obj 19451 -114 -816.78 5.74 0 0 72 
obj 19376 -103.3 -814.8 3.93 0 90 72 
obj 19376 -112.46 -811.86 3.93 0 90 72 
obj 19405 -107.93 -818.77 5.74 0 0 72 
obj 19405 -104.87 -819.74 5.74 0 0 72 
obj 19466 -104.86 -819.76 5.69 0 0 73 
obj 19466 -107.93 -818.73 5.69 0 0 73 
obj 19451 -117.15 -810.77 5.74 0 0 -19 
obj 19451 -110.99 -807.7 5.74 0 0 72 
obj 19405 -104.9 -809.68 5.74 0 0 72 
obj 19405 -101.87 -810.69 5.74 0 0 72 
obj 19466 -104.88 -809.7 5.69 0 0 73 
obj 19466 -101.79 -810.69 5.69 0 0 73 
obj 19432 -100.69 -812.01 5.75 0 0 -18 
obj 19405 -101.47 -814.25 5.74 0 0 161 
obj 19466 -101.42 -814.07 5.69 0 0 -18 
obj 19432 -102.21 -816.51 5.75 0 0 -18 
obj 19432 -102.72 -818.03 5.75 0 0 -18 
obj 19432 -114.78 -811.26 5.75 0 0 71 
obj 19432 -113.25 -811.78 5.75 0 0 71 
obj 19432 -111.72 -812.32 5.75 0 0 71 
obj 19432 -110.22 -812.83 5.75 0 0 71 
obj 19432 -109.83 -813.89 5.75 0 0 -18 
obj 19432 -110.31 -815.36 5.75 0 0 -18 
obj 19432 -110.78 -816.83 5.75 0 0 -18 
obj 19432 -115.88 -809.32 5.75 0 0 71 
obj 19432 -114.37 -809.84 5.75 0 0 71 
obj 1523 -113.06 -808.7 4.02 0 0 72 
obj 19432 -113.37 -809.43 5.75 0 0 -18 
obj 2517 -116.12 -806.74 4.02 0 0 -109 
obj 2525 -114.64 -809.15 4.09 0 0 160 
obj 2524 -116.03 -809.31 4.01 0 0 72 
obj 2613 -113.42 -808.9 3.99 0 0 0 
obj 1502 -116.98 -810.56 3.97 0 0 -18 
obj 1723 -108.43 -817.91 3.94 0 0 -198 
obj 1723 -103.1 -810.96 3.94 0 0 -19 
obj 19452 -115.68 -811.17 7.49 0 90 162 
obj 14387 -111.77 -814.93 6.24 0 0 -199 
obj 14387 -114.4 -814.02 4.46 0 0 -199 
obj 19454 -115.73 -811.14 7.42 0 90 -18 
obj 19454 -107.81 -813.62 7.42 0 90 -18 
obj 19454 -104.45 -814.69 7.42 0 90 -18 
obj 19435 -101.15 -812.56 7.42 0 90 -109 
obj 19435 -102.29 -815.87 7.42 0 90 -109 
obj 19435 -103.12 -818.34 7.42 0 90 -109 
obj 19435 -108.86 -809.16 7.42 0 90 -198 
obj 19435 -112.15 -808.09 7.42 0 90 -198 
obj 19435 -109.27 -810.69 7.42 0 90 -198 
obj 19435 -109.74 -812.2 7.42 0 90 -198 
obj 19435 -112.91 -811.17 7.42 0 90 -198 
obj 19435 -112.53 -809.66 7.42 0 90 -198 
obj 19452 -107.95 -813.61 7.49 0 90 162 
obj 19452 -104.7 -814.65 7.49 0 90 162 
obj 19452 -101.37 -815.73 7.49 0 90 162 
obj 19433 -111.13 -808.37 7.47 0 90 -18 
obj 19433 -111.6 -809.9 7.47 0 90 -18 
obj 19433 -112.08 -811.42 7.47 0 90 -18 
obj 19433 -109.18 -812.38 7.47 0 90 -18 
obj 19433 -108.67 -810.87 7.47 0 90 -18 
obj 19433 -108.23 -809.37 7.47 0 90 -18 
obj 970 -112.02 -812.24 8.15 0 0 -18 
obj 970 -114.61 -813.42 8.1 0 0 72 
obj 970 -114.94 -814.28 8.08 0 0 72 
obj 19451 -113.99 -816.72 9.17 0 0 72 
obj 19451 -117.1 -810.72 9.22 0 0 -19 
obj 19451 -111.08 -807.71 9.17 0 0 72 
obj 19405 -105 -809.64 9.19 0 0 72 
obj 19405 -101.95 -810.59 9.17 0 0 72 
obj 19432 -100.68 -811.9 9.16 0 0 -18 
obj 19405 -101.44 -814.18 9.15 0 0 161 
obj 19432 -102.15 -816.41 9.16 0 0 -18 
obj 19432 -102.64 -817.88 9.16 0 0 -18 
obj 19405 -104.94 -819.66 9.17 0 0 72 
obj 19405 -108.02 -818.68 9.17 0 0 72 
obj 19466 -104.94 -819.73 9.57 0 0 73 
obj 19466 -107.93 -818.73 9.1 0 0 73 
obj 19466 -101.79 -810.69 9.24 0 0 73 
obj 19466 -104.88 -809.7 9.63 0 0 73 
obj 19466 -101.33 -814.06 9.24 0 0 -18 
obj 19432 -113.85 -810.81 9.16 0 0 -18 
obj 19432 -113.33 -809.31 9.16 0 0 -18 
obj 1502 -113.07 -808.65 7.53 0 0 71 
obj 19432 -114.38 -812.24 9.16 0 0 -18 
obj 19432 -114.85 -813.72 9.16 0 0 -18 
obj 19432 -115.37 -815.25 9.16 0 0 -18 
obj 19432 -115.45 -815.47 9.16 0 0 -18 
obj 1799 -115.98 -812.28 7.58 0 0 162 
obj 1829 -115.94 -815.22 8.11 0 0 162 
obj 1723 -116.5 -811.07 7.42 0 0 72 
obj 2648 -115.38 -806.63 9.99 0 0 16 
obj 1828 -110.48 -811.46 7.6 0 0 -16 
obj 1828 -110.59 -809.26 7.6 0 0 -16 
obj 1723 -103.1 -810.86 7.42 0 0 -19 
obj 1723 -105.87 -809.93 7.42 0 0 -19 
obj 1723 -101.47 -812.52 7.42 0 0 -109 
obj 1723 -102.46 -815.29 7.42 0 0 -109 
obj 2311 -105.05 -813.24 7.58 0 0 -20 
obj 19452 -98.09 -816.81 7.49 0 90 162 
obj 970 -98.21 -811.7 8.06 0 0 -18 
obj 970 -96.93 -814.28 8.15 0 0 72 
obj 970 -98.19 -818.19 8.15 0 0 72 
obj 970 -98.64 -819.56 8.15 0 0 72 
obj 970 -101.21 -820.76 8.06 0 0 -18 
obj 1646 -100.42 -819.24 7.83 0 0 74 
obj 1646 -99.57 -816.36 7.83 0 0 74 
obj 1646 -98.45 -813.09 7.83 0 0 74 
obj 19380 -112.63 -812.38 10.95 0 90 72 
obj 19380 -103.5 -815.29 10.95 0 90 72 
obj 2245 -98.37 -820.94 7.81 0 0 0 
obj 2245 -97.79 -819.13 7.81 0 0 0 
obj 2245 -97.02 -816.75 7.81 0 0 0 
obj 2245 -95.99 -813.28 7.81 0 0 0 
obj 1215 -95.18 -812.86 8.07 0 0 0 
obj 1215 -98 -821.78 8.07 0 0 0 
obj 19380 -114.05 -816.77 -1.29 0 0 72 
obj 19380 -104.92 -819.73 -1.29 0 0 72 
obj 19380 -117.08 -810.8 -1.29 0 0 162 
obj 19380 -111.1 -807.7 -1.29 0 0 72 
obj 19380 -103.84 -810.05 -1.29 0 0 72 
obj 3802 -96.77 -811.58 10.24 0 0 20 
obj 3802 -100.27 -822.3 10.24 0 0 -62 
obj 3802 -119.21 -816.21 10.24 0 0 -142 
obj 3802 -115.97 -805.42 10.24 0 0 -236 
obj 16375 -91.79 -797.52 11.09 0 0 69 
obj 19378 -99.11 -755.98 5.15 0 90 -24 
obj 19378 -108.69 -751.7 5.15 0 90 -24 
obj 3498 -92.72 -753.87 4.02 0 0 0 
obj 3498 -96.51 -762.43 4.02 0 0 0 
obj 3498 -115.43 -753.8 4.02 0 0 0 
obj 3498 -111.51 -745.44 4.02 0 0 0 
obj 19448 -113.41 -749.4 6.77 0 0 -24 
obj 19380 -110.88 -755.96 -0.1 0 0 66 
obj 19380 -102.12 -759.84 -0.1 0 0 66 
obj 19380 -100.9 -760.38 -0.1 0 0 66 
obj 19380 -113.41 -749.49 -0.1 0 0 156 
obj 19380 -94.56 -758.03 -0.1 0 0 156 
obj 14416 -90.26 -756.55 2.04 0 0 67 
obj 19429 -93.14 -757.34 3.47 0 0 68 
obj 19429 -91.66 -757.92 3.05 0 0 68 
obj 19448 -100.98 -760.3 6.77 0 0 66 
obj 19325 -112.26 -755.34 6.45 0 0 66 
obj 19448 -109.77 -756.39 6.77 0 0 66 
obj 19429 -93.84 -756.19 6.73 0 0 -24 
obj 19325 -95.29 -759.61 6.45 0 0 156 
obj 3386 -106.32 -747.97 5.21 0 0 66 
obj 3386 -105.4 -748.37 5.21 0 0 66 
obj 3384 -101.02 -750.61 6.55 0 0 66 
obj 3384 -100.04 -751.01 6.55 0 0 66 
obj 3387 -101.83 -749.8 5.19 0 0 65 
obj 3387 -102.69 -749.37 5.19 0 0 65 
obj 3387 -103.53 -748.91 5.19 0 0 65 
obj 14632 -101.38 -762.35 6.7 0 0 -26 
obj 2006 -105.77 -753.74 5.27 0 0 0 
obj 2006 -105.26 -755.19 5.27 0 127 0 
obj 2006 -103.76 -752.7 5.27 0 273 0 
obj 2006 -109.78 -753.31 5.27 0 273 0 
obj 2006 -108.24 -751.17 5.27 0 273 0 
obj 2006 -108.04 -752.67 5.27 113 273 0 
obj 2006 -112.06 -750.51 5.27 113 273 0 
obj 2006 -104.95 -755.97 5.27 0 127 0 
obj 2063 -97.12 -758.42 6.13 0 0 -26 
obj 2063 -100.12 -756.97 6.13 0 0 -24 
obj 2185 -99.32 -760.4 5.22 0 0 -24 
obj 2185 -102.68 -758.93 5.22 0 0 -24 
obj 1714 -101.79 -758.08 5.18 0 0 0 
obj 1714 -98.41 -759.53 5.18 0 0 0 
obj 3383 -105.18 -757.36 5.23 0 0 -24 
obj 19320 -105.05 -757.36 6.51 0 0 -66 
obj 1240 -104.8 -757.17 6.58 0 0 -34 
obj 1240 -105.02 -757.06 6.58 0 0 -24 
obj 2045 -104.86 -757.34 6.86 91 0 0 
obj 2045 -105.18 -757.19 6.86 91 0 0 
obj 2035 -104.67 -757.37 6.69 76 0 0 
obj 2035 -105.29 -757.19 6.69 76 0 127 
obj 2057 -106.24 -756.83 6.46 0 0 0 
obj 2061 -100.81 -756.71 7.19 0 0 0 
obj 2061 -100.24 -756.95 7.19 0 0 0 
obj 2061 -99.3 -757.31 7.19 0 0 0 
obj 2061 -97.93 -757.92 7.19 0 0 0 
obj 2061 -97.26 -758.3 7.19 0 0 0 
obj 2061 -96.46 -758.73 7.19 0 0 0 
obj 19448 -97.53 -753.23 8.46 0 90 66 
obj 19448 -98.95 -756.41 8.46 0 90 66 
obj 19448 -100.39 -759.58 8.46 0 90 66 
obj 19448 -109.15 -755.68 8.46 0 90 66 
obj 19448 -107.75 -752.48 8.46 0 90 66 
obj 19448 -106.31 -749.28 8.46 0 90 66 
obj 19429 -111.52 -747.09 8.46 0 90 66 
obj 19429 -112.94 -750.27 8.46 0 90 66 
obj 19429 -114.35 -753.46 8.46 0 90 66 
