sell 10825 1137.8 -726.59 95.25 91 0 -2.52 
changeobj 1506 1153.7 -713.82 90.1 0 0 -11.1 1502
changeobj 1506 1136.96 -724.06 94.26 0 0 -6.78 1502
changeobj 1506 1139.96 -724.45 94.26 0 0 -189.06 1502
changeobj 1506 1144.91 -716.39 94.26 0 0 80.76 1502
obj 19380 1152.3 -702.92 90.05 0 90 -12.6 
obj 19380 1141.99 -701.33 94.23 0 90 -8.94 
obj 19380 1140.54 -710.65 94.22 0 90 -8.94 
obj 19380 1139.17 -720.23 94.22 0 90 -8.94 
obj 19380 1150.29 -712.27 90.05 0 90 -12.48 
obj 19380 1145.75 -711.54 89.06 0 0 -9 
obj 970 1148.03 -716.73 90.65 0 0 -12.84 
obj 0 1152.12 -717.7 90.66 0 0 -12.42 
obj 970 1143.94 -715.8 90.63 0 0 -11.4 
obj 19325 1148.23 -712.84 92.25 0 0 80.58 
obj 19325 1148.23 -712.84 88.13 0 0 80.52 
obj 19380 1150.28 -712.55 85.02 0 90 -12.48 
obj 19380 1152.33 -703.17 85.02 0 90 -12.6 
obj 19447 1155.34 -713.64 86.76 0 0 -12.48 
obj 19447 1149.59 -717.12 86.76 0 0 -102.42 
obj 19447 1157.42 -704.24 86.76 0 0 -12.48 
obj 19447 1153.68 -698.59 86.76 0 0 -102.42 
obj 19447 1144.3 -696.47 86.76 0 0 -102.42 
obj 19447 1155.34 -713.64 89.57 0 0 -12.48 
obj 19447 1155.34 -713.64 92.56 0 0 -12.48 
obj 19447 1157.41 -704.26 89.57 0 0 -12.48 
obj 19447 1157.41 -704.26 92.56 0 0 -12.48 
obj 19380 1142.07 -700.95 88.59 0 90 -12.6 
obj 19447 1153.69 -698.6 89.57 0 0 -102.42 
obj 19447 1144.3 -696.52 89.57 0 0 -102.42 
obj 19447 1153.69 -698.74 92.53 0 0 -102.42 
obj 19447 1144.3 -696.77 92.55 0 0 -99.24 
obj 19447 1152 -713.49 89.49 90 0 -99.98 
obj 19380 1150.28 -712.55 84.85 0 90 -12.48 
obj 19380 1152.33 -703.15 84.84 0 90 -12.6 
obj 19380 1150.28 -712.55 84.67 0 90 -12.48 
obj 19380 1152.33 -703.15 84.67 0 90 -12.6 
obj 19428 1153.44 -713.74 93.47 91 0 80.14 
obj 14378 1150.6 -703.93 91.04 0 0 0 
obj 14378 1149.12 -707.39 91.25 0 0 0 
obj 19380 1147.24 -702.1 89.06 0 0 -9 
obj 19447 1149.59 -717.12 88.33 0 0 -102.42 
obj 19454 1137.06 -700.55 96.01 0 0 -8.4 
obj 19454 1135.66 -710.03 96.01 0 0 -8.4 
obj 19454 1142.46 -696.68 96.01 0 0 80.28 
obj 19454 1146.31 -697.35 96.01 0 0 80.28 
obj 19325 1139.94 -715.76 95.71 0 0 80.58 
obj 3499 1153.89 -717.28 79.19 0 0 0 
obj 3499 1153.89 -717.28 69.19 0 0 0 
obj 3499 1153.89 -717.28 70.19 0 0 0 
obj 3499 1157.49 -700.65 79.19 0 0 0 
obj 3499 1157.49 -700.65 69.19 0 0 0 
obj 3499 1157.49 -700.65 59.19 0 0 0 
obj 19380 1137.65 -729.75 94.22 0 90 -8.94 
obj 19454 1135.94 -719.4 96.01 0 0 12.66 
obj 1409 1141.89 -717.05 94.42 0 0 -6.42 
obj 19454 1142.44 -720.53 96.01 0 0 -31.02 
obj 1409 1138.44 -716.54 94.42 0 0 -6.42 
obj 1491 1143.21 -716.28 94.31 0 0 -10.2 
obj 1491 1136.68 -715.18 94.31 0 0 170.76 
obj 1693 1156.65 -713.97 95.92 0 0 78.84 
obj 19380 1150.75 -702.13 89.05 0 0 -98.16 
obj 14407 1150.05 -699.97 91.13 0 0 -97.74 
obj 19380 1154.2 -709.03 89.05 0 0 -11.94 
obj 1491 1155.43 -702.86 90.13 0 0 -100.2 
obj 14970 1148.38 -703.58 91.42 0 0 0 
obj 14720 1147.94 -707.82 90.14 0 0 81.18 
obj 19380 1151.15 -708.49 89.04 0 0 -11.4 
obj 1728 1148.89 -712.19 90.14 0 0 176.46 
obj 1728 1147.2 -708.92 90.14 0 0 -3.42 
obj 1828 1147.95 -710.63 90.12 0 0 0 
obj 0 1152.64 -709.45 90.14 0 0 78.36 
obj 1806 1152.72 -708.63 90.14 0 0 74.22 
obj 1433 1148.25 -710.42 90.38 0 0 -6.18 
obj 14455 1150.66 -710.29 91.76 0 0 78.18 
obj 14455 1153.56 -711.25 91.76 0 0 78.18 
obj 14455 1151.7 -705.99 91.76 0 0 258.36 
obj 1725 1152.43 -709.95 90.14 0 0 168.96 
obj 19380 1156.95 -704.41 94.22 0 90 -12.36 
obj 19380 1154.82 -713.76 94.22 0 90 -12.36 
obj 19380 1150.83 -712.64 94.22 0 90 -8.76 
obj 19380 1151.32 -707.01 94.22 0 90 -8.76 
obj 19325 1154.28 -698.88 95.96 0 0 78.06 
obj 19325 1156.8 -702.81 96.19 0 0 -12.06 
obj 19454 1145.81 -710.12 96.01 0 0 -8.4 
obj 19325 1147.71 -707.65 96.19 0 0 -34.08 
obj 970 1152.42 -700.69 94.84 0 0 77.64 
obj 970 1149.95 -702.06 94.84 0 0 -7.62 
obj 1700 1155.35 -702.98 94.28 0 0 -8.76 
obj 1700 1152.84 -702.46 94.28 0 0 -8.28 
obj 2193 1152.64 -709.63 90.16 0 0 78.3 
obj 2193 1154.78 -704.25 94.31 0 0 -101.1 
obj 1806 1154.55 -705.27 94.31 0 0 -89.52 
obj 19325 1146.37 -706.17 95.71 0 0 -8.82 
obj 1491 1146.89 -702.89 94.31 0 0 43.08 
obj 2596 1155.62 -703.62 95.58 0 0 168.54 
obj 19325 1152.84 -705.48 96.19 0 0 -99.9 
obj 970 1152.09 -717.58 90.65 0 0 -12.84 
obj 970 1144.48 -719.23 94.84 0 0 79.26 
obj 970 1143.72 -723.58 94.84 0 0 80.16 
obj 19454 1139.92 -701.51 96.01 0 0 -46.26 
obj 1491 1144.54 -697.18 94.31 0 0 221.82 
obj 14455 1144.22 -697.79 95.95 0 0 -136.86 
obj 14455 1140.04 -701.68 95.95 0 0 -137.16 
obj 14455 1137.38 -699.62 95.95 0 0 -99.24 
obj 970 1143 -727.93 94.84 0 0 81.6 
obj 970 1142.32 -732.42 94.84 0 0 81.6 
obj 970 1140.35 -732.5 94.84 0 0 126.78 
obj 970 1135.85 -726.22 94.84 0 0 75.96 
obj 970 1147.46 -716.91 94.84 0 0 -9.42 
obj 970 1151.93 -717.72 94.84 0 0 -10.62 
obj 970 1156.64 -718.62 94.84 0 0 -10.62 
obj 970 1159.38 -716.7 94.84 0 0 77.88 
obj 970 1160.31 -712.28 94.84 0 0 77.88 
obj 970 1161.26 -707.88 94.84 0 0 77.88 
obj 970 1162.22 -703.36 94.84 0 0 77.88 
obj 970 1160.54 -700.73 94.84 0 0 167.22 
obj 19454 1144.03 -710.03 96.01 0 0 -8.4 
obj 19454 1137.41 -710.46 96.01 0 0 -8.4 
obj 19325 1141.49 -705.53 95.71 0 0 93.6 
obj 1491 1143.29 -714.82 94.31 0 0 -98.7 
obj 19427 1137.99 -707.78 95.74 0 0 170.88 
obj 19427 1137.74 -709.37 95.74 0 0 170.76 
obj 19427 1138.37 -709.88 95.74 0 0 82.14 
obj 19427 1138.81 -707.66 95.74 -4 0 82 
obj 19466 1139.06 -708.85 96.16 0 0 -9.66 
obj 19427 1138.95 -708.02 95.74 0 0 170.88 
obj 19427 1138.7 -709.53 95.74 0 0 170.76 
obj 19466 1139.1 -708.86 96.16 0 0 -9.66 
obj 19466 1139.04 -708.85 96.16 0 0 -9.66 
obj 19466 1139.04 -708.85 96.16 0 0 -9.66 
obj 19466 1139.04 -708.85 96.16 0 0 -9.66 
obj 19466 1139.04 -708.85 96.16 0 0 -9.66 
obj 19466 1139.12 -708.86 96.16 0 0 -9.66 
obj 19466 1139.02 -708.87 96.16 0 0 -9.66 
obj 19466 1139.1 -708.86 96.16 0 0 -9.66 
obj 19466 1139.02 -708.87 96.16 0 0 -9.66 
obj 19466 1139.12 -708.86 96.16 0 0 -9.66 
obj 2311 1140.77 -709.86 94.3 0 0 81.9 
obj 2828 1140.98 -709.06 94.81 0 0 -140.28 
obj 1726 1142.69 -708.45 94.31 0 0 -97.68 
obj 1998 1138.44 -713.92 94.31 0 0 171.3 
obj 1806 1137.32 -713.84 94.3 0 0 188.76 
obj 1998 1140.36 -714.24 94.31 0 0 171.3 
obj 1806 1139.16 -714.27 94.3 0 0 188.76 
obj 1727 1141.31 -711.55 94.25 0 0 196.98 
obj 1727 1141.43 -706.41 94.25 0 0 308.64 
obj 1998 1139.14 -697.71 94.31 0 0 82.86 
obj 1806 1139.42 -696.59 94.3 0 0 135.54 
obj 2311 1139.38 -700.91 94.3 0 0 173.22 
obj 1726 1159.83 -706.71 94.31 0 0 -192.3 
obj 2311 1159.94 -704.86 94.3 0 0 168.12 
obj 1726 1158.62 -702.55 94.31 0 0 -370.98 
obj 1727 1161.38 -704.58 94.25 0 0 255.6 
obj 1727 1157.04 -704.54 94.25 0 0 77.16 
obj 1726 1138 -698.86 94.31 0 0 -8.4 
obj 2828 1138.08 -700.78 94.81 0 0 -93.48 
obj 2828 1159.35 -704.73 94.81 0 0 -32.7 
obj 19380 1142.13 -701.43 97.86 0 90 -9.66 
obj 19380 1140.51 -710.9 97.86 0 90 -9.66 
obj 19380 1138.98 -720.26 97.86 0 90 -9.66 
obj 19380 1150.8 -712.58 97.92 0 90 -9.78 
obj 19380 1152.46 -703.07 98.02 0 90 -9.78 
obj 19380 1160.59 -713.87 97.36 10 90 79.32 
obj 19380 1162.13 -705.37 97.36 10 90 79.32 
obj 19380 1152.46 -703.07 97.86 0 90 -9.78 
obj 19380 1150.8 -712.58 98.02 0 90 -9.78 
obj 19380 1152.39 -703.13 98.22 0 90 -9.78 
obj 19380 1150.8 -712.58 97.92 0 90 -9.78 
obj 19380 1150.78 -712.62 98.22 0 90 -9.78 
