sell 10825 -2416.16 -302.06 58.6 84 11 22 
changeobj 1506 -2416.9 -301.81 57.68 0 0 34 1502
changeobj 1506 -2434.93 -298.21 57.68 0 0 34 1502
changeobj 1506 -2432.47 -296.47 57.68 0 0 215 1502
obj 19378 -2422.99 -307.25 57.6 0 90 34 
obj 19378 -2428.36 -299.28 57.6 0 90 34 
obj 19378 -2419.67 -293.42 57.6 0 90 34 
obj 19378 -2410.96 -287.55 57.6 0 90 34 
obj 19378 -2405.58 -295.54 57.6 0 90 34 
obj 19378 -2414.3 -301.38 57.6 0 90 34 
obj 19454 -2413.25 -283.39 59.41 0 0 -56 
obj 19325 -2419.74 -287.78 59.63 0 0 -56 
obj 19454 -2426.3 -292.3 59.41 0 0 -56 
obj 19435 -2419.89 -287.89 59.43 0 0 -56 
obj 19325 -2433.41 -301.01 59.63 0 0 34 
obj 19435 -2433.86 -300.31 59.43 0 0 34 
obj 19435 -2432.16 -302.8 59.43 0 0 34 
obj 19325 -2429.72 -306.48 59.63 0 0 34 
obj 19435 -2430.37 -305.43 59.43 0 0 34 
obj 19435 -2428.74 -307.86 59.43 0 0 34 
obj 19325 -2425.11 -307.37 59.63 0 0 -56 
obj 19435 -2427.19 -308.82 59.43 0 0 -56 
obj 19435 -2424.69 -307.14 59.43 0 0 -56 
obj 19325 -2419.62 -303.66 59.63 0 0 -56 
obj 19435 -2422.31 -305.5 59.43 0 0 -56 
obj 19435 -2420.15 -304.01 59.36 0 0 -56 
obj 19435 -2417.56 -302.26 59.38 0 0 -56 
obj 19325 -2412.75 -298.99 59.63 0 0 -56 
obj 19325 -2407.48 -295.44 59.63 0 0 -56 
obj 19435 -2415.02 -300.54 59.43 0 0 -56 
obj 19435 -2412.57 -298.89 59.43 0 0 -56 
obj 19435 -2409.95 -297.12 59.43 0 0 -56 
obj 19435 -2407.92 -295.76 59.43 90 0 -56 
obj 19435 -2405.79 -294.34 59.43 0 0 -56 
obj 19435 -2404.46 -293.44 59.43 0 0 -56 
obj 19435 -2403.15 -292.56 59.43 0 0 -56 
obj 19435 -2403.33 -292.67 58.81 90 0 -56 
obj 19325 -2403.67 -289 59.63 0 0 34 
obj 19325 -2407.36 -283.55 59.63 0 0 34 
obj 19435 -2402.32 -291.15 59.43 0 0 34 
obj 19435 -2403.86 -288.84 59.43 0 0 34 
obj 19435 -2403.86 -288.84 59.43 0 0 34 
obj 19435 -2405.46 -286.47 59.43 0 0 34 
obj 19435 -2407.21 -283.9 59.43 0 0 34 
obj 19435 -2408.85 -281.48 59.43 0 0 34 
obj 19435 -2419.67 -303.68 59.43 90 0 -56 
obj 19435 -2403.33 -292.67 57.25 90 0 -56 
obj 19435 -2403.33 -292.67 60.38 90 0 -56 
obj 19435 -2411.95 -298.47 59.43 90 0 -56 
obj 19435 -2413.94 -299.8 59.43 90 0 -56 
obj 19435 -2407.85 -295.76 59.43 0 0 -56 
obj 19435 -2422.58 -305.67 59.43 90 0 -56 
obj 19435 -2425.48 -307.63 59.43 90 0 -56 
obj 14409 -2423.31 -294.51 57.93 0 0 -146 
obj 19435 -2426.41 -293.44 59.43 0 0 34 
obj 19435 -2425.56 -294.73 59.43 0 0 34 
obj 19435 -2424.66 -296.05 59.43 0 0 34 
obj 19435 -2423.77 -297.39 59.43 0 0 34 
obj 19435 -2420.41 -295.15 59.43 0 0 34 
obj 19435 -2421.28 -293.84 59.43 0 0 34 
obj 19435 -2422.17 -292.52 59.43 0 0 34 
obj 19435 -2423.07 -291.2 59.43 0 0 34 
obj 19378 -2428.54 -299.48 61.1 0 90 34 
obj 19378 -2416.81 -291.58 61.12 0 90 34 
obj 19378 -2410.88 -287.65 61.13 0 90 34 
obj 19378 -2426.42 -302.62 61.11 0 90 34 
obj 19378 -2414.72 -294.66 61.15 0 90 34 
obj 19378 -2408.83 -290.69 61.17 0 90 34 
obj 19325 -2420.04 -301.55 61.14 0 90 -56 
obj 19325 -2421.66 -299.57 61.17 0 90 -56 
obj 19325 -2425.11 -307.37 63.75 0 0 -56 
obj 19435 -2422.32 -305.46 62.91 0 0 -56 
obj 19435 -2421.04 -304.6 62.91 0 0 -56 
obj 19325 -2417.75 -302.42 63.75 0 0 -56 
obj 19435 -2414.59 -300.23 62.91 0 0 -56 
obj 19435 -2413.27 -299.34 62.91 0 0 -56 
obj 19325 -2410.08 -297.2 63.75 0 0 -56 
obj 19435 -2415.91 -301.13 62.91 0 0 -56 
obj 19435 -2406.73 -294.92 62.91 0 0 -56 
obj 19325 -2404.66 -293.56 63.17 0 0 -56 
obj 19325 -2403.67 -289 63.75 0 0 34 
obj 19435 -2405.45 -286.51 62.87 0 0 34 
obj 19435 -2406.34 -285.21 62.87 0 0 34 
obj 19435 -2407.22 -283.89 62.87 0 0 34 
obj 19325 -2407.37 -283.53 63.75 0 0 34 
obj 19454 -2413.24 -283.4 62.93 0 0 -56 
obj 19325 -2419.74 -287.78 63.75 0 0 -56 
obj 19454 -2426.32 -292.28 62.89 0 0 -56 
obj 19325 -2432.53 -296.41 63.1 0 0 -56 
obj 19325 -2433.39 -301.03 63.75 0 0 34 
obj 19435 -2432 -303.2 62.91 0 0 34 
obj 19435 -2431.1 -304.53 62.91 0 0 34 
obj 19325 -2429.65 -306.58 63.75 0 0 34 
obj 3498 -2427.9 -309.05 62.13 0 0 0 
obj 3498 -2435.09 -298.42 62.13 0 0 0 
obj 3498 -2409.36 -280.91 62.13 0 0 0 
obj 3498 -2431.6 -303.78 62.13 0 0 0 
obj 3498 -2401.86 -291.75 62.13 0 0 0 
obj 19378 -2410.91 -287.59 64.62 0 90 34 
obj 19378 -2419.61 -293.44 64.62 0 90 34 
obj 19378 -2428.3 -299.33 64.62 0 90 34 
obj 19378 -2426.23 -302.37 64.63 0 90 34 
obj 19378 -2417.55 -296.51 64.63 0 90 34 
obj 19378 -2408.87 -290.67 64.63 0 90 34 
obj 19378 -2426.23 -302.37 64.8 0 90 34 
obj 19378 -2426.23 -302.37 64.98 0 90 34 
obj 19378 -2426.23 -302.37 65.15 0 90 34 
obj 19378 -2426.23 -302.37 65.33 0 90 34 
obj 19378 -2426.23 -302.37 65.49 0 90 34 
obj 19378 -2426.23 -302.37 65.66 0 90 34 
obj 19378 -2426.23 -302.37 65.83 0 90 34 
obj 19378 -2417.55 -296.51 64.8 0 90 34 
obj 19378 -2417.55 -296.51 64.98 0 90 34 
obj 19378 -2417.55 -296.51 65.16 0 90 34 
obj 19378 -2417.55 -296.51 65.32 0 90 34 
obj 19378 -2417.55 -296.51 65.5 0 90 34 
obj 19378 -2417.55 -296.51 65.66 0 90 34 
obj 19378 -2417.55 -296.51 65.83 0 90 34 
obj 19378 -2408.87 -290.67 64.82 0 90 34 
obj 19378 -2408.87 -290.67 65.01 0 90 34 
obj 19378 -2408.87 -290.67 65.18 0 90 34 
obj 19378 -2408.87 -290.67 65.34 0 90 34 
obj 19378 -2408.87 -290.67 65.5 0 90 34 
obj 19378 -2408.87 -290.67 65.66 0 90 34 
obj 19378 -2408.87 -290.67 65.83 0 90 34 
obj 19378 -2410.91 -287.59 64.8 0 90 34 
obj 19378 -2410.91 -287.59 64.98 0 90 34 
obj 19378 -2410.91 -287.59 65.16 0 90 34 
obj 19378 -2410.91 -287.59 65.33 0 90 34 
obj 19378 -2410.91 -287.59 65.49 0 90 34 
obj 19378 -2410.91 -287.59 65.67 0 90 34 
obj 19378 -2410.91 -287.57 65.79 0 90 34.02 
obj 19378 -2419.61 -293.44 64.77 0 90 34 
obj 19378 -2419.61 -293.44 64.94 0 90 34 
obj 19378 -2419.61 -293.44 65.12 0 90 34 
obj 19378 -2419.61 -293.44 65.25 0 90 34 
obj 19378 -2419.61 -293.44 65.43 0 90 34 
obj 19378 -2419.61 -293.44 65.57 0 90 34 
obj 19378 -2419.61 -293.44 65.72 0 90 34 
obj 19378 -2419.61 -293.44 65.79 0 90 34 
obj 19378 -2428.3 -299.33 64.78 0 90 34 
obj 19378 -2428.3 -299.33 64.88 0 90 34 
obj 19378 -2428.3 -299.33 65.08 0 90 34 
obj 19378 -2428.3 -299.33 65.23 0 90 34 
obj 19378 -2428.3 -299.33 65.41 0 90 34 
obj 19378 -2428.3 -299.33 65.59 0 90 34 
obj 19378 -2428.3 -299.33 65.76 0 90 34 
obj 19378 -2430.99 -295.33 52.86 90 90 34 
obj 19378 -2422.27 -289.47 52.86 90 90 34 
obj 19378 -2413.6 -283.62 52.86 90 90 34 
obj 19378 -2406.5 -285.26 52.86 90 178 34 
obj 19378 -2432.24 -302.44 52.86 90 90 126.2 
obj 19378 -2426.04 -310.89 52.86 90 90 126.2 
obj 19378 -2404.88 -287.47 52.86 90 178 36.6 
obj 19378 -2433.77 -291.3 57.6 0 90 34 
obj 19325 -2429.77 -294.61 59 0 0 -56 
obj 970 -2427.9 -290.71 58.14 0 0 -56 
obj 970 -2430.19 -287.29 58.14 0 0 -56 
obj 970 -2436.47 -296.49 58.14 0 0 -56 
obj 970 -2438.77 -293.08 58.14 0 0 -56 
obj 970 -2433.09 -286.75 58.14 0 0 33.74 
obj 970 -2438.17 -290.25 58.14 0 0 33 
obj 16409 -2462.78 -312.33 40.48 0 0 -84 
obj 19434 -2422.19 -304.45 62.78 0 0 18 
obj 19434 -2423.08 -303.36 62.78 0 0 62 
obj 19434 -2424.56 -302.9 62.78 0 0 84 
obj 19434 -2429.97 -304.67 62.78 0 0 120 
obj 2627 -2424.12 -305.38 61.2 0 0 -142 
obj 2630 -2425.74 -306.57 61.2 0 0 33 
obj 2628 -2427.79 -307.58 61.2 0 0 127 
obj 2629 -2428.73 -305.69 61.2 0 0 33 
obj 1985 -2422.35 -305.14 64.36 0 0 0 
obj 19434 -2426.16 -303.01 62.78 0 0 105 
obj 19378 -2410.96 -287.55 57.58 0 90 34 
obj 2078 -2416.63 -286.07 57.68 0 0 33 
obj 2747 -2410.75 -284.87 58.07 0 0 33 
obj 2747 -2411.28 -284.06 58.07 0 0 33 
obj 2747 -2410.21 -285.71 58.07 1 1 32.88 
obj 2748 -2409.03 -284.44 58.2 0 0 -55 
obj 2748 -2409.96 -283.1 58.2 0 0 -55 
obj 2748 -2412.72 -284.67 58.23 0 0 121 
obj 2748 -2411.89 -286.06 58.23 0 0 121 
obj 2223 -2409.9 -285.52 58.57 0 0 33 
obj 2223 -2410.49 -285.89 58.57 0 0 215 
obj 2223 -2411.04 -284.98 58.57 0 0 215 
obj 2223 -2410.39 -284.61 58.57 0 0 33 
obj 2223 -2410.94 -283.79 58.57 0 0 33 
obj 2223 -2411.62 -284.24 58.57 0 0 215 
obj 2208 -2420.74 -289.04 57.68 0 0 304 
obj 2251 -2419.61 -290.87 59.39 0 0 0 
obj 3802 -2415.14 -301.51 59.64 0 0 -62 
obj 19435 -2425.15 -298.52 58.22 90 0 -56 
obj 1819 -2408.65 -290.8 57.68 0 0 -12 
obj 1758 -2409.85 -288.78 57.69 0 0 33 
obj 2164 -2402.67 -292.05 57.66 0 0 -147 
obj 2161 -2407.01 -295.03 58.74 0 0 215 
obj 2606 -2405.4 -293.75 59.3 0 0 -149 
obj 1731 -2415.39 -300.51 59.22 0 4 -47 
obj 1731 -2417.37 -301.84 59.22 0 4 -47 
obj 1734 -2405.42 -289.34 61.04 0 0 0 
obj 2069 -2414.23 -284.56 57.73 0 0 0 
obj 1893 -2428.9 -301.83 61.03 0 0 33 
obj 1893 -2427.17 -304.91 61.03 0 0 33 
obj 1893 -2418.29 -297.32 61.03 0 0 33 
obj 1731 -2429.66 -304.17 63.26 0 0 -69 
obj 1731 -2426.64 -302.9 63.26 0 0 -69 
obj 1734 -2417.33 -299.06 64.54 0 0 0 
obj 1734 -2407.41 -287.42 64.53 0 0 0 
obj 2575 -2410.83 -284.83 61.6 0 0 33 
obj 330 -2411.73 -282.81 61.95 0 91 222 
obj 19426 -2429.49 -299.72 62.79 0 0 135 
obj 19426 -2430.73 -300.66 62.79 0 0 120 
obj 19426 -2432.1 -301.45 62.79 0 0 120 
obj 19426 -2429.76 -295.68 62.79 0 0 33 
obj 19426 -2428.9 -297 62.79 0 0 33 
obj 1502 -2428.57 -297.66 61.17 0 0 -105 
obj 1433 -2430.65 -295.93 61.37 0 0 33 
obj 1670 -2430.8 -296.07 61.89 0 0 0 
obj 1708 -2429.11 -297.07 61.16 0 0 -149 
obj 2069 -2430.81 -300.15 61.24 0 0 0 
obj 11665 -2411.2 -290.9 61.96 0 0 0 
obj 3094 -2405.53 -290.45 61.26 0 0 120 
obj 338 -2406.28 -289.89 62.31 0 91 -47 
obj 338 -2406.12 -286 61.26 0 0 0 
obj 338 -2405.99 -286.36 61.26 0 25 105 
obj 1731 -2412.02 -282.81 62.4 0 0 149 
obj 2208 -2420.6 -289.06 61.22 0 0 33 
obj 2465 -2418.87 -288.04 62.32 0 0 25 
obj 2654 -2411.88 -282.81 61.43 0 0 -62 
obj 2480 -2420.18 -288.78 62.62 0 0 18 
obj 19431 -2407.31 -285.19 62.96 0 0 -62 
obj 19431 -2408.62 -286.13 62.96 0 0 -47 
obj 19431 -2409.81 -287.21 62.96 0 0 -47 
obj 19431 -2410.91 -288.24 62.96 0 0 -47 
obj 19431 -2412.22 -288.69 62.96 0 0 84 
obj 19317 -2432.01 -301.3 62.75 0 -10 -149.96 
obj 19318 -2431.27 -300.87 62.67 0 0 207 
obj 19431 -2413.41 -287.96 62.96 0 0 33 
obj 19431 -2414.25 -286.68 62.96 0 0 33 
obj 2375 -2414.57 -286.49 61.15 0 0 -55 
obj 1708 -2412.6 -296.26 61.24 0 0 33 
obj 19175 -2414.78 -300.25 63.42 0 0 -145.36 
obj 19173 -2410.12 -287.69 63.24 0 0 40 
obj 19172 -2424.89 -291.46 63.14 0 0 33 
obj 19174 -2422.32 -305.37 59.4 0 0 -145.84 
obj 3071 -2428.58 -304.94 62.18 0 92 34 
obj 3120 -2426.7 -303.4 61.31 0 0 0 
obj 3071 -2429.48 -305.52 62.18 0 92 34 
obj 2804 -2428.58 -291 58.4 0 0 28 
obj 2803 -2427.75 -292.27 58.2 0 0 0 
obj 1481 -2428.59 -290.81 58.23 0 0 -56 
obj 19078 -2415.11 -301.52 60.48 0 -89 -185 
obj 2805 -2428.4 -293.14 58.17 0 25 -55 
obj 2806 -2429.24 -289.77 57.7 0 0 55 
obj 19435 -2421.02 -289.63 59.43 0 0 34 
obj 19435 -2420.15 -290.9 59.43 0 0 34 
obj 19435 -2419.27 -292.24 59.43 0 0 34 
obj 19435 -2419.07 -292.98 59.43 0 0 -56 
obj 1491 -2420.92 -294.31 58.07 0 0 34 
obj 2305 -2418.82 -292.08 57.55 0 0 215 
obj 19435 -2418.63 -292.68 59.43 0 0 -56 
obj 2828 -2418.72 -291.97 58.59 0 0 -40 
obj 2527 -2422.22 -291.43 57.69 0 0 34 
obj 2815 -2419.92 -294.85 57.7 0 0 34 
obj 1734 -2418.63 -294.14 61.02 0 0 0 
obj 1734 -2421.08 -292.12 61.02 0 0 0 
obj 2613 -2418.9 -291.9 57.69 0 0 0 
obj 3120 -2419.19 -292.79 58.02 0 0 0 
obj 2525 -2420.35 -291.65 57.68 0 0 -56 
obj 2739 -2421.39 -292.68 57.66 0 0 125 
obj 2096 -2427.89 -307.69 57.66 0 0 84 
obj 3120 -2427.5 -308.6 57.8 0 0 0 
obj 19439 -2427.92 -296.33 61.07 0 90 32 
obj 19439 -2427 -295.77 61.09 0 90 32 
obj 19435 -2425.13 -298.52 60.22 90 0 -56 
obj 19435 -2425.15 -298.52 59.72 90 0 -56 
