sell 10825 -446.89 843.56 3.84 93 186 -92.82 
changeobj 1506 -455.58 862.48 2.85 0 0 2.58 1502
changeobj 1506 -452.24 842.01 2.85 0 0 92.22 1502
changeobj 1506 -452.39 844.94 2.85 0 0 272.1 1502
changeobj 1506 -466.14 868.07 2.74 0 0 1.68 1502
obj 19378 -457.28 837.03 2.81 0 91 2.16 
obj 19378 -457.64 846.35 2.81 0 91 2.16 
obj 19378 -456.96 828.12 2.81 0 91 1.86 
obj 19378 -457.92 855.13 2.81 0 91 2.16 
obj 19378 -458.46 863.61 2.81 0 91 2.16 
obj 19378 -468.29 854.75 2.81 0 89 2.16 
obj 19378 -468.61 863.15 2.81 0 89 2.16 
obj 19378 -467.95 845.91 2.81 0 89 2.16 
obj 19378 -467.55 836.64 2.81 0 89 2.22 
obj 19378 -466.78 827.63 2.81 0 89 2.1 
obj 14395 -475.83 843.57 0.68 0 0 3.66 
obj 14395 -476.02 846.43 0.68 0 0 2.28 
obj 14395 -475.72 840.68 0.68 0 0 2.64 
obj 14395 -475.59 837.72 0.68 0 0 2.7 
obj 14395 -475.56 835.18 0.68 0 0 1.02 
obj 19378 -477.88 844.92 1.63 0 89 2.04 
obj 19378 -477.51 840.11 1.63 0 89 2.04 
obj 19378 -487.7 839.64 1.63 0 90 3.06 
obj 19378 -487.95 844.59 1.63 0 90 1.74 
obj 19325 -492.19 842.84 4.56 0 0 3.18 
obj 19431 -494.05 845.94 3.3 90 105 -10.5 
obj 19431 -494.05 845.94 4.74 90 105 -10.5 
obj 19431 -494.05 845.94 5.82 90 105 -10.5 
obj 19431 -493.66 839.37 5.82 90 105 -10.5 
obj 19431 -493.66 839.37 4.38 90 105 -10.5 
obj 19431 -493.66 839.37 3.3 90 105 -10.5 
obj 19431 -493.77 841.75 2.42 0 90 2.94 
obj 19431 -493.69 840.25 2.42 0 90 1.86 
obj 19431 -493.86 843.34 2.42 0 90 2.88 
obj 19431 -493.93 844.84 2.42 0 90 2.88 
obj 19431 -493.96 845.31 2.42 0 90 2.88 
obj 19431 -493.68 840.13 2.42 0 90 2.46 
obj 19431 -493.69 840.1 6.6 0 90 4.32 
obj 19431 -493.82 841.62 6.6 0 90 4.32 
obj 19431 -493.91 843.1 6.6 0 90 4.02 
obj 19431 -494.01 844.65 6.6 0 90 4.02 
obj 19431 -494.05 845.21 6.6 0 90 4.5 
obj 19431 -492.89 841.66 0.72 0 0 92.76 
obj 19431 -492.97 844.26 0.72 0 0 92.64 
obj 19431 -492.08 842.41 0.72 0 0 4.86 
obj 19431 -492.16 843.61 0.72 0 0 4.38 
obj 19378 -492.99 842.61 1.41 0 0 3.66 
obj 19378 -492.79 839.46 1.41 0 0 3.66 
obj 19378 -493.14 844.69 1.41 0 0 3.66 
obj 901 -499.85 841.56 4.89 0 0 -117.18 
obj 901 -499.83 842.13 1.61 0 0 -132.18 
obj 901 -499.12 835.12 1.61 0 0 -119.76 
obj 901 -487.44 833.63 -2.21 0 0 189.48 
obj 19325 -492.15 842.83 4.42 0 0 3.36 
obj 19325 -490.21 849.4 3.64 0 0 91.92 
obj 19325 -483.68 849.57 3.64 0 0 91.5 
obj 3498 -487.16 849.52 2.5 0 0 0 
obj 19325 -477.2 849.71 3.64 0 0 91.5 
obj 19325 -476.71 849.74 3.64 0 0 91.5 
obj 3498 -480.28 849.75 2.5 0 0 0 
obj 3498 -473.58 849.89 2.5 0 0 0 
obj 3498 -493.37 849.32 2.5 0 0 0 
obj 19325 -489.27 834.75 3.64 0 0 93.18 
obj 3498 -492.46 834.74 2.5 0 0 0 
obj 3498 -485.91 834.97 2.5 0 0 0 
obj 19325 -482.85 835.12 3.64 0 0 93.42 
obj 3498 -479.69 835.37 2.5 0 0 0 
obj 19325 -476.65 835.42 3.64 0 0 91.08 
obj 3498 -472.95 835.47 2.5 0 0 0 
obj 19325 -476.05 835.44 3.64 0 0 91.02 
obj 3810 -491.9 837.37 5.44 0 0 0 
obj 3810 -492.6 848.03 5.44 0 0 0 
obj 2100 -491.43 847.68 1.69 0 0 61.44 
obj 2104 -488.28 848.73 1.65 0 0 17.46 
obj 2102 -489.25 848.06 1.7 0 0 23.22 
obj 2101 -491.73 843.02 1.67 0 0 92.82 
obj 1808 -491.91 835.09 1.67 0 0 135.9 
obj 630 -491.96 836.41 2.77 0 0 0 
obj 2230 -491.54 839.51 1.75 0 0 111.72 
obj 2230 -491.49 846.78 1.75 0 0 52.38 
obj 2225 -491.94 842.54 1.58 0 0 91.14 
obj 2232 -481.49 839.13 2.27 0 0 -92.94 
obj 2099 -491.84 837.78 1.74 0 0 90.78 
obj 2096 -490 847.81 1.71 0 0 11.82 
obj 2231 -491.34 840.35 1.74 0 0 96.6 
obj 2231 -491.66 845.96 1.74 0 0 91.44 
obj 1958 -488.81 847.71 1.72 0 0 -40.8 
obj 2290 -480.69 842.16 1.68 0 0 -89.16 
obj 2290 -480.76 844.98 1.68 0 0 -89.16 
obj 2293 -480.77 845.99 1.65 0 0 1.2 
obj 2293 -480.63 839.26 1.65 0 0 1.2 
obj 2290 -484.1 845.01 1.68 0 0 0.24 
obj 2290 -482.02 839.93 1.62 0 0 180.24 
obj 2232 -481.69 846.01 2.27 0 0 -88.92 
obj 1817 -482.05 841.98 1.68 0 0 89.7 
obj 1817 -482.86 841.99 1.68 0 0 89.7 
obj 1817 -482.5 844.24 1.68 0 0 180.72 
obj 1817 -482.51 841.76 1.68 0 0 179.94 
obj 2293 -490 838.04 1.71 0 0 4.02 
obj 901 -481.5 852.6 -2.21 0 0 144.78 
obj 901 -490.01 852.38 -2.21 0 0 148.44 
obj 19454 -472.49 830.46 4.5 0 0 2.4 
obj 19454 -472.36 827.2 4.5 0 0 2.22 
obj 14395 -468.97 825.62 4.85 0 0 -266.34 
obj 19454 -467.4 822.74 4.5 0 0 92.76 
obj 19435 -468.52 825.81 4.62 0 0 94.08 
obj 19435 -467.08 825.94 4.62 0 0 96.3 
obj 19435 -466.39 826 4.62 0 0 95.34 
obj 19435 -469.28 826.48 4.62 0 0 183.54 
obj 19435 -469.37 827.95 4.62 0 0 183.54 
obj 19435 -469.37 827.95 7.98 0 0 183.54 
obj 19435 -469.29 826.61 7.98 0 0 183.54 
obj 19375 -467.37 833.37 6.96 0 90 2.4 
obj 19375 -460.92 827.83 6.96 0 90 2.22 
obj 19375 -457 828.01 6.96 0 90 2.52 
obj 19375 -457.26 836.87 6.96 0 90 1.98 
obj 19454 -457.95 823.18 4.5 0 0 92.76 
obj 19454 -456.22 823.27 4.5 0 0 92.76 
obj 19454 -451.75 828.27 4.5 0 0 182.22 
obj 19454 -452.1 837.22 4.5 0 0 182.34 
obj 19454 -451.73 828.15 7.94 0 0 182.16 
obj 19454 -451.73 828.15 11.12 0 0 182.4 
obj 19375 -457.39 830.8 6.96 0 90 1.56 
obj 19454 -456.27 823.26 7.92 0 0 92.7 
obj 19375 -467.46 836.57 6.96 0 90 3.06 
obj 19454 -472.49 830.46 7.86 0 0 2.4 
obj 19454 -472.36 827.28 7.86 0 0 2.4 
obj 19454 -452.08 837.21 7.94 0 0 182.04 
obj 19454 -457.17 841.69 7.94 0 0 272.58 
obj 19454 -457.2 841.69 4.57 0 0 272.58 
obj 19454 -457.17 841.69 11.11 0 0 272.58 
obj 19454 -452.11 837.26 11.12 0 0 182.46 
obj 19454 -456.26 823.26 11.13 0 0 93.06 
obj 19454 -465.65 822.78 7.82 0 0 92.76 
obj 19454 -465.65 822.78 11.14 0 0 92.76 
obj 19454 -467.44 822.71 7.89 0 0 92.76 
obj 19454 -467.37 822.69 11.14 0 0 92.76 
obj 19454 -472.36 827.28 11.15 0 0 2.4 
obj 19454 -472.49 830.46 11.14 0 0 2.4 
obj 19375 -464.21 830.89 6.96 0 90 2.64 
obj 19435 -468.52 825.81 7.97 0 0 94.08 
obj 19435 -466.39 826 7.94 0 0 95.34 
obj 19435 -467.08 825.95 7.95 0 0 96.3 
obj 19325 -464.76 841.41 8.95 0 0 92.04 
obj 19325 -469.65 841.17 8.95 0 0 92.04 
obj 19325 -472.78 837.76 8.95 0 0 181.74 
obj 3498 -472.74 840.9 6.71 0 0 0.06 
obj 3498 -466.59 841.34 6.71 0 0 0.06 
obj 3498 -466.97 841.34 6.71 0 0 0.06 
obj 3498 -467.43 841.26 6.71 0 0 0.06 
obj 3498 -467.89 841.27 6.71 0 0 0.36 
obj 19435 -465.96 823.58 8.7 0 0 2.04 
obj 19435 -466.01 825.07 8.7 0 0 2.04 
obj 19435 -466.01 825.26 8.7 0 0 2.04 
obj 19435 -470.13 828.69 4.62 0 0 272.4 
obj 19435 -471.51 828.63 4.62 0 0 272.4 
obj 19435 -471.51 828.63 5.13 0 0 272.4 
obj 19435 -470.13 828.69 5.15 0 0 272.4 
obj 19325 -472.83 837.42 4.82 0 0 181.8 
obj 901 -476.73 833.43 -1.84 0 0 77.76 
obj 19325 -469.7 841.27 4.86 0 0 94.14 
obj 14395 -474.41 870.83 0.67 0 0 -88.62 
obj 14395 -472.23 870.9 0.67 0 0 -88.62 
obj 14395 -469.6 870.97 0.67 0 0 -88.62 
obj 14395 -466.67 871.04 0.67 0 0 -88.62 
obj 14395 -463.84 871.1 0.67 0 0 -88.62 
obj 14395 -461.05 871.16 0.67 0 0 -88.62 
obj 14395 -458.26 871.22 0.67 0 0 -87.6 
obj 14395 -456.58 871.3 0.67 0 0 -88.2 
obj 19378 -458.62 874.48 0.95 0 91 0.78 
obj 19378 -469.06 874.35 0.95 0 89 0.66 
obj 19458 -455.22 884.08 0.92 0 90 0.54 
obj 19458 -458.62 884.06 0.92 0 90 0.54 
obj 19458 -470.05 883.83 0.92 0 90 0.54 
obj 19458 -472.72 883.79 0.92 0 90 0.66 
obj 19458 -458.35 890.26 0.92 0 91 91.32 
obj 19458 -467.72 890.08 0.92 0 91 91.32 
obj 19458 -469.75 890.09 0.92 0 91 91.32 
obj 19381 -479.51 875.2 0.91 0 -90 0.48 
obj 19381 -479.56 883.63 0.91 0 -90 0 
obj 19381 -479.67 886.96 0.91 0 -90 0.18 
obj 19454 -452.47 846.7 11.1 0 0 182.34 
obj 19454 -452.87 856.1 4.5 0 0 182.34 
obj 19454 -452.87 856.1 7.81 0 0 182.34 
obj 19454 -452.87 856.1 11.09 0 0 182.34 
obj 19454 -453.21 863.87 4.5 0 0 182.34 
obj 19454 -453.21 863.87 7.85 0 0 182.34 
obj 19454 -453.19 863.88 11.1 0 0 182.34 
obj 19454 -473.74 863.09 4.5 0 0 182.1 
obj 19454 -473.43 854.58 4.5 0 0 181.98 
obj 19454 -473.74 863.09 7.78 0 0 182.1 
obj 19454 -473.71 862.87 11.05 0 0 182.1 
obj 19454 -473.35 854.59 7.83 0 0 181.98 
obj 19454 -473.43 854.58 11.05 0 0 181.98 
obj 19454 -478.06 849.74 7.4 0 0 271.26 
obj 901 -498.89 844.21 4.89 0 0 78.42 
obj 901 -495.13 851.63 -2.21 0 0 181.62 
obj 901 -474.26 861.36 -2.21 0 0 96.18 
obj 901 -479.25 865.6 -2.21 0 0 175.08 
obj 19454 -487.44 849.53 7.4 0 0 271.26 
obj 19454 -488.34 849.53 7.4 0 0 271.44 
obj 19454 -487.75 834.81 7.4 0 0 273 
obj 19454 -478.37 835.31 7.4 0 0 273 
obj 19454 -477.61 835.33 7.4 0 0 273 
obj 19454 -477.33 835.33 10.74 0 0 273 
obj 3498 -472.95 835.51 7.97 0 0 0 
obj 19454 -478.37 835.31 10.75 0 0 273 
obj 19454 -487.75 834.81 10.74 0 0 273 
obj 19454 -478.06 849.74 10.88 0 0 271.26 
obj 19454 -487.44 849.56 10.9 0 0 271.26 
obj 19454 -488.34 849.53 10.9 0 0 271.44 
obj 19378 -492.79 839.46 7.37 0 0 3.66 
obj 19378 -492.99 842.61 7.35 0 0 3.66 
obj 19378 -493.13 844.66 7.33 0 0 3.66 
obj 1719 -491.46 844.34 1.75 0 0 78.96 
obj 1718 -491.48 843.62 1.79 0 0 94.62 
obj 2417 -471.97 829.14 2.82 0 0 92.64 
obj 2130 -471.86 830.04 2.81 0 0 92.52 
obj 2718 -472.21 830.11 5.14 0 0 93.72 
obj 2755 -473.26 848.4 4.57 0 0 92.4 
obj 2755 -472.81 842.67 4.57 0 0 92.4 
obj 2424 -472.16 832.08 2.78 0 0 91.86 
obj 2212 -472.12 832.31 3.88 -26 23 164.76 
obj 936 -472.06 833.44 3.28 0 0 91.2 
obj 2425 -472.29 834.14 3.77 0 0 90.84 
obj 2127 -468.82 826.86 2.85 0 0 91.74 
obj 2129 -469.87 829.28 2.86 0 0 182.58 
obj 2128 -470.87 829.23 2.86 0 0 183.06 
obj 2135 -467.87 826.5 2.89 0 0 183.96 
obj 2149 -471.98 832.92 3.9 0 0 92.34 
obj 2143 -466.29 826.36 2.91 0 0 182.22 
obj 2117 -467.14 831.81 2.87 0 0 91.8 
obj 2117 -468.09 831.78 2.87 0 0 91.8 
obj 2079 -466.25 831.97 3.5 0 0 362.76 
obj 2079 -467.19 833.52 3.5 0 0 452.1 
obj 2079 -466.29 832.69 3.5 0 0 362.76 
obj 2079 -468.21 833.46 3.5 0 0 452.1 
obj 2079 -468.96 832.7 3.5 0 0 542.16 
obj 2079 -468.88 831.87 3.5 0 0 542.16 
obj 2079 -468.09 831.04 3.5 0 0 633.06 
obj 2079 -467.15 831.07 3.5 0 0 633.06 
obj 1808 -472.4 834.68 2.82 0 0 91.08 
obj 16151 -456.33 840.49 3.27 0 0 90.84 
obj 1828 -477.55 843.2 1.72 0 0 -89.76 
obj 1726 -467.37 836.75 2.79 0 0 181.74 
obj 1726 -466.68 839.9 2.79 0 0 270.24 
obj 1726 -470.96 837.93 2.79 0 0 451.14 
obj 1717 -469.4 839.99 2.85 0 0 -45.66 
obj 630 -454.02 838.12 3.84 0 0 0 
obj 630 -455 838.06 3.88 0 0 0 
obj 2133 -452.67 835.9 2.86 0 0 -88.86 
obj 2131 -452.59 834.92 2.73 0 0 -85.38 
obj 2134 -452.47 832.96 2.76 0 0 -87.84 
obj 2142 -452.26 831.97 2.79 0 0 -88.68 
obj 2226 -452.35 831.78 3.81 0 0 -90.9 
obj 1711 -455.9 833.27 2.85 0 0 72.84 
obj 2126 -454.6 831.71 2.82 0 0 45.24 
obj 2105 -455.05 831.9 3.76 0 0 0 
obj 1667 -455.2 832.28 3.42 0 0 -28.02 
obj 1669 -455.16 832.48 3.49 0 0 -30.3 
obj 2227 -454.69 834.28 2.9 0 0 -49.92 
obj 19454 -461.86 836.74 4.5 0 0 180.96 
obj 11665 -460.12 834.04 3.58 0 0 181.02 
obj 19454 -461.85 836.68 5.2 0 0 180.96 
obj 19454 -461.81 833.1 4.5 0 0 180.96 
obj 19454 -461.81 833.1 5.22 0 0 180.96 
obj 19391 -461.7 824.63 4.57 0 0 0 
obj 19454 -461.78 830.85 4.5 0 0 180.96 
obj 19454 -461.78 830.85 5.22 0 0 180.96 
obj 19435 -461.68 824.72 6.17 91 62 118.38 
obj 1776 -453.93 823.83 3.92 0 0 180.84 
obj 1209 -456 823.65 2.84 0 0 181.62 
obj 18885 -458.05 823.61 3.93 0 0 181.74 
obj 1775 -460.16 823.68 3.98 0 0 182.64 
obj 2195 -452.66 824.32 3.43 0 0 0 
obj 2290 -453.62 829.1 2.85 0 0 -86.4 
obj 2290 -455.51 826.29 2.89 0 0 182.7 
obj 2290 -457.72 829.7 2.89 0 0 362.04 
obj 2257 -451.82 827.37 5.29 0 0 -88.2 
obj 2293 -456.25 828.15 2.89 0 0 2.58 
obj 2293 -456.25 828.15 2.89 0 0 2.58 
obj 2260 -462.42 835.57 5.09 0 0 -88.68 
obj 2267 -462 838.74 5.38 0 0 -89.1 
obj 19173 -461.93 832.7 5.18 0 0 -89.16 
obj 2256 -461.88 829.82 5.47 0 0 -88.98 
obj 2284 -461.15 829.08 4.92 0 0 90.66 
obj 2273 -461.19 830.82 5.66 0 0 91.2 
obj 2277 -461.13 827.01 4.88 0 0 92.52 
obj 901 -472.81 828.58 -1.38 0 0 109.92 
obj 901 -467.08 824.54 -1.86 0 0 191.94 
obj 901 -453.32 827.52 -1.84 0 0 259.62 
obj 901 -474.24 854.42 -1.4 0 0 109.56 
obj 19454 -461.99 841.48 11.11 0 0 272.1 
obj 19454 -468.07 841.21 11.11 0 0 272.1 
obj 19454 -472.74 836.34 11.14 0 0 2.4 
obj 3498 -472.9 841 6.71 0 0 0.06 
obj 2262 -471.64 823.73 7.81 0 0 93.12 
obj 2261 -470.54 823.14 7.59 0 0 183 
obj 2254 -472.22 826.38 9.04 0 0 92.4 
obj 2258 -463.61 823.02 5.25 0 0 182.94 
obj 2259 -471.99 831.83 10.37 0 0 92.16 
obj 1491 -461.77 823.92 2.91 0 0 87.84 
obj 19391 -470.78 828.63 8.69 0 0 -87.36 
obj 19435 -470.73 828.61 11.21 91 62 211.56 
obj 19435 -469.37 827.95 11.15 0 0 183.54 
obj 19435 -469.28 826.59 11.16 0 0 183.54 
obj 19435 -468.52 825.81 11.17 0 0 94.08 
obj 19435 -467.08 825.95 11.19 0 0 96.3 
obj 19435 -466.39 826.02 11.19 0 0 95.34 
obj 19435 -466.01 825.26 11.14 0 0 2.04 
obj 19435 -465.96 823.67 11.15 0 0 1.92 
obj 19435 -470.73 828.61 12.11 91 62 211.56 
obj 1491 -471.53 828.58 6.96 0 0 2.76 
obj 2429 -472.76 833.5 4.01 0 0 92.16 
obj 19435 -465.66 826.91 8.63 0 0 362.16 
obj 19435 -469.21 828.68 8.63 0 0 453 
obj 19435 -465.7 828.03 8.63 0 0 362.16 
obj 19435 -466.32 828.75 8.64 0 0 451.38 
obj 19435 -466.32 828.75 11.2 0 0 451.38 
obj 19435 -465.7 828.03 11.25 0 0 362.16 
obj 19435 -465.66 826.91 11.25 0 0 362.16 
obj 19435 -469.2 828.7 11.19 0 0 452.16 
obj 19435 -467.8 828.73 11.2 0 0 450.6 
obj 19466 -467.85 828.78 8.82 0 0 91.92 
obj 19466 -467.85 828.78 7.9 0 0 91.92 
obj 3525 -468.22 828.23 7.7 0 0 98.16 
obj 2424 -467.61 828.4 7.02 0 0 180.6 
obj 2424 -467.97 828.41 7.02 0 0 180.48 
obj 3525 -467.97 828.29 7.7 0 0 98.16 
obj 3525 -467.71 828.23 7.7 0 0 97.98 
obj 3525 -467.4 828.28 7.7 0 0 97.98 
obj 14455 -465.58 827.91 8.68 0 0 -88.62 
obj 2164 -461.71 823.12 7.04 0 0 180.96 
obj 2161 -461.7 823.07 8.85 0 0 181.14 
obj 2163 -463.46 823.06 7.05 0 0 180.72 
obj 2200 -459.5 823.29 7.04 0 0 181.8 
obj 2162 -459.86 823.22 8.92 0 0 182.04 
obj 2199 -458.08 823.34 7.06 0 0 182.52 
obj 2167 -463.49 822.99 7.95 0 0 179.88 
obj 2191 -456.67 823.81 7.05 0 0 179.64 
obj 1742 -455.29 823.42 7.04 0 0 180.48 
obj 2608 -458.29 823.44 10.51 0 0 181.74 
obj 2093 -453.53 824.2 6.97 0 0 136.26 
obj 2566 -456.39 839.14 7.47 0 0 2.64 
obj 2375 -461.34 841.52 7.04 0 0 2.76 
obj 2573 -452.82 841.64 7.06 0 0 -87.12 
obj 2186 -461.73 824.88 7.07 0 0 180.48 
obj 2166 -462.92 827.32 7.06 0 0 -88.62 
obj 2576 -452.7 838.67 6.99 0 0 -87.84 
obj 2025 -458.22 841.17 7.05 0 0 0.78 
obj 1823 -457.49 838.88 6.99 0 0 6.42 
obj 2293 -455.25 838.84 6.92 0 0 1.2 
obj 2293 -454.33 838.86 6.92 0 0 1.2 
obj 2103 -457.1 839.5 7.43 0 0 47.76 
obj 1736 -467.66 829.12 10.3 0 0 178.68 
obj 1711 -463.14 826.06 7.01 0 0 94.38 
obj 19454 -460.91 828.9 8.7 0 0 91.74 
obj 19454 -460.91 828.9 11.21 0 0 91.74 
obj 19391 -453.51 829.17 8.69 0 0 -87.66 
obj 19454 -459.56 828.96 8.64 0 0 92.34 
obj 19454 -456.6 829.07 11.23 0 0 91.92 
obj 1491 -454.29 829.12 6.96 0 0 2.34 
obj 14455 -459.91 828.73 8.68 0 0 -177.42 
obj 19454 -461.85 836.76 7.89 0 0 181.02 
obj 19454 -461.73 836.71 11.06 0 0 181.5 
obj 19391 -461.74 830.39 8.69 0 0 0.54 
obj 19454 -461.66 833.71 11.21 0 0 181.56 
obj 1491 -461.73 829.65 6.96 0 0 90.9 
obj 2296 -456.95 829.37 7.06 0 0 182.1 
obj 2387 -460.8 838.47 7.07 0 0 2.46 
obj 2387 -460.57 835.91 7.07 0 0 2.22 
obj 2387 -460.5 833.51 7.07 0 0 2.22 
obj 2142 -452.36 835.12 7.05 0 0 -88.74 
obj 2134 -452.64 836.35 8.12 0 0 -87.3 
obj 2105 -456.44 841.3 7.95 0 0 0 
obj 2070 -453.5 841.42 7.83 0 0 0 
obj 2628 -470.5 838.87 7.03 0 0 2.16 
obj 2627 -465.06 839.68 7.03 0 0 2.76 
obj 2629 -467.61 839.19 7.02 0 0 1.86 
obj 2913 -468.06 839.73 7.96 2 88 1.02 
obj 2630 -471.66 837.21 7.01 0 0 -87.06 
obj 2632 -470.51 835.19 7.06 0 0 3.24 
obj 2631 -470.36 832.11 7.03 0 0 3.48 
obj 2100 -462.48 834.71 7.06 0 0 -84.54 
obj 1711 -464.57 834.08 7.01 0 0 107.7 
obj 2290 -463.74 829.4 7.01 0 0 183 
obj 901 -474.1 831.4 -1.05 0 0 90.42 
obj 901 -454.91 820.26 -0.85 0 0 329.34 
obj 901 -454.49 836.01 -1.82 0 0 447.12 
obj 901 -499.83 842.13 1.61 0 0 -132.18 
obj 901 -499.71 850.96 1.61 0 0 -163.44 
obj 901 -475.32 861.09 -0.9 0 0 96.18 
obj 901 -476.36 863.87 -0.9 0 0 79.98 
obj 901 -453.82 842.52 -1.82 0 0 447.12 
obj 901 -455.14 845.93 -1.84 0 0 447.12 
obj 901 -455.67 848.54 -1.84 0 0 475.26 
obj 901 -457.91 851.66 -1.84 0 0 500.7 
obj 901 -458.2 857.18 -1.84 0 0 456.24 
obj 901 -459.48 864.23 -1.84 0 0 463.68 
obj 901 -456.2 867.26 -1.82 0 0 443.22 
obj 901 -450.28 877.48 -2.94 0 0 413.16 
obj 901 -450.53 883.85 -2.94 0 0 413.22 
obj 901 -450.65 890.49 -2.94 0 0 413.22 
obj 901 -475.88 864.89 -0.9 0 0 76.98 
obj 901 -486.61 874.86 -2.21 0 0 96.18 
obj 901 -486.66 882.52 -2.21 0 0 96.48 
obj 901 -486.88 888.12 -2.21 0 0 97.86 
obj 901 -491.33 832.98 -2.21 0 0 189.48 
obj 901 -482.51 831.75 -2.21 0 0 163.98 
obj 901 -478.68 895.58 -2.21 0 0 11.64 
obj 901 -468.84 895.71 -2.21 0 0 9.36 
obj 901 -459.05 895.23 -2.21 0 0 4.62 
obj 19458 -460.27 884.09 -0.77 0 0 0.54 
obj 19458 -465.05 879.21 -0.78 0 0 90.24 
obj 19458 -465.09 888.46 -0.76 0 0 91.38 
obj 19458 -468.38 883.91 -0.78 0 0 0.36 
obj 19378 -464.48 883.79 -2.45 0 89 -0.12 
obj 3498 -467.14 867.85 6.71 0 0 0.36 
obj 19325 -470.56 867.98 4.79 0 0 91.5 
obj 19325 -470.56 867.98 8.87 0 0 91.5 
obj 19325 -467.07 864.44 4.76 0 0 179.94 
obj 19325 -467.07 864.44 8.78 0 0 179.94 
obj 3498 -467.18 861.13 6.71 0 0 0.36 
obj 19325 -467.11 857.83 4.79 0 0 179.94 
obj 19325 -467.11 857.83 8.86 0 0 179.94 
obj 3498 -467.22 854.44 6.71 0 0 0.36 
obj 19325 -467.18 852.9 4.79 0 0 179.94 
obj 19325 -467.18 852.9 8.81 0 0 179.94 
obj 3498 -467.27 849.66 6.71 0 0 0.36 
obj 19325 -470.25 849.68 4.79 0 0 269.88 
obj 19325 -470.25 849.68 8.85 0 0 269.88 
obj 1607 -469.92 862.81 8.85 0 0 0 
obj 1608 -471.39 857.71 4.96 0 0 189.06 
obj 1609 -469.17 865.47 3.42 0 0 314.88 
obj 902 -469.24 860.71 2.84 0 0 0 
obj 953 -469.38 851.09 3.1 0 0 59.88 
obj 19454 -458.2 868.42 4.5 0 0 92.34 
obj 19454 -458.12 868.42 7.95 0 0 92.28 
obj 19454 -458.12 868.42 11.09 0 0 92.28 
obj 19454 -462.4 868.21 9.46 0 0 92.28 
obj 19454 -462.36 868.21 11.1 0 0 92.7 
obj 19454 -469.17 867.85 11.1 0 0 92.16 
obj 19454 -467.07 863.2 11.1 0 0 179.82 
obj 19454 -467.12 854.59 11.1 0 0 179.82 
obj 19454 -471.76 849.71 11.08 0 0 270.36 
obj 2600 -455.23 875.74 1.71 0 0 172.86 
obj 19454 -453.41 876.04 2.6 0 0 180.78 
obj 19454 -453.41 876.04 5.94 0 0 180.78 
obj 19454 -453.38 873.5 2.6 0 0 180.78 
obj 19454 -453.38 873.5 5.91 0 0 180.78 
obj 19454 -453.38 873.5 9.28 0 0 180.78 
obj 19454 -453.41 876.06 9.28 0 0 180.78 
obj 19454 -453.48 884.67 2.6 0 0 180.78 
obj 19454 -453.48 884.67 5.96 0 0 180.78 
obj 19454 -453.48 884.67 9.31 0 0 180.78 
obj 19454 -453.53 887.5 2.6 0 0 180.78 
obj 19454 -453.53 887.5 5.97 0 0 180.78 
obj 19454 -453.53 887.5 9.3 0 0 180.78 
obj 19454 -458.39 891.86 2.6 0 0 270.24 
obj 19454 -458.39 891.86 5.93 0 0 270.24 
obj 19454 -458.39 891.86 9.34 0 0 270.24 
obj 19454 -467.87 891.87 2.6 0 0 270.24 
obj 19454 -467.87 891.87 6.02 0 0 270.24 
obj 19454 -467.87 891.87 9.33 0 0 270.24 
obj 19454 -477.09 891.87 2.6 0 0 270.24 
obj 19454 -477.09 891.87 5.98 0 0 270.24 
obj 19454 -477.09 891.87 9.33 0 0 270.24 
obj 19454 -479.12 891.84 2.6 0 0 270.24 
obj 19454 -479.12 891.84 5.91 0 0 270.24 
obj 19454 -479.12 891.84 9.34 0 0 270.24 
obj 19454 -483.4 887.02 2.6 0 0 360.36 
obj 19454 -483.4 887.02 5.99 0 0 360.36 
obj 19454 -483.4 887.02 9.36 0 0 360.36 
obj 19454 -483.35 877.98 2.6 0 0 360.36 
obj 19454 -483.35 877.98 9.35 0 0 360.36 
obj 19454 -483.35 877.98 6 0 0 360.36 
obj 19454 -483.33 874.12 2.6 0 0 360.36 
obj 19454 -483.33 874.12 5.83 0 0 360.36 
obj 19454 -483.33 874.12 9.34 0 0 360.36 
obj 19454 -478.57 870.46 2.6 0 0 450.12 
obj 19454 -478.57 870.46 6.01 0 0 450.12 
obj 19454 -478.57 870.46 9.36 0 0 450.12 
obj 19454 -473.86 865.69 1.66 0 0 181.44 
obj 19454 -473.86 865.69 5.02 0 0 181.38 
obj 19454 -473.86 865.69 8.43 0 0 181.38 
obj 19454 -473.86 865.69 9.32 0 0 181.38 
obj 869 -476.96 878.31 1.41 0 0 0 
obj 869 -477.03 875.45 1.41 0 0 0 
obj 869 -476.95 872.64 1.41 0 0 0 
obj 869 -477.09 881.22 1.41 0 0 0 
obj 869 -477.07 884.13 1.41 0 0 0 
obj 869 -477.11 887.32 1.41 0 0 0 
obj 869 -477.02 889.87 1.41 0 0 0 
obj 673 -479.44 875.23 0.24 0 0 0 
obj 673 -479.51 881.02 0.24 0 0 0 
obj 673 -479.68 886.94 0.24 0 0 0 
obj 638 -474.99 876.72 1.61 0 0 -1.08 
obj 638 -474.97 872.61 1.61 0 0 0 
obj 638 -475.01 880.63 1.61 0 0 -0.36 
obj 638 -475.14 884.77 1.61 0 0 -1.08 
obj 638 -475.04 889.44 1.61 0 0 -1.08 
obj 19304 -474.23 872.29 1.61 0 0 90.3 
obj 19304 -474.24 875.77 1.61 0 0 90.3 
obj 19304 -474.23 879.21 1.61 0 0 89.82 
obj 19304 -474.25 882.66 1.61 0 0 89.82 
obj 19304 -474.25 886.1 1.61 0 0 89.82 
obj 19304 -474.25 889.58 1.61 0 0 89.82 
obj 19304 -474.3 890.07 1.61 0 0 89.82 
obj 630 -479.74 878.13 1.96 0 0 0 
obj 630 -480.13 873.01 1.96 0 0 0 
obj 630 -479.68 884.05 1.96 0 0 0 
obj 630 -479.85 889.2 1.96 0 0 0 
obj 3462 -463.96 889.14 2.5 0 0 87.48 
obj 3437 -471.54 888.78 -2.6 0 0 31.38 
obj 3437 -468.87 889.8 1.15 0 0 13.26 
obj 3437 -466 890.13 4.34 0 0 5.82 
obj 3437 -461.54 890.44 4.34 0 0 -7.38 
obj 3437 -458.29 890.16 0.94 0 0 -17.58 
obj 3437 -455.29 889.05 -2.77 0 0 -22.86 
obj 1419 -474.22 872.67 2.71 0 0 -89.7 
obj 1419 -474.25 876.69 2.71 0 0 -89.7 
obj 1419 -474.24 880.79 2.71 0 0 -89.7 
obj 1419 -474.26 884.76 2.71 0 0 -89.64 
obj 1419 -474.27 888.78 2.71 0 0 -89.16 
obj 3461 -459.95 875.5 0.24 0 0 0 
obj 1481 -459.93 875.55 1.72 0 0 0 
obj 2804 -459.99 875.42 1.88 0 0 -69.54 
obj 1481 -458.4 875.83 1.77 0 0 -4.32 
obj 2806 -458.39 875.79 2.01 0 0 97.56 
obj 3461 -458.63 875.88 0.24 0 0 0 
obj 3461 -458.21 875.84 0.24 0 0 0 
obj 2803 -457.4 875.38 1.5 0 0 0 
obj 2805 -456.77 874.92 1.48 0 0 0 
obj 1281 -462.28 873.61 1.84 0 0 3.9 
obj 1281 -468.1 873.43 1.84 0 0 3.9 
obj 1570 -456.61 883.41 2.24 0 0 -90.06 
obj 1570 -456.54 878.49 2.24 0 0 -90.06 
obj 1341 -471.51 877 1.85 0 0 0.84 
obj 2103 -468.89 878.27 1 0 0 121.5 
obj 1255 -470.42 882.13 1.54 0 0 0 
obj 1255 -470.43 884.68 1.54 0 0 0 
obj 1255 -470.42 887.36 1.54 0 0 0.78 
obj 1255 -470.29 879.69 1.54 0 0 0 
obj 19454 -452.64 851.08 4.5 0 0 182.34 
obj 19454 -452.64 851.08 7.79 0 0 182.34 
obj 19435 -462.82 867.51 4.62 0 0 183.48 
obj 19435 -462.82 867.51 7.98 0 0 183.48 
obj 19435 -462.82 867.51 11.1 0 0 183.48 
obj 19435 -462.72 866.06 4.62 0 0 183.48 
obj 19435 -462.72 866.06 8.05 0 0 183.48 
obj 19435 -462.72 866.06 11.1 0 0 183.48 
obj 19435 -462.61 864.49 4.62 0 0 183.48 
obj 19435 -462.61 864.48 8.03 0 0 183.48 
obj 19435 -462.62 864.47 11.1 0 0 183.48 
obj 19435 -462.54 862.99 4.62 0 0 183.48 
obj 19435 -462.54 862.99 7.94 0 0 183.48 
obj 19435 -462.54 862.99 11.12 0 0 183.48 
obj 19435 -461.72 862.3 4.62 0 0 271.92 
obj 19435 -461.73 862.3 8.03 0 0 271.92 
obj 19435 -461.73 862.3 11.12 0 0 271.92 
obj 19435 -460.3 862.33 4.62 0 0 271.92 
obj 19435 -460.28 862.32 8.05 0 0 271.92 
obj 19435 -460.28 862.32 11.11 0 0 271.92 
obj 19435 -458.73 862.37 4.62 0 0 271.92 
obj 19435 -458.73 862.36 8.02 0 0 271.92 
obj 19435 -458.73 862.36 11.12 0 0 271.92 
obj 19435 -457.2 862.43 4.62 0 0 271.92 
obj 19435 -457.2 862.43 7.96 0 0 271.92 
obj 19435 -457.2 862.43 11.12 0 0 271.92 
obj 19391 -454.84 862.54 4.52 0 0 -87.36 
obj 19435 -455.74 862.5 7.96 0 0 272.64 
obj 19435 -455.74 862.5 11.13 0 0 272.64 
obj 19435 -454.22 862.59 7.96 0 0 272.64 
obj 19435 -454.22 862.59 11.13 0 0 272.64 
obj 2097 -455.1 866.38 3.21 0 0 92.28 
obj 2514 -461.76 864.57 2.91 0 0 90.3 
obj 2739 -459.5 862.92 2.88 0 0 181.74 
obj 2613 -461.17 866.54 2.88 0 0 0 
obj 3515 -464.44 883.61 -3.3 0 0 0 
obj 19128 -459.76 833.83 2.91 0 0 1.68 
obj 2130 -459.1 867.72 2.75 0 0 3.18 
obj 1649 -455.52 865.48 4.52 0 0 2.52 
obj 901 -450.39 868.04 -1.1 0 0 420.72 
obj 2131 -462.15 866.62 2.73 0 0 93.36 
obj 2133 -461.13 862.89 2.86 0 0 -178.5 
obj 2134 -458.98 862.89 2.76 0 0 -177.9 
obj 2142 -453.52 865.11 2.79 0 0 -87.66 
obj 2606 -453.69 875 5.02 0 0 -90.9 
obj 19454 -452.47 846.7 6.97 0 0 182.34 
obj 19454 -452.57 849.64 4.5 0 0 182.34 
obj 19454 -452.52 849.66 5.49 0 0 182.34 
obj 19454 -452.47 846.7 8.9 0 0 182.34 
obj 19378 -447.09 843.72 2.81 0 91 2.16 
obj 19378 -437.37 844.18 2.81 0 89 2.16 
obj 19378 -427.33 844.53 2.81 0 91 2.16 
obj 901 -442.4 843.95 -1.82 0 0 348.6 
obj 901 -442.5 834.33 0.43 0 0 320.04 
obj 901 -447.93 852.81 0.43 0 0 143.7 
obj 3850 -437.06 839.81 3.4 0 0 -86.1 
obj 3850 -432.28 839.99 3.4 0 0 -88.68 
obj 3850 -427.6 840.14 3.4 0 0 -88.68 
obj 3850 -428.35 849.1 3.4 0 0 -88.68 
obj 3850 -432.5 848.94 3.4 0 0 -88.68 
obj 3850 -436.59 848.83 3.4 0 0 -88.68 
obj 3850 -441.38 839.56 3.4 0 0 -88.62 
obj 1188 -452.89 849.25 5.96 0 0 92.28 
obj 1010 -452.56 847.34 4.07 3 87 180.36 
obj 3471 -449.23 840.69 4.08 0 0 -2.22 
obj 3471 -449.03 845.77 4.08 0 0 -1.32 
obj 8131 -417.87 845.45 13.84 0 0 97.26 
obj 1568 -466.91 871.44 0.98 0 0 0 
obj 1568 -463.04 871.29 0.98 0 0 0 
obj 19425 -452.83 847.8 2.83 0 0 92.28 
obj 19425 -456.81 847.77 2.83 0 0 90.72 
obj 19425 -456.75 852.02 2.83 0 0 90.72 
obj 19425 -452.96 852.31 2.83 0 0 90.72 
obj 19425 -456.71 856.65 2.83 0 0 90.72 
obj 19425 -453.18 856.64 2.83 0 0 90.72 
obj 1128 -452.48 851.57 7.11 88 -3 276.12 
obj 1060 -453.07 853.94 5.82 0 0 92.04 
obj 1080 -452.98 855.48 6.9 0 0 2.7 
obj 1098 -453.06 856.26 5.84 0 0 1.56 
obj 1083 -453.08 857.72 6.89 0 0 1.74 
obj 1097 -453.21 858.43 5.81 0 0 178.68 
obj 1116 -452.86 853.55 6.71 0 0 90.48 
obj 19377 -456.87 827.83 12.91 1 -90 3.04 
obj 19377 -467.2 827.46 12.9 0 -91 2.37 
obj 19377 -467.63 836.51 12.9 0 -91 2.31 
obj 19377 -457.54 836.9 13 0 -90 2.32 
obj 19377 -457.31 836.98 12.93 0 -90 2.32 
obj 19377 -478.17 840.03 12.41 0 -90 2.79 
obj 19377 -487.5 839.55 12.41 0 -90 2.61 
obj 19454 -488.72 849.51 7.4 0 0 271.44 
obj 19454 -488.72 849.51 10.64 0 0 271.44 
obj 19454 -488.72 849.51 10.91 0 0 271.44 
obj 19377 -487.97 844.79 12.41 0 -88 1 
obj 19377 -478.29 844.88 12.41 0 -90 0.52 
obj 19377 -468.3 854.53 12.85 0 -90 1.6 
obj 19377 -468.52 861.84 12.85 0 -90 1.72 
obj 19377 -468.6 863.25 12.85 0 -90 1.72 
obj 19377 -458.36 863.62 12.85 0 -90 2.5 
obj 19377 -457.98 854.63 12.85 0 -90 2.5 
obj 19377 -457.73 846.47 12.85 0 -90 2.5 
obj 19377 -464.93 846.16 12.85 0 -90 2.5 
obj 19377 -472.13 845.12 12.78 0 -90 1.3 
obj 1693 -479.15 843.41 14.05 0 0 -90.12 
obj 1693 -488.51 842.42 14.05 0 0 -90.3 
obj 1693 -471.36 843.37 14.33 0 0 -89.7 
obj 1693 -461.51 844.33 14.4 0 0 -88.86 
obj 1697 -459.68 857.57 14.56 0 0 4.62 
obj 1697 -467.51 857.16 14.56 0 0 4.62 
obj 1697 -459.62 864.48 14.56 0 0 4.5 
obj 1697 -468.29 863.37 14.56 0 0 4.5 
obj 1595 -461.47 828.82 18.31 0 0 -33.54 
obj 1692 -455.16 843.96 14 0 0 -88.62 
obj 1893 -458.22 834.96 12.81 0 0 2.94 
obj 1893 -459.72 827.18 12.81 0 0 -88.56 
obj 1893 -467.55 835.49 12.81 0 0 -0.3 
obj 1893 -468.66 843.45 12.81 0 0 -0.3 
obj 3498 -473.11 845.38 12.52 29 90 -91.32 
obj 19391 -465.41 868.1 4.5 0 0 -88.02 
obj 19454 -459.05 868.38 4.5 0 0 92.16 
obj 3498 -467.12 867.92 6.71 0 0 0.36 
obj 19454 -462.4 868.21 7.91 0 0 92.28 
