sell 10825 -1728.15 1255.58 17.83 85 -4 51.06 
obj 19450 -1725.25 1274.84 18.68 0 0 -44.94 
obj 19450 -1732.04 1268.04 18.68 0 0 -44.94 
obj 19450 -1734.18 1259.16 18.68 0 0 -132.84 
obj 19404 -1736.57 1263.47 18.68 0 0 -44.52 
obj 19388 -1716.25 1264.03 22.1 0 0 -135.66 
obj 19404 -1720.76 1277.11 18.68 0 0 -133.5 
obj 19404 -1718.46 1274.98 18.68 0 0 -133.5 
obj 19404 -1716.33 1272.94 18.68 0 0 -133.5 
obj 19404 -1714.03 1270.71 18.68 0 0 -134.88 
obj 19431 -1712.33 1269.03 18.67 0 0 -134.76 
obj 19431 -1728 1257.69 18.67 0 0 49.14 
obj 19450 -1724.06 1260.64 18.68 0 0 -44.94 
obj 19450 -1714.04 1264.03 18.68 0 0 -44.94 
obj 19431 -1720.2 1264.55 18.67 0 0 -44.34 
obj 19431 -1711.21 1267.91 18.67 0 0 -134.76 
obj 19404 -1721.68 1260.69 18.68 0 0 -134.88 
obj 19431 -1718.04 1260.09 18.67 0 0 -226.5 
obj 19431 -1720.07 1259.12 18.68 0 0 -133.86 
obj 19431 -1719 1259.16 18.67 0 0 -226.5 
obj 16152 -1718.21 1273.6 16.73 0 0 47.58 
obj 10009 -1728.24 1264.72 17.45 0 0 45.24 
obj 1794 -1717.3 1261.83 16.95 0 0 135 
obj 2297 -1717.33 1263.49 17.2 0 0 -89.04 
obj 2088 -1715.69 1264.82 16.92 0 0 -493.74 
obj 19450 -1719.62 1265.15 18.68 0 0 -44.7 
obj 19388 -1715.3 1269.56 18.67 0 0 -44.22 
obj 1502 -1730.13 1256.53 16.91 0 0 45.6 
obj 2159 -1721.22 1260.78 16.91 0 0 135.48 
obj 2292 -1720.2 1261.8 16.81 0 0 -135.78 
obj 2164 -1711.54 1267.42 16.89 0 0 135.24 
obj 2161 -1711.43 1268.01 18.69 0 0 -46.14 
obj 2162 -1712.73 1269.29 18.69 0 0 -43.92 
obj 2164 -1712.82 1268.67 16.89 0 0 135.24 
obj 1523 -1715.8 1268.97 16.91 0 0 47.28 
obj 19458 -1717.4 1263.15 20.54 0 91 -45.04 
obj 19458 -1717.4 1263.15 20.54 0 91 -45.04 
obj 19458 -1717.55 1271.75 20.56 0 90 -134.36 
obj 19458 -1723.89 1273.73 20.56 0 91 -223.72 
obj 19458 -1720.27 1269.54 20.56 0 90 -134.36 
obj 19458 -1721.3 1266.9 20.56 0 90 -134.36 
obj 19458 -1723.34 1264.7 20.56 0 90 -134.36 
obj 19458 -1714.99 1273.98 20.56 0 90 -134.36 
obj 19319 -1726.57 1258.27 18.74 -1 23 -136 
obj 19319 -1726.11 1258.74 18.74 -1 23 -136 
obj 19319 -1725.56 1259.27 18.74 -1 23 -136 
obj 19319 -1725 1259.84 18.74 -1 23 -136 
obj 19319 -1724.59 1260.24 18.74 -1 23 -136 
obj 19319 -1724.18 1260.68 18.74 -1 23 -136 
obj 19450 -1734.18 1259.16 22.1 0 0 -132.84 
obj 19431 -1727.96 1257.71 22.11 0 0 49.14 
obj 19404 -1729.6 1257.05 22.1 0 0 -223.8 
obj 19450 -1724.06 1260.64 22.12 0 0 -44.94 
obj 19404 -1721.68 1260.69 22.12 0 0 -134.88 
obj 19431 -1720.07 1259.12 22.12 0 0 -133.86 
obj 19450 -1714.02 1263.97 22.12 0 0 -45.84 
obj 19431 -1718.98 1259.19 22.12 0 0 -226.5 
obj 19431 -1717.96 1260.15 22.1 0 0 -226.5 
obj 19404 -1711.79 1268.48 22.12 0 0 -134.88 
obj 19404 -1714.03 1270.71 22.12 0 0 -134.88 
obj 19404 -1718.46 1274.98 22.12 0 0 -133.5 
obj 19404 -1720.76 1277.11 22.12 0 0 -133.5 
obj 19450 -1725.25 1274.84 22.12 0 0 -44.94 
obj 19450 -1732.04 1268.04 22.12 0 0 -44.94 
obj 19404 -1736.57 1263.47 22.12 0 0 -44.52 
obj 19388 -1716.29 1272.9 22.12 0 0 46.2 
obj 1502 -1715.76 1272.39 20.66 0 0 135.78 
obj 19458 -1712.55 1276.46 20.56 0 90 -134.36 
obj 1646 -1717.34 1276.07 20.92 0 0 -225 
obj 1646 -1716.42 1275.04 20.92 0 0 -582.6 
obj 1646 -1714.53 1276.79 20.92 0 0 -41.7 
obj 1646 -1715.35 1277.86 20.92 0 0 -43.02 
obj 1646 -1712.76 1271.81 20.92 0 0 -582.6 
obj 1646 -1714.14 1273.26 20.92 0 0 -582.6 
obj 1646 -1711.09 1273.5 20.92 0 0 -764.04 
obj 1646 -1712.39 1275.06 20.92 0 0 -764.04 
obj 1361 -1712.71 1270.46 21.37 0 0 0 
obj 1361 -1715.11 1279.96 21.37 0 0 0 
obj 1361 -1709.1 1273.89 21.37 0 0 0 
obj 1361 -1718.68 1276.19 21.37 0 0 0 
obj 1364 -1716.96 1278.22 21.1 0 0 46.74 
obj 1364 -1711.99 1277.15 21.1 0 0 -43.98 
obj 1360 -1709.81 1275.34 21.23 0 0 45.72 
obj 1360 -1713.87 1279.22 21.23 0 0 44.58 
obj 1364 -1710.62 1271.83 21.1 0 0 -134.28 
obj 1978 -1722.32 1275.02 21.7 0 0 -45.48 
obj 1978 -1725.83 1271.54 21.7 0 0 -45.48 
obj 1978 -1719.66 1272.36 21.7 0 0 -223.86 
obj 1978 -1723.07 1269.1 21.7 0 0 -223.5 
obj 19404 -1719.55 1265.16 22.12 0 0 -225.3 
obj 2779 -1711.6 1267.45 20.62 0 0 -133.32 
obj 16151 -1726.6 1271.73 17.66 0 0 136.86 
obj 2779 -1712.15 1266.89 20.62 0 0 -133.32 
obj 2779 -1712.67 1266.33 20.62 0 0 -133.32 
obj 2779 -1713.2 1265.79 20.62 0 0 -133.32 
obj 2779 -1713.75 1265.23 20.62 0 0 -133.32 
obj 19431 -1717.97 1265.74 22.1 0 0 -313.38 
obj 1523 -1715.69 1263.45 20.68 0 0 -225.6 
obj 19458 -1715.21 1265.32 20.54 0 91 -45.16 
obj 2739 -1719.04 1264.83 20.63 0 0 3.9 
obj 2527 -1720.99 1262.61 20.65 0 0 136.56 
obj 2528 -1719.62 1259.46 20.66 0 0 -135.9 
obj 2528 -1718.42 1260.61 20.66 0 0 -135.9 
obj 2528 -1718.99 1260.05 20.66 0 0 -135.9 
obj 2528 -1717.75 1261.21 20.66 0 0 -135.9 
obj 19334 -1710.55 1278.58 20.71 0 0 -43.44 
obj 8614 -1720.48 1265.66 22.85 0 0 -315.12 
obj 19388 -1729.64 1257.09 18.67 0 0 -44.22 
obj 19404 -1733.12 1258.26 25.6 0 0 -314.64 
obj 19404 -1735.37 1260.49 25.6 0 0 -314.94 
obj 19431 -1737.07 1262.15 25.6 0 0 -133.86 
obj 19404 -1736.46 1263.73 25.6 0 0 -405.84 
obj 19404 -1734.19 1265.94 25.6 0 0 -405.84 
obj 19404 -1731.94 1268.13 25.6 0 0 -405.84 
obj 19404 -1729.65 1270.36 25.6 0 0 -405.84 
obj 19404 -1727.35 1272.6 25.6 0 0 -405.84 
obj 19404 -1725.06 1274.83 25.6 0 0 -405.84 
obj 19404 -1722.77 1277.07 25.6 0 0 -405.84 
obj 19404 -1720.6 1277.05 25.6 0 0 -495.6 
obj 19404 -1718.38 1274.79 25.6 0 0 -495.6 
obj 19404 -1716.19 1272.54 25.6 0 0 -495.6 
obj 19404 -1713.97 1270.28 25.6 0 0 -495.6 
obj 19404 -1711.85 1268.11 25.6 0 0 -495.6 
obj 19404 -1711.95 1265.86 25.6 0 0 -584.82 
obj 19404 -1714.19 1263.66 25.6 0 0 -584.82 
obj 19404 -1716.31 1261.62 25.6 0 0 -586.56 
obj 19404 -1718.53 1259.51 25.6 0 0 -585.06 
obj 19404 -1720.68 1259.71 25.6 0 0 -675 
obj 19431 -1722.43 1261.52 25.6 0 0 -134.82 
obj 19404 -1726.48 1258.39 25.6 0 0 -223.8 
obj 19404 -1724.34 1260.66 25.6 0 0 -223.8 
obj 19431 -1721.96 1261 25.6 0 0 -134.82 
obj 19431 -1727.96 1257.71 25.6 0 0 49.14 
obj 19404 -1729.6 1257.05 25.6 0 0 -223.8 
obj 19431 -1731.37 1256.59 25.6 0 0 49.14 
obj 19431 -1723.47 1261.55 25.6 0 0 -224.94 
obj 19458 -1721.88 1268.07 24 0 90 -224.66 
obj 19458 -1725.51 1271.75 24 0 90 -225.44 
obj 19458 -1723.87 1270.07 24 0 90 -225.44 
obj 19458 -1719.39 1273.49 24 0 90 -315.14 
obj 19458 -1715.56 1269.23 24 0 90 -315.14 
obj 19458 -1717.28 1263.13 24 0 90 -405.68 
obj 19458 -1718.16 1264.18 24 0 90 -404.6 
obj 2631 -1722.35 1275.26 24.13 0 0 44.22 
obj 2631 -1720.57 1273.29 24.13 0 0 44.22 
obj 2631 -1718.68 1271.31 24.13 0 0 44.22 
obj 2632 -1726.21 1271.58 24.17 0 0 45.42 
obj 2632 -1724.2 1269.69 24.17 0 0 45.42 
obj 2632 -1722.2 1267.73 24.17 0 0 45.24 
obj 2627 -1716.79 1270.01 24.23 0 0 -45.42 
obj 2627 -1715.91 1269.1 24.23 0 0 -45.42 
obj 2627 -1715.07 1268.24 24.23 0 0 -45.42 
obj 2627 -1714.13 1267.2 24.23 0 0 -45.42 
obj 2627 -1713.12 1266.4 24.23 0 0 -45.42 
obj 2630 -1715.47 1264.67 24.37 0 0 45.24 
obj 2630 -1716.54 1263.68 24.37 0 0 45.24 
obj 2630 -1717.52 1262.81 24.37 0 0 45.24 
obj 2630 -1718.49 1262.07 24.37 0 0 45.24 
obj 2630 -1719.37 1261.1 24.37 0 0 45.24 
obj 2630 -1720.16 1260.18 24.37 0 0 45.24 
obj 1828 -1730.86 1258.89 16.9 0 0 45.96 
obj 1828 -1714.8 1267.88 16.9 0 0 45.96 
obj 19381 -1730.47 1262.31 27.21 0 88 -45.94 
obj 19381 -1727.91 1264.48 27.21 0 88 -44.74 
obj 19381 -1721.62 1271.04 27.21 0 88 -47.38 
obj 19381 -1717.88 1267.31 27.21 0 88 -45.76 
obj 19381 -1719.64 1265.62 27.21 0 88 -45.76 
