sell 10825 -1467.94 2007.05 50.76 87 -25 200.1 
changeobj 1506 -1468.72 2005.51 49.75 0 0 -1.8 1502
changeobj 1506 -1482.84 2005.74 46.52 0 0 -1.02 1502
changeobj 1506 -1479.86 2005.71 46.52 0 0 178.44 1502
obj 19446 -1478.58 1970.63 51.48 0 0 -0.9 
obj 6959 -1457.81 1985.42 49.78 0 0 -1.32 
obj 19446 -1473.96 1965.83 51.48 0 0 89.82 
obj 19446 -1464.52 1965.72 51.48 0 0 89.04 
obj 19446 -1455.08 1965.54 51.48 0 0 88.86 
obj 19446 -1445.64 1965.31 51.48 0 0 88.02 
obj 19446 -1442.27 1965.2 51.48 0 0 88.02 
obj 19446 -1437.49 1969.64 51.48 0 0 179.16 
obj 19446 -1437.32 1979.07 51.48 0 0 178.86 
obj 19446 -1437.15 1988.37 51.48 0 0 179.1 
obj 19446 -1436.96 1997.67 51.48 0 0 178.86 
obj 19446 -1442.99 2004.74 51.48 0 0 268.26 
obj 19427 -1436.84 2003.26 51.48 0 0 -1.2 
obj 19354 -1438 2004.6 51.47 0 0 88.62 
obj 19354 -1436.85 2003.02 51.47 0 0 178.62 
obj 19446 -1452.43 2005.05 51.48 0 0 268.26 
obj 19446 -1461.67 2005.31 51.48 0 0 268.26 
obj 19384 -1467.93 2005.5 51.47 0 0 88.26 
obj 19446 -1473.69 2005.68 51.48 0 0 268.26 
obj 19446 -1477.83 2000.99 51.48 0 0 358.56 
obj 19446 -1478.07 1991.74 51.48 0 0 358.38 
obj 19446 -1478.29 1982.8 51.48 0 0 359.16 
obj 19446 -1478.42 1976.98 51.48 0 0 358.26 
obj 16662 -1438.58 1996.84 51 0 0 -115.8 
obj 16782 -1437.31 1997.3 51.68 0 0 179.58 
obj 3383 -1438.8 2001.58 49.48 0 0 121.68 
obj 3383 -1438.25 1997.43 49.48 0 0 89.64 
obj 3383 -1439.1 1993.36 49.48 0 0 64.5 
obj 19354 -1456.98 2003.5 51.47 0 0 -1.44 
obj 19354 -1457.07 2000.31 51.47 0 0 -1.44 
obj 19354 -1457.14 1997.21 51.47 0 0 -1.44 
obj 19354 -1457.24 1994.16 51.47 0 0 -1.44 
obj 19354 -1457.34 1991.18 51.5 0 0 -1.44 
obj 19354 -1457.42 1988.06 51.48 0 0 -1.44 
obj 19354 -1457.51 1984.91 51.49 0 0 -1.44 
obj 19354 -1455.96 1983.32 51.48 0 0 88.02 
obj 19354 -1452.99 1983.23 51.48 0 0 87.96 
obj 19354 -1449.97 1983.12 51.49 0 0 87.9 
obj 19354 -1447.24 1983.02 51.49 0 0 86.82 
obj 19354 -1444.3 1982.83 51.49 0 0 86.58 
obj 19384 -1441.17 1982.65 51.5 0 0 86.82 
obj 19354 -1438.79 1982.52 51.51 0 0 86.58 
obj 2064 -1455.55 2003.74 50.37 0 0 0 
obj 2064 -1454.32 2003.74 50.37 0 0 0 
obj 2064 -1453.06 2003.72 50.37 0 0 0 
obj 2064 -1451.82 2003.72 50.37 0 0 -0.12 
obj 9819 -1447.2 1984.48 50.6 0 0 -92.1 
obj 9819 -1455.96 1987.63 50.67 0 0 -182.58 
obj 3387 -1442.79 1983.21 49.69 0 0 86.64 
obj 3387 -1442.73 1984.09 49.69 0 0 86.64 
obj 3387 -1442.69 1985.06 49.69 0 0 86.64 
obj 1360 -1452.57 1984.42 50.5 0 0 87.12 
obj 1671 -1445.22 1984.6 50.17 0 0 0 
obj 1671 -1448.27 1984.83 50.17 0 0 0 
obj 1671 -1455.76 1985.58 50.17 0 0 -89.64 
obj 1671 -1455.38 1988.8 50.17 0 0 -89.64 
obj 1671 -1455.75 1991.41 50.17 0 0 -89.88 
obj 11631 -1456.52 1992.64 50.98 0 0 86.28 
obj 1671 -1455.96 1992.93 50.17 0 0 -89.88 
obj 2174 -1456.59 1995.36 49.68 0 0 89.16 
obj 2165 -1456.57 1997.33 49.7 0 0 88.32 
obj 1671 -1456 1996.32 50.17 0 0 -89.88 
obj 1671 -1455.92 1998.04 50.17 0 0 -89.88 
obj 2164 -1456.96 1999.39 49.68 0 0 88.02 
obj 2161 -1456.94 2001.14 49.74 0 0 88.44 
obj 2186 -1455.82 1994.4 49.63 0 0 182.4 
obj 2163 -1457.09 1997.62 51.73 0 0 88.86 
obj 2332 -1450.12 2004.58 50.17 0 0 -5.04 
obj 1550 -1450.83 2004.52 50.06 0 0 0 
obj 1829 -1449.33 2004.15 50.21 0 0 -1.38 
obj 1736 -1456.69 1996.13 52.33 0 0 91.44 
obj 2605 -1447.93 2004.28 50.13 0 0 -2.4 
obj 2605 -1446 2004.21 50.13 0 0 -2.4 
obj 2605 -1444.04 2004.13 50.13 0 0 -2.4 
obj 1671 -1447.83 2003.53 50.17 0 0 -158.16 
obj 1671 -1446.01 2003.38 50.17 0 0 -158.16 
obj 1671 -1443.9 2003.29 50.17 0 0 -158.28 
obj 1502 -1441.97 1982.66 49.73 0 0 -3.36 
obj 19446 -1469.28 1970.62 51.48 0 0 178.38 
obj 19446 -1469.06 1980.06 51.48 0 0 178.74 
obj 19354 -1470.49 1984.79 51.48 0 0 89.64 
obj 19354 -1476.65 1984.82 51.48 0 0 89.76 
obj 19384 -1473.58 1984.81 51.47 0 0 -90.18 
obj 2135 -1469.97 1966.36 49.74 0 0 270.06 
obj 2135 -1469.95 1967.36 49.74 0 0 270.06 
obj 2135 -1469.95 1968.26 49.74 0 0 270.06 
obj 2135 -1469.96 1969.14 49.74 0 0 270.06 
obj 2131 -1469.71 1971.16 49.56 0 0 -92.28 
obj 2130 -1471.69 1966.36 49.59 0 0 179.46 
obj 2130 -1473.69 1966.41 49.59 0 0 179.34 
obj 2129 -1475.68 1966.45 49.59 0 0 179.4 
obj 2128 -1477.69 1966.5 49.65 0 0 180.18 
obj 2129 -1476.69 1966.49 49.59 0 0 179.4 
obj 2127 -1478.07 1968.25 49.68 0 0 89.64 
obj 2718 -1478.27 1970.87 52.11 0 0 88.2 
obj 2451 -1477.91 1970.3 49.66 0 0 88.92 
obj 2417 -1478.05 1972.16 49.72 0 0 89.04 
obj 2419 -1477.79 1973.04 49.72 0 0 89.76 
obj 2424 -1478.08 1974.95 49.66 0 0 89.52 
obj 16151 -1477.27 1979.38 50.09 0 0 178.2 
obj 2225 -1470.53 1984.25 49.7 0 0 -2.22 
obj 2230 -1471.52 1984.46 49.7 0 0 -1.08 
obj 2230 -1469.04 1984.43 49.7 0 0 -1.08 
obj 1776 -1469.69 1972.34 50.82 0 0 -91.26 
obj 1209 -1469.5 1973.41 49.74 0 0 -89.94 
obj 936 -1469.76 1974.95 50.13 0 0 268.44 
obj 1736 -1469.57 1974.96 52 0 0 -95.7 
obj 2251 -1469.87 1975.48 51.45 0 0 0 
obj 2425 -1469.32 1974.58 50.6 0 0 -91.92 
obj 2029 -1472.45 1971.55 49.73 0 0 89.58 
obj 2029 -1473.39 1971.57 49.73 0 0 89.52 
obj 2029 -1473.38 1973.52 49.73 0 0 89.52 
obj 2029 -1472.41 1973.45 49.73 0 0 89.52 
obj 2029 -1473.32 1975.45 49.73 0 0 88.8 
obj 2029 -1472.41 1975.38 49.73 0 0 89.64 
obj 2029 -1472.35 1977.23 49.73 0 0 88.8 
obj 2029 -1473.27 1977.26 49.73 0 0 88.74 
obj 2124 -1471.52 1977.82 50.59 0 0 2.64 
obj 2124 -1471.56 1976.08 50.59 0 0 -1.74 
obj 2124 -1471.56 1973.97 50.59 0 0 -1.74 
obj 2124 -1471.55 1972.09 50.59 0 0 -1.74 
obj 2124 -1472.81 1970.6 50.59 0 0 -91.62 
obj 2124 -1474.29 1972.2 50.59 0 0 -180.06 
obj 2124 -1474.31 1974.04 50.59 0 0 -180.06 
obj 2124 -1474.32 1976.1 50.59 0 0 -180.96 
obj 2124 -1474.2 1977.86 50.59 0 0 -180.96 
obj 2124 -1472.81 1979.09 50.59 0 0 -272.7 
obj 1502 -1474.34 1984.85 49.7 0 0 -1.56 
obj 19354 -1457.58 1981.91 51.49 0 0 -2.52 
obj 19446 -1457.85 1975.69 51.48 0 0 177.48 
obj 19384 -1458.16 1967.21 51.47 0 0 -182.28 
obj 19446 -1457.93 1973.51 51.48 0 0 177.48 
obj 1502 -1458.15 1967.96 49.7 0 0 -93.06 
obj 2174 -1438.14 1965.62 49.71 0 0 175.86 
obj 2165 -1440.06 1965.73 49.7 0 0 178.32 
obj 2164 -1442.18 1965.36 49.75 0 0 176.16 
obj 2161 -1443.95 1965.36 49.75 0 0 177.72 
obj 2186 -1445.16 1966.74 49.69 0 0 -94.14 
obj 2163 -1440.26 1965.13 51.54 0 0 177.84 
obj 2199 -1446.15 1965.51 49.67 0 0 175.2 
obj 2162 -1447.63 1965.51 49.75 0 0 178.5 
obj 2167 -1449.46 1965.59 49.83 0 0 178.92 
obj 2191 -1450.33 1966.08 49.68 0 0 177.48 
obj 1742 -1451.81 1965.48 49.72 0 0 176.82 
obj 2171 -1453.16 1966.14 49.72 0 0 177.36 
obj 2172 -1454.66 1966.09 49.75 0 0 179.34 
obj 2174 -1457.45 1970.27 49.79 0 0 85.8 
obj 2181 -1457.44 1972.23 49.75 0 0 86.16 
obj 2182 -1456.33 1974.08 49.75 0 0 86.94 
obj 2183 -1452.7 1975.25 49.75 0 0 86.58 
obj 2608 -1457.48 1976.58 50.35 0 0 87.06 
obj 2608 -1457.35 1978.44 50.35 0 0 86.28 
obj 2608 -1457.21 1980.22 50.35 0 0 85.32 
obj 2608 -1457.05 1982.08 50.35 0 0 85.08 
obj 2183 -1452.39 1979.62 49.74 0 0 86.28 
obj 2566 -1440 1973.07 50.28 0 0 -91.44 
obj 2226 -1437.85 1969.97 50.29 0 0 -93.72 
obj 1957 -1437.8 1973.01 50.41 0 0 -90.6 
obj 1958 -1439.49 1971.9 50.34 0 0 55.8 
obj 19317 -1439.66 1970.88 50.37 -89 42 -55.92 
obj 19054 -1438.91 1969.1 50.45 0 0 -1.14 
obj 19055 -1440.15 1969.1 50.54 0 0 -0.84 
obj 19056 -1440.37 1973.91 50.54 0 0 0 
obj 19058 -1438.84 1973.86 50.46 0 0 -1.32 
obj 19064 -1440.31 1972.19 50.38 5 35 117.42 
obj 1828 -1443.14 1971.29 49.77 0 0 -90.54 
obj 2180 -1440.3 1972.06 49.53 0 0 -90 
obj 2103 -1438.56 1972.11 50.29 0 0 0 
obj 2320 -1440.49 1971.57 50.5 0 0 90 
obj 1950 -1438.09 1972.9 50.52 0 0 0 
obj 2230 -1440.72 1973.03 49.7 0 0 90.12 
obj 2230 -1440.62 1970.71 49.89 0 0 90.42 
obj 2225 -1439.32 1972.89 49.77 0 0 355.14 
obj 2800 -1438.58 1971.05 50.21 0 0 0 
obj 1736 -1437.85 1971.59 51.88 0 0 -92.88 
obj 1711 -1447.91 1979.48 49.72 0 0 88.68 
obj 1711 -1444.31 1979.65 49.72 0 0 268.92 
obj 1828 -1445.94 1979.61 49.77 0 0 -5.1 
obj 1711 -1444.3 1976.66 49.72 0 0 268.56 
obj 1828 -1445.95 1976.39 49.77 0 0 -2.76 
obj 2024 -1446.86 1976.06 49.64 0 0 -2.46 
obj 1711 -1448.17 1976.55 49.72 0 0 88.68 
obj 19354 -1439.03 1974.45 51.39 0 0 86.58 
obj 19354 -1441.35 1974.59 51.39 0 0 86.58 
obj 19354 -1444.39 1974.76 51.39 0 0 86.58 
obj 19354 -1445.94 1973.3 51.39 0 0 180.42 
obj 19384 -1445.93 1970.23 51.39 0 0 0.18 
obj 19354 -1444.41 1968.61 51.39 0 0 86.22 
obj 19354 -1441.47 1968.41 51.39 0 0 86.22 
obj 19354 -1438.99 1968.25 51.39 0 0 86.22 
obj 1502 -1445.88 1969.49 49.7 0 0 91.08 
obj 2024 -1446.49 1979.03 49.64 0 0 -2.46 
obj 2183 -1453.07 1970.4 49.76 0 0 86.58 
obj 16151 -1438.4 1978.19 50.09 0 0 358.14 
obj 1360 -1446.73 1972.85 50.43 0 0 -4.62 
obj 2002 -1446.39 1969.1 49.69 0 0 -89.94 
obj 1709 -1448.95 1981.57 49.67 0 0 -2.82 
obj 2002 -1449.73 1982.41 49.75 0 0 0 
obj 1776 -1457.54 1968.94 50.86 0 0 87.42 
obj 1209 -1456.68 1966 49.8 0 0 177.48 
obj 19446 -1477.7 2000.88 48.09 0 0 357.6 
obj 19446 -1478.03 1991.4 48.09 0 0 358.56 
obj 19446 -1478.21 1982.02 48.09 0 0 358.56 
obj 19446 -1478.42 1972.69 48.09 0 0 358.56 
obj 19446 -1478.53 1970.62 48.09 0 0 358.56 
obj 19446 -1473.86 1965.86 48.09 0 0 449.58 
obj 19446 -1464.51 1965.84 48.09 0 0 449.46 
obj 19446 -1455.1 1965.73 48.09 0 0 447.96 
obj 19446 -1445.79 1965.44 48.09 0 0 447.96 
obj 19446 -1442.08 1965.25 48.09 0 0 447 
obj 19446 -1437.59 1969.9 48.09 0 0 538.86 
obj 19446 -1437.56 1979.04 47.98 0 0 539.4 
obj 19446 -1437.42 1988.52 47.98 0 0 537.6 
obj 19446 -1437.13 1998.03 48.09 0 0 537.6 
obj 19446 -1473.06 2005.63 48.09 0 0 268.5 
obj 19446 -1463.63 2005.37 48.09 0 0 268.5 
obj 19446 -1454.21 2005.17 48.06 0 0 269.04 
obj 19446 -1444.67 2004.83 48.06 0 0 267.36 
obj 936 -1449.57 1971.86 50.16 0 0 85.8 
obj 936 -1449.44 1973.69 50.16 0 0 445.5 
obj 2251 -1449.7 1972.93 51.47 0 0 0 
obj 2425 -1449.54 1972.03 50.62 0 0 87.78 
obj 2425 -1449.63 1971.62 50.62 0 0 267.66 
obj 2425 -1449.32 1974.07 50.62 0 0 87.78 
obj 2425 -1449.52 1973.64 50.62 0 0 267.66 
obj 2251 -1449.47 1974.46 51.47 0 0 0 
obj 2251 -1449.78 1971.17 51.47 0 0 0 
obj 19446 -1461.49 1983.62 51.48 0 0 267.36 
obj 19384 -1467.28 1983.86 51.48 0 0 -91.26 
obj 1502 -1468.02 1983.84 49.7 0 0 -1.86 
obj 2629 -1458.86 1982.1 49.74 0 0 -90.78 
obj 2629 -1458.92 1980.2 49.74 0 0 -90.78 
obj 2629 -1458.97 1978.54 49.74 0 0 -90.78 
obj 2629 -1459 1976.96 49.74 0 0 -90.78 
obj 2629 -1459.08 1975.38 49.74 0 0 -90.84 
obj 2629 -1459.13 1973.78 49.74 0 0 -90.84 
obj 2629 -1459.21 1972.2 49.74 0 0 -92.88 
obj 2629 -1459.24 1970.44 49.74 0 0 -90.84 
obj 2629 -1459.25 1968.82 49.74 0 0 -91.14 
obj 2628 -1461.38 1966.91 49.73 0 0 178.8 
obj 2628 -1462.54 1966.91 49.73 0 0 178.8 
obj 2628 -1463.73 1966.92 49.73 0 0 178.8 
obj 2628 -1465.01 1966.95 49.73 0 0 178.8 
obj 2628 -1466.09 1966.98 49.73 0 0 178.68 
obj 2628 -1467.41 1966.95 49.73 0 0 178.68 
obj 2628 -1468.57 1966.97 49.73 0 0 178.14 
obj 2627 -1468.07 1969.95 49.71 0 0 89.46 
obj 2627 -1468.07 1971.4 49.71 0 0 89.46 
obj 2627 -1468.04 1972.89 49.71 0 0 89.46 
obj 2627 -1467.99 1974.26 49.71 0 0 89.46 
obj 2627 -1467.94 1975.45 49.71 0 0 89.46 
obj 2627 -1467.91 1976.76 49.71 0 0 89.46 
obj 2627 -1467.93 1977.99 49.71 0 0 89.34 
obj 2627 -1467.91 1979.45 49.71 0 0 89.34 
obj 2627 -1467.83 1980.66 49.71 0 0 89.34 
obj 2630 -1465.26 1982.6 49.76 0 0 -0.96 
obj 2630 -1464.07 1982.6 49.78 0 0 -0.96 
obj 2630 -1463.16 1982.57 49.78 0 0 -0.96 
obj 2630 -1462.3 1982.61 49.75 0 0 -0.96 
obj 2630 -1461.29 1982.6 49.76 0 0 -1.5 
obj 2632 -1459.09 1970.48 49.73 0 0 88.5 
obj 2632 -1459.01 1974.33 49.73 0 0 87.12 
obj 2632 -1458.82 1978.24 49.73 0 0 87.12 
obj 2632 -1458.62 1981.49 49.73 0 0 87.12 
obj 2631 -1460.19 1966.8 49.7 0 0 -1.14 
obj 2631 -1464.41 1966.83 49.7 0 0 -1.14 
obj 2631 -1467.46 1966.87 49.7 0 0 -1.14 
obj 2632 -1468.03 1970.64 49.75 0 0 90 
obj 2632 -1468.06 1974.41 49.75 0 0 90.66 
obj 2632 -1468.06 1978.28 49.75 0 0 90.18 
obj 2632 -1467.94 1981.93 49.75 0 0 89.58 
obj 2632 -1466.1 1981.85 49.75 0 0 89.58 
obj 2632 -1464.24 1981.72 49.75 0 0 89.58 
obj 2632 -1462.35 1981.66 49.75 0 0 89.58 
obj 2632 -1460.44 1981.59 49.75 0 0 88.62 
obj 2631 -1466.23 1977.99 49.75 0 0 88.08 
obj 2631 -1464.36 1977.91 49.75 0 0 88.02 
obj 2631 -1462.44 1977.85 49.75 0 0 88.92 
obj 2631 -1460.5 1977.83 49.75 0 0 88.14 
obj 2631 -1460.77 1974.1 49.75 0 0 88.14 
obj 2631 -1462.55 1974.08 49.75 0 0 88.2 
obj 2631 -1464.38 1974.08 49.75 0 0 88.14 
obj 2631 -1466.26 1974.48 49.75 0 0 88.14 
obj 2631 -1466.35 1970.59 49.75 0 0 88.14 
obj 2631 -1464.56 1970.29 49.75 0 0 88.14 
obj 2631 -1462.75 1970.24 49.75 0 0 88.14 
obj 2631 -1460.93 1970.3 49.75 0 0 88.14 
obj 2632 -1460.19 1967.84 49.73 0 0 176.64 
obj 2632 -1463.84 1968.08 49.73 0 0 176.64 
obj 2632 -1467.33 1968.24 49.73 0 0 176.64 
obj 2631 -1462.11 1966.91 49.7 0 0 -1.14 
obj 2913 -1458.33 1982.52 50.69 0 88 -92.22 
obj 2913 -1458.36 1980.65 50.69 0 88 -92.22 
obj 2913 -1458.43 1978.99 50.69 0 88 -92.22 
obj 2913 -1458.48 1977.37 50.69 0 88 -92.22 
obj 2913 -1458.52 1975.81 50.69 0 88 -92.22 
obj 2913 -1458.59 1974.19 50.69 0 88 -92.22 
obj 2913 -1458.62 1972.62 50.69 0 88 -92.22 
obj 2913 -1458.66 1970.88 50.69 0 88 -92.22 
obj 2913 -1458.7 1969.18 50.69 0 88 -92.46 
obj 19129 -1467.83 1995.5 49.74 0 0 -1.68 
obj 14791 -1460.09 2002.46 51.05 0 0 -1.2 
obj 1985 -1458.03 1998.01 53.13 0 0 0 
obj 1985 -1458.04 1996.29 53.13 0 0 -0.12 
obj 1985 -1458.03 1994.59 53.13 0 0 -0.18 
obj 1985 -1458.01 1992.68 53.13 0 0 -0.18 
obj 1985 -1458.11 1990.68 53.13 0 0 -0.18 
obj 1985 -1458.3 1988.4 53.13 0 0 -0.18 
obj 1985 -1458.37 1986.16 53.13 0 0 -0.18 
obj 2296 -1477.63 1995.05 49.81 0 0 87.84 
obj 2230 -1477.49 1994.59 49.75 0 0 87.78 
obj 2230 -1477.36 1998.07 49.75 0 0 87.78 
obj 1776 -1476.99 2005.08 50.87 0 0 -1.26 
obj 1209 -1475.72 2005.45 49.73 0 0 -3.18 
obj 936 -1474.01 2004.96 50.23 0 0 -0.96 
obj 2425 -1473.44 2005.52 50.71 0 0 -2.16 
obj 2251 -1474.38 2004.91 51.56 0 0 0 
obj 1736 -1473.81 2005.29 52.34 0 0 0 
obj 1978 -1470.72 1999.86 50.84 0 0 -93.42 
obj 1978 -1475.06 2000.34 50.84 0 0 -93.42 
obj 1978 -1471.25 1991.43 50.84 0 0 -90.9 
obj 1978 -1475.32 1991.57 50.84 0 0 -90.9 
obj 2640 -1461.32 1984.16 50.51 0 0 177.3 
obj 2640 -1462.69 1984.24 50.51 0 0 176.94 
obj 2640 -1464.39 1984.35 50.51 0 0 176.94 
obj 2640 -1459.67 1984.06 50.51 0 0 177.3 
obj 1824 -1462.89 1996.65 50.25 0 0 86.82 
obj 1824 -1463.03 1990.11 50.25 0 0 86.82 
obj 1244 -1465.83 2003.63 50.54 0 0 177.66 
obj 1244 -1465.85 2002.31 50.54 0 0 177.66 
obj 1244 -1465.88 2001.09 50.54 0 0 177.66 
obj 1244 -1465.95 1999.85 50.54 0 0 177.6 
obj 1336 -1464.97 2007.81 47.7 0 0 0 
obj 1895 -1470.57 2005.34 51.56 0 0 -1.38 
obj 2964 -1470.6 2003.01 49.76 0 0 -1.74 
obj 2618 -1466.13 1998.49 49.73 0 0 -90.9 
obj 2618 -1466.25 1997.24 49.73 0 0 -91.86 
obj 2618 -1466.22 1995.82 49.73 0 0 -92.16 
obj 2754 -1466.04 1994.49 50.63 0 0 -2.58 
obj 2754 -1466.09 1993.27 50.63 0 0 -2.58 
obj 2754 -1466.18 1992.02 50.63 0 0 -2.58 
obj 1978 -1471.36 1987.85 50.84 0 0 -90.9 
obj 1978 -1475.52 1987.96 50.84 0 0 -90.66 
obj 1778 -1475.87 1985.27 49.77 0 0 -91.62 
obj 1778 -1475.14 1985.22 49.77 0 0 -91.62 
obj 1778 -1476.57 1985.2 49.77 0 0 -91.62 
obj 1778 -1477.09 1985.22 49.77 0 0 -91.62 
obj 6959 -1457.81 1985.42 53.27 0 0 -1.32 
obj 9241 -1455.62 1985.02 55.02 0 0 -1.38 
obj 3586 -1455.91 2011.58 50.2 0 0 -1.98 
obj 3361 -1467.57 2010.41 47.8 0 0 87.3 
obj 19446 -1483.02 2001.12 48.3 0 0 177.9 
obj 19354 -1483.22 1994.78 48.3 0 0 -0.9 
obj 19354 -1481.67 1993.26 48.3 0 0 89.76 
obj 19354 -1479.67 1993.24 48.3 0 0 88.92 
obj 19354 -1478.29 2005.74 47.31 0 0 89.28 
obj 3095 -1478.29 2001.17 46.26 0 0 0 
obj 3095 -1478.4 1997.75 46.26 0 0 0 
obj 19354 -1478.29 2005.83 50.69 0 0 89.28 
obj 19354 -1481.46 2005.83 50.69 0 0 89.28 
obj 3350 -1480.63 1999.91 49.9 0 0 0 
obj 1128 -1479.03 1993.12 47.09 -92 62 62.58 
obj 1128 -1481.91 1993.12 47.09 -92 62 62.58 
obj 1060 -1482.81 1996.95 48.32 0 0 -90.18 
obj 1060 -1482.81 1996.95 47.67 0 0 -90.18 
obj 1060 -1482.81 1999.02 47.67 0 0 -92.16 
obj 1060 -1482.81 1999.02 48.29 0 0 -92.16 
obj 19446 -1481.32 2000.96 50.06 0 91 177.9 
obj 19446 -1479.61 2000.92 50.06 0 91 177.72 
obj 19446 -1481.32 2000.96 50.06 0 91 177.9 
obj 19446 -1479.69 1997.97 50.06 0 91 177.72 
obj 19446 -1481.48 1998.04 50.06 0 91 177.72 
obj 19425 -1480.38 1994.94 46.79 0 0 0.84 
obj 19425 -1480.53 2000.2 46.79 0 0 0.84 
obj 1225 -1480.61 1993.76 47.16 0 0 0 
obj 1116 -1478.13 1997.82 48.37 0 0 85.68 
obj 1116 -1478.07 1996.03 48.37 0 0 85.62 
obj 1116 -1478.15 1999.48 48.37 0 0 85.68 
obj 3528 -1480.7 2006.79 52.64 0 0 87.3 
obj 3524 -1479.09 2006.42 46.86 0 0 175.44 
obj 3524 -1482.86 2006.46 46.86 0 0 175.38 
obj 1010 -1482.82 2000.95 48.25 -1 103 3.84 
obj 1010 -1482.83 2001.46 48.25 -1 103 3.84 
obj 1010 -1482.81 2001.84 48.25 -1 103 3.84 
obj 1188 -1477.81 2001.49 48.4 0 0 87.06 
obj 1188 -1477.81 2001.49 47.5 0 0 87.06 
