sell 10825 -2200.78 2401.19 4.86 90 0 0 
changeobj 1506 -2184.76 2414.37 3.75 0 0 -135 1502
changeobj 1506 -2195.78 2405.36 3.99 0 0 -45 1502
changeobj 1506 -2193.62 2403.23 3.99 0 0 135 1502
changeobj 1506 -2200.25 2409.87 7.43 0 0 -45 1502
changeobj 1506 -2198.09 2407.77 7.41 0 0 135 1502
changeobj 1506 -2187.94 2408.94 7.43 0 0 135 1502
obj 1745 -2185.96 2418.23 4.03 0 0 -135 
obj 2131 -2186.92 2413.01 4.09 0 0 -135 
obj 19437 -2186.37 2412.76 4.5 0 -180 135 
obj 19454 -2196.92 2413.29 5.61 0 0 -45 
obj 19454 -2191.2 2412.28 5.61 0 0 45 
obj 19435 -2199.71 2409.37 5.64 0 0 45 
obj 19435 -2198.58 2408.23 5.64 0 0 45 
obj 19435 -2197.44 2407.08 5.64 0 0 45 
obj 19454 -2189.36 2407.37 5.61 0 0 -45 
obj 19435 -2198.47 2409.19 3.85 0 90 -45 
obj 19435 -2193.09 2403.66 5.62 0 0 -45 
obj 19435 -2196.31 2405.95 5.64 0 0 45 
obj 19454 -2192.38 2411.1 7.27 0 90 45 
obj 19454 -2194.58 2408.9 7.27 0 90 45 
obj 19454 -2195.7 2407.81 7.27 0 90 45 
obj 1829 -2186.6 2418.54 4.67 0 0 -45 
obj 19435 -2187.54 2410.35 6.09 0 -45 45.06 
obj 19435 -2186.2 2411.7 4.19 0 -45 45.06 
obj 19454 -2202 2405.79 4.93 30 90 -45 
obj 19435 -2197.51 2407.21 9.09 0 0 45 
obj 19435 -2196.39 2406.06 9.09 0 0 45 
obj 19435 -2194.11 2403.82 9.09 0 0 45 
obj 19435 -2195.23 2404.93 9.09 0 0 45 
obj 19454 -2190.23 2406.5 9.09 0 0 -45 
obj 19454 -2196.92 2413.29 9.09 0 0 -45 
obj 19454 -2192.38 2411.1 10.76 0 90 45 
obj 19454 -2195.7 2407.81 10.76 0 90 45 
obj 19454 -2194.58 2408.9 10.76 0 90 45 
obj 19435 -2194.04 2415 9.09 0 0 45 
obj 19435 -2192.9 2413.93 9.09 0 0 45 
obj 19435 -2191.78 2412.83 9.09 0 0 45 
obj 19435 -2190.66 2411.69 9.09 0 0 45 
obj 19435 -2189.54 2410.6 9.09 0 0 45 
obj 19435 -2191.38 2413.56 9.02 0 90 -45 
obj 19435 -2193.07 2415.19 9.69 0 128 -45 
obj 19425 -2194 2409.49 10.84 0 0 45.36 
obj 19425 -2195.24 2408.27 10.84 0 0 135 
obj 19425 -2192.87 2410.68 10.84 0 0 135 
obj 19425 -2198.69 2409.15 7.37 0 0 135 
obj 19425 -2194.57 2404.6 3.98 0 0 135 
