sell 10825 -2279.35 -398.47 67.82 88 16 -195.9 
changeobj 1506 -2278.93 -389.74 66.96 0 0 0 1502
changeobj 1506 -2279.79 -381.8 67.01 0 0 -90 1502
changeobj 1506 -2283.82 -378.6 67.01 0 0 0 1502
changeobj 1506 -2282.13 -366.22 67.01 0 0 0 1502
changeobj 1506 -2285.38 -361.85 70.47 0 0 0 1502
changeobj 1506 -2285.41 -367.91 70.49 0 0 0 1502
changeobj 1506 -2285.41 -381.26 70.53 0 0 0 1502
obj 19379 -2281.41 -374.18 66.92 0 90 90 
obj 19379 -2281.41 -363.72 66.92 0 90 90 
obj 19454 -2281.41 -389.7 65.25 0 0 90 
obj 19454 -2276.68 -384.99 65.23 0 0 0 
obj 19454 -2276.65 -375.45 65.27 0 0 0 
obj 19454 -2276.64 -366 65.26 0 0 0 
obj 19454 -2276.66 -363.08 65.24 0 0 0 
obj 19454 -2281.39 -358.34 65.25 0 0 90 
obj 19454 -2286.15 -363.1 65.21 0 0 0 
obj 19454 -2286.16 -372.72 65.27 0 0 0 
obj 19454 -2286.13 -382.02 65.23 0 0 0 
obj 19454 -2286.15 -384.14 65.19 0 0 0 
obj 19454 -2281.39 -391.36 66.15 0 116 -90 
obj 19377 -2281.4 -363.8 63.55 0 90 90 
obj 2774 -2278.05 -359.48 50.59 0 0 0 
obj 2774 -2284.75 -359.42 50.49 0 0 0 
obj 19391 -2278.15 -389.75 68.72 0 0 90 
obj 19435 -2276.64 -388.85 68.72 0 0 180.18 
obj 19435 -2276.65 -387.27 68.72 0 0 0 
obj 19435 -2276.66 -385.69 66.64 0 0 0 
obj 19435 -2276.65 -384.14 66.64 0 0 0 
obj 19435 -2276.66 -382.54 66.64 0 0 0 
obj 19435 -2276.65 -380.97 66.64 0 0 0 
obj 19435 -2276.64 -379.39 66.64 0 0 0 
obj 19435 -2276.65 -377.83 66.64 0 0 0 
obj 19435 -2276.64 -376.24 66.64 0 0 0 
obj 19325 -2276.63 -386.36 67.06 0 0 0 
obj 19435 -2276.54 -382.3 68.72 0 0 0 
obj 19325 -2276.63 -378.23 67.23 0 0 0 
obj 19435 -2276.63 -374.69 66.64 0 0 0 
obj 19435 -2276.66 -374.66 68.72 0 0 0 
obj 19454 -2276.66 -369.07 68.72 0 0 0 
obj 19435 -2277.45 -358.35 68.72 0 0 90 
obj 19435 -2279.03 -358.37 68.72 0 0 90 
obj 19435 -2280.63 -358.34 68.72 0 0 90 
obj 19435 -2282.12 -358.38 66.64 0 0 90 
obj 19325 -2280.09 -358.36 67.06 0 0 90 
obj 19435 -2283.67 -358.37 68.72 0 0 90 
obj 19435 -2285.23 -358.34 68.72 0 0 90 
obj 19435 -2285.43 -358.38 68.71 0 0 90 
obj 0 -2281.42 -384.51 66.92 0 90 90 
obj 2375 -2277.22 -389.17 67.01 0 0 90 
obj 2292 -2277.18 -385.81 67.01 0 0 -90 
obj 19391 -2278.23 -384.12 68.72 0 0 90 
obj 19435 -2279.7 -389.03 68.72 0 0 0 
obj 19408 -2279.72 -386.54 68.72 0 0 0 
obj 19435 -2279.74 -384.81 68.72 0 0 0 
obj 2388 -2279.08 -389.06 67.01 0 0 0 
obj 19466 -2279.78 -386.46 68.82 0 0 0 
obj 2251 -2277.23 -384.77 67.85 0 0 0 
obj 2387 -2279.16 -388.27 67.01 0 0 0 
obj 2387 -2279.14 -387.04 67.01 0 0 0 
obj 2277 -2279.12 -384.92 68.45 0 0 90 
obj 2291 -2279.12 -386.26 67.01 0 0 90 
obj 19391 -2279.76 -382.59 68.72 0 0 0 
obj 19435 -2280.49 -381.09 68.72 0 0 90 
obj 19435 -2285.18 -381.11 68.72 0 0 90 
obj 19435 -2285.38 -381.09 68.72 0 0 90 
obj 19408 -2282.8 -381.1 68.72 0 0 90 
obj 19466 -2282.78 -381.07 69.06 0 0 90 
obj 14395 -2279.95 -361.48 68.31 0 0 -90 
obj 19435 -2286.16 -380.38 68.72 0 0 0 
obj 19391 -2283.04 -378.6 68.72 0 0 90 
obj 19435 -2286.17 -378.89 68.61 0 0 0 
obj 19435 -2285.38 -378.59 68.72 0 0 90 
obj 19435 -2280.66 -378.63 68.72 0 0 90 
obj 19408 -2279.91 -375.52 68.72 0 0 0 
obj 19435 -2279.93 -377.9 68.72 0 0 0 
obj 19466 -2279.9 -375.67 68.96 0 0 0 
obj 2274 -2285.45 -379.54 68.2 0 0 90 
obj 2279 -2285.54 -380.28 68.02 0 0 90 
obj 19435 -2279.91 -373.11 68.72 0 0 0 
obj 19435 -2279.94 -371.51 68.72 0 0 0 
obj 19435 -2279.91 -369.91 68.59 0 0 0 
obj 19435 -2280.7 -369.2 68.72 0 0 90 
obj 19435 -2282.22 -369.21 68.72 0 0 90 
obj 19435 -2283.8 -369.2 68.72 0 0 90 
obj 19435 -2285.37 -369.2 68.72 0 0 90 
obj 16151 -2281.1 -373.53 67.34 0 0 0 
obj 19128 -2284.1 -371.29 66.96 0 0 0 
obj 19128 -2284.11 -375.97 66.95 0 0 0 
obj 2099 -2285.65 -373.65 67.01 0 0 0 
obj 2099 -2285.42 -373.6 67.02 0 0 -181.12 
obj 2102 -2285.63 -369.63 67.02 0 0 0 
obj 2102 -2285.57 -377.44 67.01 0 0 -178.78 
obj 2287 -2284.36 -369.76 68.26 0 0 0 
obj 2289 -2280.05 -377.24 68.58 0 0 -90 
obj 630 -2285.52 -378.03 68.07 0 0 27.24 
obj 1302 -2280.29 -374.83 67.01 0 0 -90 
obj 19454 -2286.14 -384.99 68.72 0 0 0 
obj 19325 -2286.19 -373.84 68.41 0 0 0 
obj 19435 -2286.11 -369.89 68.72 0 0 0 
obj 19435 -2286.11 -377.84 68.72 0 0 0 
obj 19425 -2282.78 -381.47 67.01 0 0 0 
obj 632 -2285.91 -381.78 67.43 0 0 -217.08 
obj 19435 -2281.5 -361.7 68.72 0 0 90 
obj 19435 -2280.48 -361.72 68.72 0 0 90 
obj 19435 -2279.75 -362.47 68.72 0 0 0 
obj 19435 -2279.73 -363.89 68.7 0 0 0 
obj 19435 -2279.07 -364.59 68.64 0 0 90 
obj 19435 -2277.5 -364.58 68.7 0 0 90 
obj 19454 -2276.61 -363.03 68.72 0 0 0 
obj 19435 -2283.11 -361.67 68.72 0 0 90 
obj 2299 -2283.27 -365.29 67.01 0 0 0 
obj 2204 -2279.97 -362.24 67 0 0 -90 
obj 2813 -2280.21 -363.47 67.79 0 0 -54.3 
obj 2855 -2280.14 -364.24 68.39 0 0 0 
obj 19435 -2283.84 -362.46 68.72 0 0 0 
obj 19435 -2283.82 -363.93 68.72 0 0 0 
obj 19435 -2279.79 -365.41 68.72 0 0 0 
obj 19435 -2283.83 -365.48 68.72 0 0 0 
obj 19391 -2281.34 -366.21 68.72 0 0 90 
obj 19435 -2283.11 -366.19 68.72 0 0 90 
obj 19435 -2279.79 -366.9 68.72 0 0 0 
obj 2525 -2279.43 -365.19 67.01 0 0 0 
obj 2613 -2278.78 -364.16 67.01 0 0 0 
obj 2519 -2277.23 -366.42 67.01 0 0 90 
obj 2518 -2278.86 -365.21 67.12 0 0 0 
obj 19391 -2278.28 -367.63 68.72 0 0 90 
obj 2484 -2279.54 -372.61 68.38 0 0 90 
obj 2024 -2278.63 -373.05 67.01 0 0 90 
obj 1765 -2279.35 -374.65 67.01 0 0 90 
obj 1765 -2279.33 -371.47 67.01 0 0 90 
obj 1665 -2279.25 -371.81 67.57 0 0 0 
obj 1485 -2279.22 -373.1 67.58 0 0 0 
obj 1510 -2279.09 -373.12 67.58 0 0 0 
obj 2826 -2278.98 -372.45 67.54 0 0 0 
obj 2163 -2279.93 -378.14 68.33 0 0 90 
obj 1744 -2280.36 -381.17 67.75 0 0 179.74 
obj 2828 -2280.66 -380.85 68.11 0 0 -26.28 
obj 2279 -2277.29 -373.07 68.23 0 0 -90 
obj 2278 -2277.27 -370.08 68.19 0 0 -90 
obj 2383 -2279.42 -384.62 67.55 0 0 0 
obj 2384 -2283.41 -365.75 67.01 0 0 0 
obj 2386 -2283.42 -365.19 67.01 0 0 0 
obj 2384 -2282.87 -365.15 67.01 0 0 0 
obj 2386 -2282.82 -365.69 67.01 0 0 0 
obj 1742 -2281.41 -361.66 68.02 0 0 0 
obj 633 -2280.47 -365.33 68 0 0 0 
obj 2256 -2283.71 -364.11 69.1 0 0 90 
obj 2257 -2283.25 -369.07 68.67 0 0 180.46 
obj 19435 -2279.72 -388.47 68.72 0 0 0 
obj 1491 -2279.01 -384.17 66.98 0 0 0 
obj 1523 -2279.07 -367.72 67.01 0 0 0 
obj 19325 -2286.23 -361.64 67 0 0 0 
obj 19454 -2286.2 -365.89 68.71 0 0 0 
obj 19454 -2286.14 -382.19 65.39 0 0 0 
obj 2002 -2279.32 -369.84 67.01 0 0 90 
obj 2002 -2280.5 -378.25 67.01 0 0 -90 
obj 2922 -2279.25 -389.85 68.36 0 0 180.22 
obj 970 -2273.83 -395.1 67.17 0 0 68.82 
obj 970 -2272.5 -391.2 67.05 0 0 73.62 
obj 970 -2271.88 -387.14 67.03 0 0 88.98 
obj 970 -2272.1 -383.04 66.97 0 0 -83.1 
obj 970 -2272.47 -378.98 66.96 0 0 -86.88 
obj 970 -2273.14 -374.92 66.97 0 0 -74.28 
obj 970 -2275.11 -371.42 66.99 0 0 -46.8 
obj 1481 -2273.79 -374.37 67.1 0 0 -19.74 
obj 1481 -2273.24 -376 67.06 0 0 -76.62 
obj 2804 -2273.82 -374.49 67.24 0 0 -87.54 
obj 2804 -2273.25 -376.14 67.2 0 0 0 
obj 2803 -2274.94 -372.81 66.97 0 0 0 
obj 2803 -2275.9 -373.85 67 0 0 0 
obj 1256 -2276.14 -377.02 67.15 0 0 179.7 
obj 3525 -2273.81 -374.25 65.7 0 0 0 
obj 3525 -2273.33 -375.9 65.69 0 0 0 
obj 2804 -2274.4 -375.09 66.47 0 0 0 
obj 2804 -2273.28 -376.03 66.76 0 0 0 
obj 1231 -2271.93 -378.08 69.08 0 0 0 
obj 1231 -2272 -390.74 69.32 0 0 0 
obj 1231 -2280.94 -400.46 69.65 0 0 0 
obj 2743 -2285.46 -368.58 68.33 0 0 163.98 
obj 2281 -2284.81 -358.95 68.16 0 0 0 
obj 19379 -2281.42 -374.58 70.46 0 90 90 
obj 19462 -2284.41 -363.11 70.39 0 90 0 
obj 19462 -2281.42 -367.71 70.43 0 90 90 
obj 19462 -2281.48 -366.55 70.45 0 90 0 
obj 19435 -2282.11 -358.36 70.75 0 0 90 
obj 19435 -2276.53 -385.68 70.82 0 0 0 
obj 19435 -2276.47 -384.13 70.82 0 0 0 
obj 19435 -2276.49 -383.11 70.82 0 0 0 
obj 19435 -2276.51 -380.72 70.84 0 0 0 
obj 19435 -2276.53 -379.19 70.84 0 0 0 
obj 19435 -2276.53 -377.58 70.85 0 0 0 
obj 19435 -2276.54 -376.01 70.83 0 0 0 
obj 19408 -2284.62 -358.37 72.09 0 0 90 
obj 19435 -2282.33 -358.35 72.1 0 0 90 
obj 19408 -2280.04 -358.33 72.1 0 0 90 
obj 19435 -2277.65 -358.33 72.1 0 0 90 
obj 19435 -2277.39 -358.31 72.1 0 0 90 
obj 19325 -2276.66 -361.65 71.74 0 0 0 
obj 19435 -2276.66 -365.75 72.06 0 0 0 
obj 19454 -2286.14 -363.12 72.08 0 0 0 
obj 19462 -2281.4 -366.22 70.38 0 90 90 
obj 3850 -2281.65 -360.18 71 0 0 0 
obj 19435 -2281.97 -361.82 72.1 0 0 90 
obj 19435 -2280.52 -361.8 72.1 0 0 90 
obj 19408 -2279.79 -363.27 72.1 0 0 0 
obj 19435 -2279.79 -365.67 72.1 0 0 0 
obj 19435 -2279.81 -367.15 72.1 0 0 0 
obj 19435 -2280.54 -367.85 72.1 0 0 90 
obj 19435 -2282.28 -367.85 72.1 0 0 90 
obj 19391 -2284.63 -367.84 72.1 0 0 90 
obj 19435 -2281.42 -367.84 72.1 0 0 90 
obj 14446 -2281.73 -363.73 70.85 0 0 0 
obj 19435 -2282.51 -361.81 72.1 0 0 90 
obj 2604 -2284.23 -358.99 71.28 0 0 0 
obj 19462 -2283.4 -363.17 70.42 0 90 0 
obj 19391 -2284.61 -361.82 72.1 0 0 90 
obj 19466 -2279.81 -363.38 72.15 0 0 0 
obj 19462 -2278.4 -384.76 66.94 0 90 0 
obj 19462 -2281.39 -379.26 66.96 0 90 90 
obj 19454 -2281.52 -384.79 66.95 0 90 0 
obj 19462 -2278.34 -384.95 70.42 0 90 0 
obj 19462 -2281.37 -379.44 70.45 0 90 90 
obj 19454 -2281.55 -384.96 70.39 0 90 0 
obj 19454 -2284.46 -384.99 70.41 0 90 0 
obj 19454 -2286.19 -372.58 72.11 0 0 0 
obj 19408 -2286.17 -378.84 72.1 0 0 0 
obj 19435 -2286.16 -380.49 72.1 0 0 0 
obj 19466 -2286.16 -378.82 72.26 0 0 0 
obj 19325 -2276.58 -369.84 71.74 0 0 0 
obj 19435 -2276.54 -373.84 72.1 0 0 0 
obj 19435 -2276.52 -375.3 72.1 0 0 0 
obj 19435 -2276.5 -376.85 72.1 0 0 0 
obj 19435 -2276.54 -378.4 72.1 0 0 0 
obj 19435 -2276.55 -379.97 72.1 0 0 0 
obj 19435 -2276.53 -381.56 72.1 0 0 0 
obj 19435 -2276.51 -383.12 72.1 0 0 0 
obj 19435 -2276.54 -384.64 72.1 0 0 0 
obj 19435 -2276.55 -385.83 72.1 0 0 0 
obj 19408 -2276.56 -388.22 72.1 0 0 0 
obj 19466 -2276.63 -388.1 72.41 0 0 0 
obj 19435 -2277.28 -389.72 72.1 0 0 90 
obj 19435 -2278.87 -389.73 72.1 0 0 90 
obj 19435 -2279.34 -389.74 72.1 0 0 90 
obj 19408 -2280.05 -388.2 72.1 0 0 0 
obj 19466 -2280.08 -388.14 72.4 0 0 0 
obj 19435 -2280.06 -385.8 72.1 0 0 0 
obj 19435 -2280.07 -384.22 72.1 0 0 0 
obj 19435 -2280.1 -382.65 72.1 0 0 0 
obj 19435 -2280.08 -381.96 72.1 0 0 0 
obj 19435 -2280.8 -381.23 72.1 0 0 90 
obj 19435 -2282.34 -381.23 72.1 0 0 90 
obj 19391 -2284.63 -381.22 72.1 0 0 90 
obj 15036 -2278.17 -387.38 71.63 0 0 90 
obj 19391 -2278.13 -381.23 72.1 0 0 90 
obj 19435 -2280.42 -381.24 72.1 0 0 90 
obj 2131 -2279.37 -382.85 70.51 0 0 90 
obj 1778 -2279.7 -383.6 70.51 0 0 -237.96 
obj 19466 -2284.69 -358.32 72.4 0 0 90 
obj 19466 -2279.91 -358.39 72.12 0 0 90 
obj 2011 -2277.15 -382.11 70.51 0 0 0 
obj 2262 -2279.49 -385.29 71.67 0 0 90 
obj 1491 -2277.41 -381.17 70.51 0 0 -179.92 
obj 1742 -2286.19 -364.48 71.51 0 0 90 
obj 1742 -2286.14 -365.92 71.03 0 0 90 
obj 2204 -2280.41 -367.69 70.51 0 0 180.18 
obj 2813 -2281.62 -367.43 71.28 0 0 0 
obj 2855 -2282.49 -367.54 71.9 0 0 0 
obj 1717 -2282.62 -367.21 70.49 0 0 -247.8 
obj 2202 -2282.55 -361.22 70.51 0 0 -180.06 
obj 2201 -2281.82 -358.76 70.47 0 0 0 
obj 1715 -2284.82 -359.57 70.51 0 0 -161.76 
obj 1715 -2283.38 -359.48 70.51 0 0 -178.98 
obj 2281 -2285.55 -360.64 71.97 0 0 90 
obj 2002 -2285.52 -359.87 70.51 0 0 90 
obj 2332 -2285.67 -363.33 70.92 0 0 90 
obj 2332 -2285.67 -364.19 70.89 0 0 90 
obj 19435 -2277.37 -375.67 72.24 0 0 90 
obj 19435 -2278.9 -375.7 72.24 0 0 90 
obj 19435 -2280.44 -375.68 72.24 0 0 90 
obj 19435 -2281.14 -375.69 72.24 0 0 90 
obj 19443 -2278.37 -374.94 72.13 0 0 0 
obj 19466 -2279.53 -374.16 72.27 0 0 90 
obj 2313 -2278.85 -374.59 70.51 0 0 180.06 
obj 19443 -2280.67 -374.92 72.1 0 0 0 
obj 19443 -2279.48 -374.79 71.21 0 90 0 
obj 19443 -2279.35 -374.89 73.19 0 90 0 
obj 2230 -2281.25 -374.49 71.29 0 0 180 
obj 2230 -2278.34 -374.47 71.3 0 0 180 
obj 19466 -2279.57 -374.13 72.27 0 0 90 
obj 19466 -2279.47 -374.15 72.27 0 0 90 
obj 2028 -2278.76 -374.41 73.36 0 0 0 
obj 1809 -2279.53 -374.32 73.28 0 0 -180.18 
obj 2028 -2280.3 -374.43 73.36 0 0 0 
obj 1706 -2280.01 -371.13 70.51 0 0 0 
obj 2311 -2280.2 -372.62 70.51 0 0 0 
obj 2858 -2280.32 -372.83 71.01 0 0 0 
obj 2866 -2278.72 -372.6 71.02 0 0 0 
obj 1485 -2280.27 -372.31 71.01 0 0 -156.24 
obj 1485 -2279.16 -372.3 71.01 0 0 0 
obj 2001 -2277.14 -375.02 70.51 0 0 0 
obj 2001 -2281.61 -375.13 70.51 0 0 0 
obj 19435 -2285.45 -377.81 72.1 0 0 90 
obj 19435 -2283.92 -377.82 72.1 0 0 90 
obj 19435 -2283.21 -377.09 72.13 0 0 0 
obj 19435 -2283.21 -375.54 72.15 0 0 0 
obj 19462 -2281.38 -379.26 70.38 0 90 90 
obj 19435 -2283.22 -374.03 72.13 0 0 0 
obj 19391 -2283.22 -371.64 72.13 0 0 0 
obj 19435 -2283.21 -370.03 72.15 0 0 0 
obj 19435 -2283.97 -369.31 72.13 0 0 90 
obj 2627 -2285.02 -371.01 70.55 0 0 90 
obj 2630 -2285.12 -376.69 70.55 0 0 90 
obj 2628 -2283.75 -376.96 70.55 0 0 180 
obj 2629 -2285.33 -369.99 70.55 0 0 -270.48 
obj 2812 -2277.2 -387.71 71.3 0 0 74.52 
obj 1893 -2283.37 -383.13 70.27 0 0 0 
obj 1893 -2283.52 -387.42 70.29 0 0 0 
obj 2964 -2284.84 -373.95 70.55 0 0 -90 
obj 338 -2284.75 -372.21 70.78 -154 208 53.82 
obj 338 -2285.13 -374.56 71.53 0 87 419.88 
obj 2269 -2285.61 -374.23 72.07 0 0 90 
obj 1491 -2283.16 -372.38 70.55 0 0 90 
obj 2275 -2284.62 -362.4 73.03 0 0 0 
obj 2266 -2277.14 -373.83 72 0 0 -90 
obj 2288 -2281.69 -368.46 71.97 0 0 0 
obj 19435 -2278.73 -378.84 72.1 0 0 90 
obj 2521 -2277.16 -375.99 70.55 0 0 -90 
obj 2517 -2278.11 -378.14 70.55 0 0 -90 
obj 2613 -2276.69 -375.49 70.55 0 0 0 
obj 2518 -2277.13 -376.61 70.97 0 0 -90 
obj 19391 -2279.5 -377.33 72.13 0 0 0 
obj 19435 -2277.35 -378.85 72.1 0 0 90 
obj 1523 -2279.52 -378.08 70.55 0 0 90 
obj 2700 -2279.04 -378.43 72.2 0 0 45.12 
obj 2241 -2278.83 -376.27 71.01 0 0 0 
obj 2244 -2280.19 -365.78 70.77 0 0 0 
obj 2244 -2280.19 -366.25 70.79 0 0 0 
obj 3031 -2285.22 -380.13 75.5 0 0 -117.36 
obj 2816 -2282.13 -373.66 70.55 0 0 0 
obj 2817 -2285.2 -369.08 70.52 0 0 0 
obj 2818 -2279.77 -377.83 70.56 0 0 90 
obj 2818 -2278.74 -368.85 67 0 0 0 
obj 2819 -2282.44 -364.76 70.96 0 0 0 
obj 2817 -2281.81 -367.34 67.01 0 0 0 
obj 2818 -2278.63 -380.93 70.53 0 0 0 
obj 2815 -2278.76 -365.52 70.47 0 0 0 
obj 0 -2281.39 -379.43 70.44 0 90 90 
obj 19435 -2286.14 -359.1 70.76 0 0 0 
obj 19435 -2286.13 -360.63 70.76 0 0 0 
obj 19377 -2281.33 -363.48 73.88 0 90 90 
obj 19377 -2281.36 -374.04 73.88 0 90 90 
obj 1688 -2278.42 -375.42 75.06 0 0 0 
obj 19454 -2281.37 -379.54 73.86 0 90 90 
obj 19454 -2278.3 -384.94 73.85 0 90 0 
obj 19435 -2278.28 -375.4 74.01 0 90 0 
obj 19435 -2281.76 -375.38 74.01 0 90 0 
obj 1688 -2281.97 -375.46 75.11 0 0 0 
obj 19435 -2282.19 -375.39 73.99 0 90 0 
obj 1691 -2278.22 -385.34 74.18 0 0 0 
obj 1690 -2280.95 -359.17 74.48 0 0 90 
obj 1728 -2280.87 -380.63 70.52 0 0 180 
obj 2002 -2277.12 -373.35 70.55 0 0 -90 
obj 2744 -2278.31 -394.75 68.73 0 0 90 
obj 2744 -2280.45 -395.09 68.73 0 0 -90 
obj 2744 -2279.2 -396 68.73 0 0 0 
obj 2744 -2279.56 -393.84 68.73 0 0 -180.18 
obj 1231 -2294.7 -403.36 70.4 0 0 0 
obj 1231 -2300.11 -393.78 70.38 0 0 0 
obj 1231 -2293.05 -369.7 69.78 0 0 0 
obj 1231 -2308.77 -380.7 72.88 0 0 0 
obj 1231 -2324.26 -376.89 72.24 0 0 0 
obj 1231 -2319.99 -391.52 70.71 0 0 0 
obj 1231 -2314.02 -364.49 69.23 0 0 0 
obj 19435 -2285.41 -382.84 73.82 0 90 90 
obj 3850 -2286.16 -388.02 70.98 0 0 0 
obj 19435 -2280.99 -388.89 73.82 0 90 0 
obj 19435 -2284.49 -388.89 73.82 0 90 0 
obj 19435 -2285.43 -386.33 73.82 0 90 90 
obj 3850 -2286.17 -384.56 70.98 0 0 0 
obj 3850 -2286.17 -381.11 70.98 0 0 0 
obj 3850 -2284.42 -389.75 70.98 0 0 90 
obj 3850 -2280.96 -389.75 70.98 0 0 90 
obj 19435 -2285.41 -382.84 73.64 0 90 90 
obj 19435 -2285.43 -386.33 73.64 0 90 90 
obj 19435 -2280.99 -388.89 73.64 0 90 0 
obj 19435 -2284.49 -388.89 73.64 0 90 0 
obj 19435 -2284.49 -388.89 73.46 0 90 0 
obj 19435 -2280.99 -388.89 73.46 0 90 0 
obj 19435 -2285.43 -386.33 73.46 0 90 90 
obj 19435 -2285.41 -382.84 73.46 0 90 90 
obj 19435 -2285.41 -382.84 73.28 0 90 90 
obj 19435 -2285.43 -386.33 73.28 0 90 90 
obj 19435 -2284.49 -388.89 73.28 0 90 0 
obj 19435 -2280.99 -388.89 73.28 0 90 0 
obj 19454 -2284.35 -384.79 66.91 0 90 0 
obj 19435 -2285.97 -388.81 68.72 0 0 0 
obj 19435 -2285.79 -388.8 68.72 0 0 0 
obj 19435 -2285.63 -388.79 68.72 0 0 0 
obj 19435 -2285.89 -387.26 68.72 0 0 19 
obj 1551 -2278.82 -371.85 67.78 0 0 0 
obj 1543 -2278.96 -373.28 67.52 0 0 0 
obj 19435 -2285.42 -369.3 72.13 0 0 90 
obj 1744 -2284.88 -369.26 71.28 0 0 0 
obj 1541 -2284.89 -369.47 71.96 0 0 -180.3 
obj 1951 -2283.76 -369.49 71.8 0 0 0 
obj 1667 -2283.61 -369.64 71.7 0 0 0 
obj 1667 -2284.16 -369.64 71.7 0 0 0 
obj 2823 -2279.83 -372.36 71.03 0 0 -160.08 
obj 2222 -2279.35 -372.65 71.08 0 0 0 
obj 2096 -2277.52 -368.96 70.52 0 0 82.5 
obj 1746 -2281.4 -372.57 70.41 0 0 0 
obj 2816 -2277.31 -383.61 67.03 0 0 0 
obj 2818 -2278.54 -383.03 67.03 0 0 90 
obj 1664 -2281.97 -374.68 68.13 0 0 0 
obj 1551 -2282.18 -372.72 68.17 0 0 0 
obj 1517 -2282 -371.35 68.16 0 0 0 
obj 2225 -2283.53 -369.25 67 0 0 0 
obj 1719 -2277.95 -374.71 70.6 0 0 -181.8 
obj 1719 -2281.05 -374.45 70.6 0 0 178.32 
obj 1661 -2282.8 -364.67 73.38 0 0 0 
obj 1661 -2279.59 -372.12 73.37 0 0 -62.52 
obj 1697 -2282.55 -369.23 75.61 0 0 0 
