sell 10825 -1830.64 2136.79 7.58 90 0 109 
changeobj 1506 -1855.12 2147.71 16.65 0 0 128.16 1502
obj 13749 -1842.9 2143.48 9.99 0 0 91.62 
obj 19377 -1859.59 2145.1 16.7 0 -88 38.56 
obj 19430 -1854.86 2148.84 16.63 2 90 -51.28 
obj 19430 -1855.9 2150.16 18.46 0 0 -52.74 
obj 19430 -1854.86 2148.83 20.11 0 90 -52.36 
obj 19430 -1853.82 2147.53 18.45 0 0 -51.72 
obj 19385 -1855.6 2148.29 18.41 0 0 37.98 
obj 19401 -1857.56 2150.81 18.37 0 0 38.58 
obj 19401 -1853.55 2145.81 18.32 0 0 39 
obj 19419 -1855.54 2148.36 19.4 0 0 -49.5 
obj 19425 -1815.96 2141.11 6.54 0 0 -65.76 
obj 19425 -1813.7 2136.02 6.49 0 0 -62.34 
obj 19425 -1834.05 2150.19 6.3 0 0 23.7 
obj 19425 -1828.87 2152.66 6.3 0 0 27.42 
obj 19425 -1821.51 2123.45 7 0 0 23.64 
obj 19425 -1816.49 2125.81 6.98 0 0 26.4 
obj 19076 -1835.18 2132 6.54 0 0 -73.98 
obj 19076 -1838.27 2141.06 6.66 0 0 -82.62 
obj 19058 -1831.6 2133.12 7.68 0 0 21.24 
obj 19058 -1834.54 2139.45 7.51 0 0 20.94 
obj 2311 -1860.28 2145.84 16.86 0 0 -50.76 
obj 1723 -1859.21 2146.97 16.81 0 0 -51 
obj 1724 -1861.6 2146.67 16.85 0 0 36.96 
obj 1724 -1858.07 2143.89 16.87 0 0 -141.24 
obj 2558 -1852.94 2145.73 17.84 0 0 129.24 
obj 2558 -1856.94 2150.71 17.86 0 0 127.56 
obj 1520 -1860.45 2146.07 17.4 0 0 0 
obj 1520 -1859.6 2145.61 17.4 0 0 0 
obj 1512 -1859.16 2144.4 17.55 0 0 9.72 
obj 1485 -1858.75 2144.68 17.32 0 -26 237 
obj 1510 -1858.93 2144.55 17.38 0 0 0 
obj 1665 -1860.04 2145.71 17.38 0 0 102.78 
obj 1582 -1859.74 2145.07 17.36 0 0 -48.6 
obj 2035 -1859.03 2146.56 17.33 0 2 100 
obj 2034 -1860.19 2146.16 17.38 0 0 -64.08 
obj 2036 -1859.15 2142.99 17.37 0 -50 33 
obj 1550 -1856.86 2149.36 17.13 0 0 -0.18 
obj 1550 -1857.59 2150.27 17.11 0 -16 -141 
obj 1212 -1857.9 2150.53 16.72 0 0 0 
obj 1212 -1858.08 2150.22 16.71 0 0 -19.08 
obj 1212 -1857.23 2149.77 16.7 0 0 52.56 
obj 1550 -1854.03 2145.77 17.11 0 -30 -141 
obj 1212 -1854.65 2146.3 16.71 0 0 0 
obj 1212 -1854.62 2145.6 16.72 0 0 -50.28 
obj 19447 -1856.31 2141.64 18.47 -2 0 -51.3 
obj 19428 -1860.04 2138.66 18.64 -2 0 -51.84 
obj 19447 -1863.59 2141.94 18.66 0 2 39 
obj 19447 -1862.25 2149.06 18.49 -2 0 -52 
obj 19428 -1866.04 2146.08 18.65 -2 0 -50 
obj 1725 -1858.06 2140.88 16.92 0 0 130.02 
obj 2297 -1863.25 2142 16.95 0 0 83.58 
obj 19377 -1859.57 2145.13 20.31 0 -88 38.34 
obj 2002 -1865.93 2145.73 16.95 0 0 128.76 
obj 2226 -1863.66 2142.57 18.64 0 0 129.36 
obj 2613 -1859.89 2148.33 16.78 0 0 0 
obj 2627 -1860.44 2148.92 16.76 0 0 38.4 
obj 2628 -1859.54 2149.83 16.69 0 0 36.24 
obj 1736 -1863.56 2142.68 19.73 0 0 125.64 
obj 1828 -1861.44 2144.08 16.86 0 2 35 
obj 2985 -1854.12 2145.02 20.24 0 0 0 
obj 2985 -1858.39 2150.17 20.25 0 0 91.8 
obj 2985 -1864.27 2145.21 20.52 0 0 166.44 
obj 2985 -1860.53 2139.7 20.53 0 0 -99.9 
obj 2251 -1854.49 2147.77 17.57 0 0 0 
obj 2251 -1855.8 2149.63 17.57 0 0 142.56 
