sell 10825 -231.28 -787.43 3.38 90 0 -25 
changeobj 1506 -936.82 -504.27 25.64 0 0 159 1502
changeobj 1506 -237.04 -753.79 1.4 0 0 157 1502
changeobj 1506 -232.31 -786.1 2.4 0 0 -23 1502
changeobj 1506 -229.54 -787.28 2.4 0 0 -203 1502
changeobj 1506 -230.37 -775.6 1.4 0 0 -23 1502
changeobj 1506 -244.57 -786.38 2.56 0 0 -113 1502
changeobj 1506 -232.47 -785.03 4.88 0 0 -293 1502
changeobj 1506 -245.73 -789.17 2.56 0 0 -293 1502
changeobj 1506 -224.82 -786.6 4.88 0 0 -23 1502
changeobj 1506 -241.14 -767.75 4.94 0 0 -23 1502
obj 19454 -942.86 -500.13 25.53 0 90 69 
obj 1025 -944.8 -501.56 25.44 0 0 -112 
obj 1025 -945.7 -501.22 25.44 0 0 -112 
obj 1025 -943.37 -497.78 25.44 0 0 -291 
obj 19435 -946.36 -500.76 26.23 90 90 -21 
obj 19435 -945.05 -497.35 26.23 90 90 -21 
obj 19435 -941.78 -498.59 26.23 90 90 -21 
obj 19435 -943.09 -501.99 26.23 90 90 -21 
obj 19462 -942.86 -500.13 25.71 0 90 69 
obj 1025 -944.19 -497.46 25.44 0 0 -291 
obj 19408 -947.3 -498.42 27.38 0 0 -21 
obj 19408 -946.49 -500.54 27.38 0 0 -111 
obj 19408 -945.28 -497.4 27.38 0 0 -111 
obj 2299 -944.12 -500.12 25.62 0 0 70 
obj 2141 -943.41 -501.13 25.78 0 0 -202 
obj 2137 -943.51 -498.66 25.79 0 0 -21 
obj 2145 -946.54 -497.28 25.76 0 0 69 
obj 2144 -941.88 -499.06 25.79 0 0 -21 
obj 2145 -947.37 -499.52 25.76 0 0 69 
obj 2225 -935.85 -504.66 25.78 0 0 -200 
obj 2559 -947 -499.05 26.95 0 0 69 
obj 2559 -945.86 -500.25 26.95 0 0 159 
obj 2559 -945.84 -497.73 26.95 0 0 -21 
obj 1742 -943.89 -498.55 25.8 0 0 -112 
obj 19362 -942.29 -498.55 27.38 0 0 -111 
obj 19362 -943.51 -501.7 27.38 0 0 -111 
obj 2518 -943.22 -498.83 25.93 0 0 -21 
obj 19435 -944.99 -497.17 26.23 90 90 -21 
obj 19435 -944.93 -497 26.23 90 90 -21 
obj 19435 -946.43 -500.91 26.23 90 90 -21 
obj 19435 -946.49 -501.08 26.23 90 90 -21 
obj 19435 -941.73 -498.44 26.23 90 90 -21 
obj 19435 -941.74 -498.39 26.23 90 90 -26 
obj 19435 -943.18 -502.14 26.23 90 90 -15 
obj 19408 -940.53 -502.86 27.38 0 0 -111 
obj 19391 -937.54 -504 27.38 0 0 -111 
obj 19408 -939.3 -499.68 27.38 0 0 -111 
obj 19408 -934.81 -501.42 27.38 0 0 -111 
obj 19362 -936.88 -502.42 25.53 0 90 69 
obj 19370 -936.88 -502.42 25.71 0 90 69 
obj 1717 -935.5 -504.09 25.8 0 0 114 
obj 19408 -934.54 -505.15 27.38 0 0 -111 
obj 1727 -933.34 -504.47 25.78 0 0 248 
obj 1726 -937.05 -501.29 25.78 0 0 339 
obj 19435 -938.71 -499.75 26.23 90 90 -25 
obj 19435 -939.88 -503.18 26.23 90 90 -20 
obj 19362 -933.89 -503.56 25.53 0 90 69 
obj 19370 -933.9 -503.56 25.71 0 90 69 
obj 2559 -933.93 -504.87 26.95 0 0 159 
obj 2559 -939.94 -499.97 26.95 0 0 -21 
obj 2559 -935.46 -501.71 26.95 0 0 -21 
obj 19435 -941.69 -499.54 27.38 0 0 -21 
obj 19391 -939.01 -501.33 27.38 0 0 -111 
obj 19435 -937.36 -501.2 27.38 0 0 -21 
obj 19466 -947.3 -498.4 27.44 0 0 -21 
obj 19466 -946.51 -500.54 27.44 0 0 68 
obj 19466 -945.14 -497.5 27.44 0 0 68 
obj 1491 -939.72 -501.08 25.64 0 0 -21 
obj 2526 -939.97 -500.01 25.81 0 0 -201 
obj 19435 -941.25 -500.47 27.38 0 0 -111 
obj 19435 -937.06 -500.55 27.38 0 0 -111 
obj 2514 -937.74 -500.63 25.8 0 0 249 
obj 1727 -934.97 -502.11 25.78 0 0 339 
obj 19408 -932.54 -504.1 27.38 0 0 -21 
obj 19435 -932.56 -502.28 27.38 0 0 -111 
obj 19466 -932.46 -504.06 27.44 0 0 -21 
obj 2311 -933.17 -504.17 25.8 0 0 68 
obj 1828 -934.89 -503.35 25.8 0 0 -19 
obj 19466 -934.92 -501.39 27.44 0 0 69 
obj 2559 -939.9 -502.57 26.95 0 0 159 
obj 19466 -939.3 -499.73 27.44 0 0 69 
obj 19466 -934.53 -505.16 27.44 0 0 69 
obj 19466 -940.68 -502.76 27.44 0 0 69 
obj 19408 -932.37 -504.17 27.38 0 0 -21 
obj 19435 -931.64 -504.42 25.53 0 90 69 
obj 19430 -931.33 -505.41 26.24 90 0 -80 
obj 19430 -930.72 -503.86 26.24 90 0 40 
obj 19435 -931.64 -504.42 26.69 0 90 69 
obj 1215 -929.26 -505.35 25.76 0 90 -24 
obj 1025 -929.65 -505.01 25.42 0 0 -291 
obj 1025 -929.76 -505.27 25.42 0 0 -111 
obj 19435 -947.34 -498.43 26.23 84 90 69 
obj 1024 -946.87 -497.15 26.61 0 0 69 
obj 1024 -947.84 -499.76 26.61 0 0 69 
obj 19435 -947.51 -498.37 26.21 84 90 69 
obj 1013 -946.87 -497.15 26.15 0 0 69 
obj 1013 -947.84 -499.76 26.15 0 0 69 
obj 19454 -942.86 -500.13 29.09 0 90 69 
obj 19435 -931.77 -504.37 28.73 31 90 69 
obj 19362 -936.88 -502.43 29.09 0 90 69 
obj 19362 -933.89 -503.58 29.09 0 90 69 
obj 1215 -947.97 -500.45 26.14 0 0 0 
obj 1215 -946.49 -496.6 26.14 0 0 0 
obj 2026 -946.13 -498.96 29 0 0 0 
obj 19433 -937.79 -504.82 25.44 0 90 -21 
obj 19433 -937.79 -504.82 25.26 0 90 -21 
obj 19433 -937.79 -504.82 25.08 0 90 -21 
obj 19433 -937.95 -505.24 25.28 0 90 -21 
obj 19433 -938.12 -505.65 25.12 0 90 -21 
obj 19433 -938.31 -506.08 24.96 0 90 -21 
obj 19433 -937.79 -504.82 24.92 0 90 -21 
obj 2026 -934.51 -503.56 29 0 0 0 
obj 2026 -939.6 -500.31 29 0 0 0 
obj 19443 -936.52 -506.36 25.64 90 0 -22 
obj 19443 -939.88 -505.13 25.64 90 0 -22 
obj 2221 -932.59 -502.77 26.39 0 0 -21 
obj 2222 -933 -503.99 26.39 0 0 -23 
obj 2420 -933.23 -502.15 25.8 0 0 -22 
obj 19379 -234.7 -779.39 1.45 0 90 67 
obj 19379 -243.56 -775.62 1.45 0 90 67 
obj 19462 -240.86 -769.19 1.45 0 90 67 
obj 19454 -240.24 -767.62 -0.26 0 0 67 
obj 19454 -233.68 -764.22 -0.36 0 0 -23 
obj 19454 -235.98 -758.04 -0.36 0 0 67 
obj 19454 -242.37 -760.6 -0.38 0 0 -23 
obj 19433 -239.77 -766.92 0.26 0 -46 157 
obj 19454 -236.8 -759.64 -1.97 0 90 67 
obj 19454 -238.05 -762.9 -1.97 0 90 67 
obj 19454 -239.5 -766.06 -1.97 0 90 67 
obj 19433 -242.09 -765.94 -2.16 0 -46 157 
obj 19443 -237.06 -768.06 1.45 0 -90 -23 
obj 19362 -237.18 -767.08 -0.21 0 0 67 
obj 19370 -236.9 -755.7 1.45 0 90 67 
obj 19362 -240.13 -765.82 -0.21 0 0 67 
obj 19435 -235.87 -767.64 -0.21 0 0 67 
obj 970 -237.28 -767.06 2.06 0 0 -23 
obj 970 -241.27 -767.13 2.06 0 0 -23 
obj 19443 -243.21 -764.4 1.45 0 90 67 
obj 19443 -241.85 -761.19 1.45 0 90 67 
obj 19443 -240.48 -757.97 1.45 0 90 67 
obj 19443 -239.11 -754.75 1.45 0 90 67 
obj 19362 -244.88 -766.5 -0.38 0 0 -23 
obj 19362 -236.01 -770.12 -0.38 0 0 -23 
obj 1215 -235.22 -767.68 -2.38 0 0 0 
obj 1215 -244.3 -765.67 -2.38 0 0 0 
obj 1215 -240.37 -756.47 -2.38 0 0 0 
obj 1215 -231.98 -760.02 -2.38 0 0 0 
obj 970 -242.36 -764.45 2.06 0 0 -113 
obj 970 -240.72 -760.63 2.06 0 0 -113 
obj 970 -239.83 -758.56 2.06 0 0 -113 
obj 970 -237.12 -757.48 2.06 0 0 -23 
obj 19370 -233.94 -756.95 1.45 0 90 67 
obj 970 -233.73 -758.93 2.06 0 0 -23 
obj 19443 -231.74 -757.9 1.45 0 90 67 
obj 19432 -230.07 -755.87 3.14 0 0 -23 
obj 19325 -233.12 -754.73 3 0 26 67 
obj 19432 -236.23 -753.28 3.14 0 0 -23 
obj 19359 -230.99 -758.06 3.14 0 0 -23 
obj 19325 -232.98 -762.51 2.84 0 0 -23 
obj 19359 -231.16 -757.99 3.14 0 0 -23 
obj 1726 -232.03 -758.91 1.5 0 0 157 
obj 1726 -234.63 -757.8 1.5 0 0 157 
obj 19359 -234.88 -767.01 3.14 0 0 -23 
obj 19359 -236.14 -769.94 3.14 0 0 -23 
obj 19432 -237.07 -772.14 3.14 0 0 -23 
obj 19389 -237.73 -753.52 3.16 0 0 67 
obj 19432 -236.07 -753.34 3.14 0 0 -23 
obj 19370 -237.02 -751.83 1.45 0 90 67 
obj 19432 -235.93 -753.41 3.14 0 0 -23 
obj 970 -235.81 -752.7 2.06 0 0 67 
obj 970 -238.59 -751.51 2.06 0 0 67 
obj 970 -236.9 -750.02 2.06 0 0 -23 
obj 19443 -239.18 -750.77 1.45 0 90 67 
obj 638 -238.61 -750.58 2.22 0 0 -23 
obj 638 -239.27 -750.3 2.22 0 0 -23 
obj 948 -239.42 -752.14 1.51 0 0 -23 
obj 948 -240.03 -751.84 1.51 0 0 -23 
obj 19359 -239.77 -754.31 3.14 0 0 -23 
obj 19325 -241.68 -758.78 2.84 0 0 -23 
obj 19359 -243.49 -763.08 3.14 0 0 -23 
obj 19432 -230.22 -755.81 3.14 0 0 -23 
obj 19389 -238.76 -772.19 3.16 0 0 67 
obj 19405 -241.69 -770.93 3.16 0 0 67 
obj 19359 -244.63 -769.68 3.16 0 0 67 
obj 19466 -241.49 -771.02 3.36 0 0 67 
obj 19359 -244.74 -766.01 3.14 0 0 -23 
obj 19359 -245.98 -768.97 3.14 0 0 -23 
obj 1491 -238.09 -772.5 1.4 0 0 157 
obj 1726 -243.64 -769.37 1.5 0 0 157 
obj 1726 -241.29 -770.39 1.5 0 0 157 
obj 19432 -246.93 -771.15 3.14 0 0 -23 
obj 19325 -249.15 -774.77 3.02 0 25 157 
obj 19432 -247.91 -771.69 3.14 0 0 66 
obj 19432 -250.53 -777.9 3.14 0 0 66 
obj 19432 -250.67 -778.19 3.14 0 0 66 
obj 19432 -250.6 -778.05 3.14 0 0 66 
obj 19389 -240.9 -772.95 3.14 0 0 -23 
obj 19359 -242.14 -775.89 3.14 0 0 -23 
obj 2299 -246.66 -772.71 1.54 0 0 -23 
obj 1742 -241.55 -774.59 1.54 0 0 -113 
obj 2576 -244.19 -770.49 1.46 0 0 -22 
obj 1726 -245.64 -775.24 1.5 0 0 -113 
obj 1727 -246.86 -773.78 1.5 0 0 -24 
obj 1727 -247.45 -777.58 1.5 0 0 -203 
obj 19359 -248.49 -779.16 3.16 0 0 67 
obj 19359 -248.43 -778.98 3.16 0 0 61 
obj 19405 -245.57 -780.4 3.16 0 0 67 
obj 19405 -243.4 -778.84 3.14 0 0 -23 
obj 19432 -243.86 -780.34 3.14 0 0 -23 
obj 19432 -244.15 -780.21 3.14 0 0 -23 
obj 19466 -245.78 -780.29 3.36 0 0 67 
obj 19466 -243.46 -778.91 3.36 0 0 -23 
obj 19359 -242.59 -781.67 3.16 0 0 67 
obj 2311 -247.56 -776.35 1.54 0 0 67 
obj 1999 -244.72 -780.13 1.52 0 0 157 
obj 1663 -245.25 -778.99 1.98 0 0 -22 
obj 1828 -243.69 -773.49 1.54 0 0 -113 
obj 2313 -221.53 -781.95 5.04 0 0 -114 
obj 2229 -242.24 -775.95 1.54 0 0 -114 
obj 2025 -242.83 -776.25 1.54 0 0 -113 
obj 19389 -240.14 -775.11 3.16 0 0 67 
obj 1491 -240.86 -774.81 1.4 0 0 -23 
obj 19359 -237.19 -776.37 3.16 0 0 67 
obj 19405 -236.11 -778.42 3.14 0 0 -23 
obj 19466 -236.15 -778.32 3.36 0 0 -23 
obj 19359 -237.37 -781.38 3.14 0 0 -23 
obj 19359 -239.64 -782.93 3.16 0 0 67 
obj 19432 -238.17 -782.59 3.14 0 0 -23 
obj 19432 -237.9 -782.71 3.14 0 0 -23 
obj 1491 -240.58 -772.23 1.4 0 0 -113 
obj 2381 -236.47 -778.07 2.25 0 0 67 
obj 2394 -237.08 -777.81 2.26 0 0 -112 
obj 2371 -237.07 -778.51 1.53 0 0 -23 
obj 2392 -238.06 -780.03 2.24 0 0 -22 
obj 2371 -238.23 -781.16 1.53 0 0 -23 
obj 2383 -237.33 -776.64 2.33 0 0 -112 
obj 2399 -237.82 -776.43 2.49 0 0 -23 
obj 2386 -242.94 -781.02 2.14 0 0 158 
obj 2387 -239.06 -782.33 1.55 0 0 -23 
obj 2375 -242.18 -781.23 1.41 0 0 -23 
obj 2346 -242.77 -780.99 1.54 0 0 -203 
obj 2386 -243.6 -780.66 1.88 0 0 158 
obj 2386 -242.88 -780.94 1.66 0 0 158 
obj 2384 -243.61 -780.76 2.14 0 0 158 
obj 2384 -243.61 -780.76 1.66 0 0 158 
obj 2384 -242.94 -781.02 1.88 0 0 158 
obj 19377 -235.36 -756.29 4.89 0 90 67 
obj 2390 -238.46 -776.19 2.69 0 0 -22 
obj 2382 -237.86 -781.18 2.24 0 0 -22 
obj 1726 -243.1 -779.62 1.5 0 0 66 
obj 19379 -225.84 -783.15 1.45 0 90 67 
obj 14407 -235.18 -781.23 1.72 0 0 -22 
obj 1215 -249.52 -778.18 2 0 0 0 
obj 2196 -245.02 -779.96 2.33 0 0 94 
obj 19359 -232.86 -780.67 3.14 0 0 -23 
obj 19359 -233.75 -785.44 3.16 0 0 67 
obj 1215 -232.32 -779.07 2 0 0 0 
obj 1215 -235.67 -777.72 2 0 0 0 
obj 14407 -232.19 -789.55 -0.72 0 0 157 
obj 14407 -229.81 -783.89 -0.72 0 0 337 
obj 19354 -233.45 -787.25 0.76 0 0 -23 
obj 19359 -228.09 -787.89 3.16 0 0 67 
obj 19354 -229.75 -788.96 0.76 0 0 -23 
obj 19359 -232.22 -784.41 3.14 0 0 -23 
obj 19405 -228.41 -785.95 3.14 0 0 -23 
obj 19466 -228.42 -786 3.36 0 0 -23 
obj 19325 -226.54 -788.57 2.85 0 0 67 
obj 19432 -222.24 -788.61 3.14 0 0 66 
obj 19432 -223.22 -789.14 3.14 0 0 -23 
obj 19389 -231.91 -781.4 3.14 0 0 11 
obj 19432 -232.2 -779.84 3.14 0 0 -3 
obj 19325 -221.01 -785.5 3.02 0 25 -23 
obj 19432 -219.62 -782.43 3.14 0 0 66 
obj 19432 -219.89 -781.33 3.14 0 0 -23 
obj 1215 -227.84 -783.99 2 0 0 0 
obj 1215 -231.45 -782.74 2 0 0 0 
obj 19389 -227.16 -783.01 3.14 0 0 -23 
obj 1491 -227.44 -783.7 1.4 0 0 67 
obj 19405 -225.92 -780.07 3.14 0 0 -23 
obj 19432 -220.07 -779.95 3.14 0 0 66 
obj 19432 -220.2 -780.22 3.14 0 0 66 
obj 19432 -220.13 -780.09 3.14 0 0 66 
obj 19359 -222.28 -779 3.16 0 0 67 
obj 19432 -224.48 -778.06 3.14 0 0 66 
obj 19432 -225.12 -778.57 3.14 0 0 -23 
obj 19432 -225.4 -778.45 3.14 0 0 -23 
obj 19466 -225.97 -780.15 3.36 0 0 -23 
obj 2299 -225.68 -781.44 1.54 0 0 -23 
obj 1742 -221.76 -779.35 1.56 0 0 -24 
obj 1726 -223.72 -785.36 1.52 0 0 67 
obj 1828 -222.27 -780.87 1.54 0 0 -204 
obj 1999 -227.41 -787.55 1.52 0 0 157 
obj 1663 -228.01 -786.44 1.98 0 0 -25 
obj 19359 -226.69 -777.14 3.16 0 0 67 
obj 19389 -229.65 -775.9 3.16 0 0 67 
obj 19325 -234.01 -773.25 3.02 0 25 67 
obj 19432 -230.92 -774.56 3.14 0 0 -23 
obj 19462 -226.15 -775.52 1.47 0 90 67 
obj 970 -227.96 -772.87 2.1 0 0 -23 
obj 970 -222.96 -775.02 2.1 0 0 -23 
obj 970 -221.87 -777.72 2.1 0 0 -113 
obj 19432 -222.39 -778.99 3.14 0 0 -23 
obj 970 -230.72 -773.92 2.1 0 0 -113 
obj 19432 -231.19 -775.2 3.14 0 0 -23 
obj 19432 -231.08 -774.5 3.14 0 0 -23 
obj 19432 -230.77 -774.62 3.14 0 0 -23 
obj 1432 -222.99 -776.68 1.66 0 0 0 
obj 2221 -222.92 -776.7 2.35 0 0 0 
obj 2531 -225.13 -777.14 1.55 0 0 -202 
obj 2541 -225.13 -777.14 1.55 0 0 -202 
obj 2543 -226.13 -776.74 1.55 0 0 -202 
obj 2533 -226.13 -776.74 1.55 0 0 -202 
obj 1215 -224.8 -774.32 2 0 0 0 
obj 1215 -226.18 -773.74 2 0 0 0 
obj 19432 -238.05 -782.7 3.14 0 0 -23 
obj 19377 -243.56 -775.62 4.85 0 90 67 
obj 19377 -225.84 -783.09 4.85 0 90 67 
obj 19435 -221.48 -787.17 4.85 0 90 67 
obj 19435 -220.11 -783.95 4.85 0 90 67 
obj 19435 -250.03 -776.49 4.85 0 90 67 
obj 19435 -248.68 -773.29 4.85 0 90 67 
obj 19377 -239.46 -765.96 4.89 0 90 67 
obj 19435 -229.65 -777.68 4.85 0 90 67 
obj 19435 -231.02 -780.9 4.85 0 90 67 
obj 19435 -232.39 -784.12 4.85 0 90 67 
obj 19435 -233.36 -783.71 4.85 0 90 67 
obj 19435 -231.96 -780.5 4.85 0 90 67 
obj 19435 -231.1 -777.06 4.85 0 90 67 
obj 19443 -231 -780.91 5.01 0 90 67 
obj 19443 -232.35 -784.13 5.01 0 90 67 
obj 19379 -225.84 -783.09 5.01 0 90 67 
obj 970 -232.67 -780.62 5.57 0 0 67 
obj 19362 -239.04 -781.37 4.85 0 90 67 
obj 19405 -236.28 -778.37 3.14 0 0 -23 
obj 19359 -237.53 -781.31 3.14 0 0 -23 
obj 19362 -237.67 -778.16 4.85 0 90 67 
obj 19362 -236.31 -774.96 4.85 0 90 67 
obj 19362 -234.94 -771.77 4.85 0 90 67 
obj 19370 -247.9 -777.67 5.01 0 90 67 
obj 19362 -233.36 -776.24 4.85 0 90 67 
obj 19435 -231.15 -777.17 4.81 0 90 67 
obj 970 -236.47 -779 5.63 0 0 67 
obj 970 -233.76 -777.92 5.63 0 0 157 
obj 19443 -229.63 -777.7 5.01 0 90 67 
obj 19370 -233.36 -776.24 5.03 0 90 67 
obj 19443 -231.11 -777.07 5.01 0 90 67 
obj 19379 -240.63 -776.96 5.03 0 90 67 
obj 19370 -246.55 -774.46 5.01 0 90 67 
obj 19370 -245.17 -771.26 5.01 0 90 67 
obj 19380 -239.49 -766.07 5.03 0 90 67 
obj 19380 -235.41 -756.4 5.03 0 90 67 
obj 19362 -232.01 -773.01 4.85 0 90 67 
obj 19443 -231.93 -780.53 4.93 0 90 67 
obj 19443 -233.29 -783.74 4.93 0 90 67 
obj 19325 -233.88 -773.39 6.64 0 25 67 
obj 19432 -230.77 -774.62 6.64 0 0 -23 
obj 19359 -236.54 -771.36 6.64 0 0 -23 
obj 3812 -248.75 -778.54 4.24 0 0 60 
obj 19359 -229.48 -775.89 6.64 0 0 67 
obj 19432 -226.2 -776.52 6.64 0 0 -23 
obj 19325 -223.23 -777.84 6.64 0 25 67 
obj 19432 -227.28 -776.84 6.64 0 0 67 
obj 19432 -220.22 -779.03 6.64 0 0 -23 
obj 19432 -220.1 -779.88 6.64 0 0 67 
obj 19359 -220.67 -783.18 6.64 0 0 -23 
obj 19432 -219.74 -780.98 6.64 0 0 -23 
obj 19454 -226.15 -775.52 1.29 0 90 67 
obj 19454 -234.37 -779.67 2.1 -34 90 -22 
obj 19454 -234.62 -779.5 2.02 -34 90 -22 
obj 19454 -234.59 -779.72 2.06 -34 90 -22 
obj 19432 -233.79 -782.88 3.14 0 0 -23 
obj 19377 -248.97 -784.71 2.49 0 90 67 
obj 19425 -239.14 -790.96 1.53 0 0 -22 
obj 2519 -235.99 -779.76 1.52 0 0 247 
obj 2517 -236.13 -782.48 1.49 0 0 69 
obj 19359 -236.7 -784.19 3.16 0 0 67 
obj 2514 -237.46 -783.13 1.52 0 0 67 
obj 19443 -237.07 -783.26 4.87 0 90 -22 
obj 19443 -233.86 -784.57 4.87 0 90 -22 
obj 1491 -232.06 -780.63 1.4 0 0 -79 
obj 2515 -234.04 -782.6 2.4 0 0 -105 
obj 19405 -221.94 -786.13 6.64 0 0 -23 
obj 1635 -219.76 -782.63 6.89 0 0 157 
obj 638 -221.29 -787.55 5.6 0 0 -23 
obj 3804 -220.18 -782.81 5.52 0 0 -23 
obj 19466 -221.89 -786.02 6.58 0 0 -23 
obj 19389 -224.09 -786.87 6.64 0 0 67 
obj 970 -223.28 -789.33 5.62 0 0 67 
obj 19443 -225.38 -789.85 4.99 0 90 -23 
obj 19435 -225.38 -789.85 4.81 0 90 -23 
obj 970 -226.48 -788.05 5.62 0 0 67 
obj 970 -226 -790.41 5.62 0 0 -23 
obj 3810 -228.53 -789.8 5.32 0 0 -163 
obj 970 -228.55 -787.61 5.62 0 0 -23 
obj 970 -232.35 -786 5.62 0 0 -23 
obj 19325 -228.44 -783.96 6.6 0 27 246 
obj 19432 -220.37 -778.96 6.64 0 0 -23 
obj 19432 -220.55 -778.9 6.64 0 0 -23 
obj 19432 -225.9 -786.89 6.64 0 0 -23 
obj 19432 -226.06 -786.81 6.64 0 0 -23 
obj 19432 -225.44 -785.32 6.64 0 0 -23 
obj 19432 -231.25 -782.13 6.64 0 0 -23 
obj 19389 -232.19 -784.35 6.64 0 0 -23 
obj 19443 -220.8 -781.24 6.53 0 0 65 
obj 19443 -221.53 -782.73 8.19 0 90 65 
obj 19443 -222.21 -784.25 6.53 0 0 65 
obj 19443 -221.53 -782.73 7.59 0 90 65 
obj 19466 -222.19 -782.36 6.58 0 0 -25 
obj 19443 -221.53 -782.73 5.59 0 90 65 
obj 2229 -221.43 -781.58 5.05 0 0 -116 
obj 2229 -222.62 -784.1 5.05 0 0 -116 
obj 19443 -221.05 -781.7 6.53 0 0 65 
obj 19443 -222.04 -783.74 6.53 0 0 65 
obj 19466 -222.22 -782.41 6.58 0 0 -25 
obj 19466 -222.13 -782.4 6.58 0 0 -25 
obj 1726 -226.44 -782.15 5.07 0 0 67 
obj 19359 -234.24 -785.31 6.64 0 0 67 
obj 19325 -238.09 -783.62 6.3 0 0 67 
obj 19359 -234.16 -785.16 6.64 0 0 67 
obj 1727 -225.17 -783.52 5.07 0 0 157 
obj 2311 -225.17 -782.3 5.1 0 0 67 
obj 19325 -249.35 -775.16 6.64 0 25 157 
obj 19432 -248.16 -772.11 6.64 0 0 67 
obj 19359 -243.87 -781.2 6.64 0 0 67 
obj 19359 -240.92 -782.45 6.64 0 0 67 
obj 19359 -250.7 -780.07 4.28 0 0 -23 
obj 19405 -251.95 -783 4.28 0 0 -23 
obj 19359 -253.25 -785.94 4.28 0 0 -23 
obj 14407 -249.38 -782.16 1.88 0 0 157 
obj 19466 -251.94 -782.93 4.38 0 0 156 
obj 19359 -247.05 -781.63 3.1 0 0 -23 
obj 19432 -247.97 -783.84 3.08 0 0 -23 
obj 19432 -246.05 -780.24 6.64 0 0 67 
obj 19359 -252.25 -788.01 4.3 0 0 67 
obj 19359 -249.31 -789.24 4.3 0 0 67 
obj 19432 -247.1 -790.18 4.3 0 0 67 
obj 19454 -238.84 -785.26 1.57 11 90 67 
obj 19359 -235.31 -784.99 3.16 0 0 67 
obj 19359 -238.26 -783.74 3.16 0 0 67 
obj 19359 -241.19 -782.51 3.16 0 0 67 
obj 19454 -240.24 -788.46 1.57 11 90 67 
obj 19454 -241.6 -791.66 1.57 11 90 67 
obj 19405 -243.22 -783.31 4.28 0 0 -23 
obj 19466 -243.34 -783.49 4.38 0 0 156 
obj 19432 -244.16 -785.51 4.28 0 0 -23 
obj 19425 -245.37 -787.53 2.59 0 0 67 
obj 19432 -246.04 -789.87 4.28 0 0 -23 
obj 19389 -246.7 -785.13 4.3 0 0 67 
obj 19432 -245.05 -785.75 4.28 0 0 72 
obj 19432 -245.13 -785.93 4.28 0 0 58 
obj 1692 -224.1 -782.77 9.23 0 0 67 
obj 19432 -250.67 -778.32 6.64 0 0 67 
obj 1491 -246 -785.4 2.58 0 0 157 
obj 2299 -245.28 -784.42 2.58 0 0 -23 
obj 1742 -246.95 -781.4 2.57 0 0 67 
obj 2181 -247.27 -783.51 2.58 0 0 67 
obj 1663 -246.78 -783.2 3.02 0 0 -113 
obj 19359 -247.05 -781.63 6.58 0 0 -23 
obj 19432 -247.97 -783.84 6.58 0 0 -23 
obj 19362 -245.76 -786.09 6.59 24 90 67 
obj 19362 -245.77 -782.33 7.43 24 90 67 
obj 19362 -247.11 -785.54 7.43 24 90 67 
obj 19454 -249.86 -783.93 8.25 0 90 -23 
obj 19362 -246.78 -788.54 6.59 24 90 67 
obj 19362 -248.14 -787.95 7.43 24 90 67 
obj 19454 -251.83 -783.07 6.65 0 17 -23 
obj 19325 -251.56 -788.19 4.84 90 0 67 
obj 19466 -245.62 -785.55 5.72 30 0 67 
obj 19466 -246.93 -784.95 6.52 30 0 67 
obj 19466 -247.23 -784.82 6.96 0 0 64 
obj 19466 -247.56 -789.98 5.72 30 0 67 
obj 19466 -249.42 -789.18 6.68 30 0 67 
obj 19435 -253.08 -787.8 6.43 17 0 67 
obj 19359 -252.33 -788.17 4.3 0 0 67 
obj 19359 -252.42 -788.35 4.3 0 0 67 
obj 19362 -248.14 -787.95 7.63 24 90 67 
obj 19362 -247.11 -785.54 7.63 24 90 67 
obj 19362 -245.77 -782.33 7.63 24 90 67 
obj 19435 -246.67 -785.24 7.69 0 66 156 
obj 19435 -246.58 -785.26 7.83 0 66 156 
obj 19435 -246.48 -785.27 7.97 0 66 156 
obj 19432 -250.13 -778.53 6.64 0 0 67 
obj 19432 -250.72 -778.17 6.64 0 0 67 
obj 19359 -246.7 -770.5 6.64 0 0 -23 
obj 19405 -237.47 -769.31 6.64 0 0 67 
obj 19389 -240.43 -768.06 6.64 0 0 67 
obj 19405 -243.35 -766.83 6.64 0 0 67 
obj 19359 -245.44 -767.55 6.64 0 0 -23 
obj 19432 -248.1 -771.94 6.64 0 0 67 
obj 19432 -248.03 -771.8 6.64 0 0 67 
obj 19462 -241.03 -769.63 5.11 0 90 67 
obj 19359 -241.9 -769.25 6.64 0 0 -23 
obj 19359 -241.13 -771.3 6.64 0 0 67 
obj 19405 -240.39 -773.45 6.64 0 0 -23 
obj 19454 -251.99 -783.01 6.65 0 17 -23 
obj 19359 -252.17 -787.85 4.3 0 0 67 
obj 19359 -249.22 -789.11 4.3 0 0 67 
obj 19325 -245.59 -783.99 6.86 0 114 -23 
obj 19362 -245.77 -782.33 7.25 24 90 67 
obj 19362 -246.78 -788.54 6.39 24 90 67 
obj 19362 -245.76 -786.09 6.39 24 90 67 
obj 19466 -240.39 -773.48 6.58 0 0 -23 
obj 2708 -242.1 -771.28 5.08 0 0 -23 
obj 2382 -242.08 -771.44 6.84 0 0 69 
obj 2392 -241.01 -771.94 6.88 0 0 69 
obj 2299 -245.79 -769.68 4.88 0 0 -23 
obj 2181 -242.05 -768.23 5.19 0 0 -113 
obj 1663 -242.87 -768.07 5.62 0 0 0 
obj 1828 -242.42 -772.67 5.12 0 0 155 
obj 19359 -242.43 -774.4 6.64 0 0 67 
obj 19389 -245.34 -773.16 6.64 0 0 67 
obj 19432 -246.66 -772.49 6.64 0 0 61 
obj 19432 -246.75 -772.62 6.64 0 0 72 
obj 1491 -244.63 -773.44 4.89 0 0 157 
obj 1726 -241.77 -774.11 5.12 0 0 156 
obj 1717 -245.73 -772.11 5.08 0 0 111 
obj 19466 -237.38 -769.34 6.6 0 0 67 
obj 19466 -243.31 -766.84 6.6 0 0 67 
obj 19359 -246.05 -778.42 6.64 0 0 -23 
obj 19359 -244 -777.46 6.64 0 0 67 
obj 3804 -220.81 -784.27 5.52 0 0 -23 
obj 19389 -241.78 -780.24 6.64 0 0 -23 
obj 19432 -241.79 -778.41 6.64 0 0 67 
obj 1491 -241.49 -779.5 4.9 0 0 -113 
obj 2519 -245.59 -778.76 5.12 0 0 67 
obj 2514 -246.01 -779.79 5.12 0 0 67 
obj 2517 -243.5 -779.67 5.12 0 0 157 
obj 2515 -243.4 -778.1 6.11 0 0 -22 
obj 19377 -224.61 -780.38 8.43 0 90 67 
obj 2164 -227.78 -776.78 5.1 0 0 -23 
obj 1742 -230.04 -775.64 5.1 0 0 -22 
obj 3812 -245.19 -767.75 7.86 0 0 -23 
obj 3812 -223.86 -778.68 4.41 0 0 -114 
obj 19377 -233.48 -776.62 8.43 0 90 67 
obj 19377 -242.32 -772.85 8.43 0 90 67 
obj 19454 -245.08 -779.29 8.43 0 90 67 
obj 19454 -236.21 -783.07 8.43 0 90 67 
obj 19454 -227.33 -786.84 8.43 0 90 67 
obj 19362 -250.93 -776.81 8.43 0 90 67 
obj 19362 -249.6 -773.63 8.43 0 90 67 
obj 19435 -248.47 -771.3 8.43 0 90 -22 
obj 1692 -228.88 -780.81 9.23 0 0 67 
obj 1692 -233.46 -778.9 9.23 0 0 67 
obj 1692 -238.24 -776.72 9.23 0 0 67 
obj 1692 -243 -774.7 9.23 0 0 67 
obj 16375 -220.35 -777.37 5.15 0 0 -24 
obj 1215 -229.12 -753.54 5.67 0 0 0 
obj 1215 -237.7 -749.93 5.67 0 0 0 
obj 1215 -242.95 -762.38 5.67 0 0 0 
obj 1215 -234.47 -765.92 5.67 0 0 0 
obj 19380 -232.22 -761.21 -3.86 0 0 -23 
obj 19380 -234.67 -754.84 -3.86 0 0 67 
obj 19380 -241 -757.3 -3.86 0 0 -23 
obj 19380 -244.82 -766.15 -3.86 0 0 -23 
obj 19380 -248.61 -775 -3.86 0 0 -23 
obj 19380 -252.99 -782.41 -2.7 0 0 -23 
obj 19380 -232.71 -774.66 -3.86 0 0 67 
obj 19380 -235.94 -770.01 -3.82 0 0 -23 
obj 19380 -223.86 -778.46 -3.86 0 0 67 
obj 19380 -221.42 -784.74 -3.86 0 0 -23 
obj 19372 -222.89 -788.39 -0.32 0 0 -23 
obj 19380 -227.88 -788.02 -3.86 0 0 67 
obj 19380 -237.19 -784.14 -3.86 0 0 67 
obj 1893 -234.44 -779.77 8.3 0 0 66 
obj 1893 -238.71 -771.85 8.3 0 0 66 
obj 1893 -247.87 -777.17 8.3 0 0 -23 
obj 1893 -241.98 -776.49 8.3 0 0 -23 
obj 1893 -246.64 -788.04 6.26 0 0 66 
obj 1893 -251.08 -786.34 8.06 0 0 66 
obj 1893 -239.18 -774.16 4.76 0 0 66 
obj 2100 -240.02 -771.41 1.54 0 0 -203 
obj 1692 -249.3 -774.64 9.23 0 0 -113 
obj 2073 -245.08 -782.79 6.09 0 0 0 
obj 1734 -225.38 -789.51 8.34 0 0 0 
obj 1734 -231.29 -786.97 8.34 0 0 0 
obj 2023 -220.69 -780.4 5.09 0 0 -21 
obj 2023 -242.77 -770.11 5.2 0 0 -25 
obj 2026 -244.83 -770.28 8.34 0 0 0 
obj 2028 -242.51 -769.2 6.07 0 0 -111 
obj 2028 -221.72 -781.99 7.77 0 0 -100 
obj 2103 -222.19 -782.86 7.69 0 0 -112 
obj 2103 -222.84 -778.35 1.56 0 0 -203 
obj 14527 -225.24 -781.44 6.06 0 0 215 
obj 1893 -231.56 -778.01 4.76 0 0 66 
obj 2023 -223.77 -789.05 1.54 0 0 -25 
obj 2265 -225.9 -781.53 3.1 0 0 67 
obj 2026 -223.77 -781.6 4.76 0 0 0 
obj 2026 -225.2 -785.93 4.76 0 0 0 
obj 2100 -226.33 -781.55 1.54 0 0 67 
obj 2103 -220.15 -781.08 1.54 0 0 -113 
obj 2231 -242.39 -776.88 1.54 0 0 69 
obj 2231 -242.09 -776.26 1.54 0 0 69 
obj 2026 -240.18 -778.38 4.76 0 0 0 
obj 2103 -247.28 -775.58 2.04 0 0 65 
obj 2221 -244.93 -780 2.41 0 0 68 
obj 2026 -245.73 -777.39 4.76 0 0 0 
obj 2026 -244.24 -773.58 4.76 0 0 0 
obj 1893 -238.65 -762.61 4.76 0 0 67 
obj 1893 -235.95 -763.34 4.76 0 0 67 
obj 19435 -252.21 -788.17 6.61 1 0 67 
