sell 10825 -453.01 1441.45 20.9 90 0 -90 
changeobj 1506 -460.2 1440.47 21.86 0 0 90 1502
changeobj 1506 -478.8 1442.91 21.9 0 0 180 1502
changeobj 1506 -475.93 1419.19 -6.84 0 0 90 1502
changeobj 1506 -465.54 1423.84 0.74 0 0 180 1502
changeobj 1506 -464.39 1432.15 25.5 0 0 -90 1502
changeobj 1506 -464.39 1428.94 25.5 0 0 -90 1502
changeobj 1506 -464.4 1425.9 25.5 0 0 -90 1502
changeobj 1506 -471.88 1425.92 25.5 0 0 -90 1502
changeobj 1506 -471.41 1423.59 21.87 0 0 0 1502
changeobj 1506 -460.65 1423.47 28.61 0 0 180 1502
changeobj 1506 -481.07 1442.57 21.9 0 0 -90 1502
changeobj 1506 -465.8 1440.4 19.17 0 0 180 1502
obj 11544 -461.56 1441.47 20.86 0 0 90 
obj 19466 -459.28 1441.39 24.66 0 90 0 
obj 19404 -460.22 1428.38 23.63 0 0 0 
obj 19388 -460.22 1441.21 23.63 0 0 0 
obj 19450 -460.22 1434.8 23.63 0 0 0 
obj 19404 -460.22 1425.18 23.63 0 0 0 
obj 19376 -475.88 1447.61 21.79 0 90 0 
obj 19376 -465.39 1447.61 21.8 0 90 0 
obj 19458 -460.21 1447.62 23.63 0 0 0 
obj 19412 -463.48 1452.37 23.63 0 0 90 
obj 19439 -461.09 1452.37 23.63 0 0 90 
obj 19412 -476.31 1452.37 23.63 0 0 90 
obj 19439 -478.71 1452.37 23.63 0 0 90 
obj 19439 -480.31 1452.37 23.63 0 0 90 
obj 19466 -463.55 1452.36 23.63 0 0 90 
obj 19466 -476.3 1452.36 23.63 0 0 90 
obj 19458 -469.89 1452.37 23.63 0 0 90 
obj 19458 -471 1442.9 23.63 0 0 90 
obj 19386 -461.89 1442.92 23.63 0 0 90 
obj 19439 -465.41 1442.9 23.63 0 0 90 
obj 19439 -463.81 1442.9 23.63 0 0 90 
obj 19386 -479.53 1442.9 23.63 0 0 90 
obj 19439 -476.62 1442.9 23.63 0 0 90 
obj 19439 -477.42 1442.88 23.63 0 0 90 
obj 19458 -468.98 1447.64 23.63 0 0 0 
obj 19439 -481.04 1451.63 23.63 0 0 0 
obj 19439 -481.04 1443.67 23.63 0 0 0 
obj 19450 -462.6 1430.93 23.63 0 0 0 
obj 19450 -464.94 1423.61 23.63 0 0 90 
obj 19462 -476.33 1423.63 23.63 0 0 90 
obj 19450 -473.89 1440.36 23.63 0 0 90 
obj 19388 -470.64 1423.6 23.63 0 0 90 
obj 19388 -479.54 1440.35 23.63 0 0 90 
obj 19431 -463.34 1426.18 23.63 0 0 90 
obj 19431 -470.64 1426.18 23.63 0 0 90 
obj 19431 -469.08 1426.18 23.63 0 0 90 
obj 19431 -467.53 1426.17 23.63 0 0 90 
obj 19450 -462.61 1435.63 23.63 0 0 0 
obj 19431 -465.07 1440.36 23.63 0 0 90 
obj 19431 -463.47 1440.36 23.63 0 0 90 
obj 19466 -460.22 1428.19 23.63 0 0 0 
obj 19466 -460.22 1425.36 23.63 0 0 0 
obj 19325 -481.74 1426.93 23.52 0 -24 0 
obj 19325 -481.74 1433.57 23.52 0 -24 0 
obj 8572 -467.32 1422.61 24.08 0 0 0 
obj 19388 -465.5 1426.18 23.63 0 0 90 
obj 10009 -470.18 1418.52 18.56 0 0 90 
obj 10009 -469.79 1418.22 11.07 0 0 13.44 
obj 10009 -469.41 1418.59 3.52 0 0 -62.94 
obj 19439 -470.74 1435.75 23.63 0 0 90 
obj 19439 -469.15 1435.75 23.63 0 0 90 
obj 19439 -467.57 1435.75 23.63 0 0 90 
obj 19439 -466 1435.75 23.63 0 0 90 
obj 19439 -464.4 1435.76 23.63 0 0 90 
obj 19439 -463.41 1435.75 23.63 0 0 90 
obj 19431 -481.05 1439.38 23.63 0 0 0 
obj 19431 -481.05 1437.79 23.63 0 0 0 
obj 19430 -481.77 1436.88 23.63 0 0 90 
obj 19430 -481.77 1423.6 23.63 0 0 90 
obj 19430 -481.77 1425.26 25.33 0 90 90 
obj 19430 -481.77 1428.75 25.33 0 90 90 
obj 19430 -481.77 1432.18 25.33 0 90 90 
obj 19430 -481.77 1435.22 25.33 0 90 90 
obj 19388 -481.05 1441.79 23.63 0 0 0 
obj 19325 -481.79 1447.63 23.52 0 -24 0 
obj 19439 -481.85 1450.89 23.63 0 0 90 
obj 19439 -481.85 1444.35 23.63 0 0 90 
obj 19439 -481.86 1446.01 25.33 0 90 90 
obj 19439 -481.85 1449.22 25.33 0 90 90 
obj 19439 -478.66 1443.72 23.63 0 0 0 
obj 19439 -478.66 1445.32 23.63 0 0 0 
obj 19387 -470.67 1448.24 23.63 0 0 90 
obj 19430 -472.18 1450.47 23.63 0 0 0 
obj 19430 -472.19 1449 23.63 0 0 0 
obj 19430 -472.74 1451.79 23.63 0 0 45 
obj 19387 -467.48 1440.36 23.63 0 0 90 
obj 2563 -473.66 1445.45 21.79 0 0 180 
obj 2131 -469.41 1445.91 21.79 0 0 -90 
obj 2161 -480.11 1452.29 23.52 0 0 0 
obj 2198 -480.49 1451.8 21.79 0 0 0 
obj 1715 -479.9 1450.67 21.85 0 0 180 
obj 2297 -473.59 1451.97 21.79 0 0 -90 
obj 2002 -474.66 1451.85 21.79 0 0 0 
obj 1708 -477.95 1444.93 21.79 0 0 90 
obj 1738 -472.39 1452.14 24.32 0 0 0 
obj 2613 -471.87 1452.92 21.83 0 0 0 
obj 2613 -475.99 1444.71 21.79 0 0 0 
obj 2613 -478.94 1452.49 21.79 0 0 0 
obj 2514 -471.5 1451.76 21.87 0 0 0 
obj 2519 -469.55 1450.56 21.83 0 0 90 
obj 2518 -471.62 1449.7 21.82 0 0 90 
obj 948 -470.54 1452.05 21.79 0 0 0 
obj 2244 -473.01 1443.39 22.15 0 0 0 
obj 949 -478.46 1451.83 22.5 0 0 0 
obj 2608 -478.93 1445.2 22.47 0 0 -90 
obj 1523 -469.92 1448.26 21.86 0 0 180 
obj 2011 -469.52 1448.9 21.79 0 0 0 
obj 2564 -462.79 1452.04 21.79 0 0 -90 
obj 948 -464.2 1451.96 21.79 0 0 0 
obj 19439 -461 1444.74 23.63 0 0 90 
obj 19439 -462.59 1444.74 23.63 0 0 90 
obj 19439 -464.19 1444.74 23.63 0 0 90 
obj 2131 -460.8 1445.33 21.79 0 0 180 
obj 2131 -463.47 1445.33 21.79 0 0 180 
obj 2011 -462.6 1445.14 21.79 0 0 -47 
obj 16151 -463.76 1430.98 22.21 0 0 0 
obj 16152 -470.47 1429.77 21.87 0 0 0 
obj 1487 -464.66 1430.37 23.01 0 0 0 
obj 1487 -464.59 1432.34 23.01 0 0 0 
obj 1641 -467.3 1435.66 24.02 90 0 0 
obj 1641 -468.55 1435.66 24.02 90 0 0 
obj 1641 -466.03 1435.66 24.02 90 0 0 
obj 2404 -467.92 1426.34 23.19 0 0 180 
obj 2405 -468.66 1426.37 23.19 0 0 180 
obj 19319 -462.76 1429.49 24.05 0 0 -90 
obj 19387 -465.88 1450.76 23.63 0 0 0 
obj 19430 -466.6 1449.25 23.63 0 0 90 
obj 19430 -468.08 1449.25 23.63 0 0 90 
obj 1523 -465.9 1451.55 21.86 0 0 -90 
obj 2011 -466.3 1451.95 21.79 0 0 -48 
obj 1738 -470.05 1440.19 24.32 0 0 0 
obj 2518 -468.35 1451.01 21.82 0 0 90 
obj 2514 -467.45 1451.83 21.87 0 0 0 
obj 2613 -468.31 1452.96 21.83 0 0 0 
obj 2517 -468.27 1450.79 21.84 0 0 180 
obj 1778 -466.6 1449.94 21.87 0 0 0 
obj 2613 -461.25 1452.78 21.83 0 0 0 
obj 2613 -467.86 1449.76 21.83 0 0 0 
obj 19439 -465.79 1444.74 23.63 0 0 90 
obj 2198 -468.39 1447.71 21.79 0 0 90 
obj 2608 -468.65 1443.96 22.47 0 0 90 
obj 1715 -467.24 1448.22 21.85 0 0 -90 
obj 1491 -461.15 1442.92 21.88 0 0 180 
obj 1491 -464.77 1426.19 21.88 0 0 180 
obj 1641 -471.4 1424.86 24.02 90 0 90 
obj 2514 -463.17 1438.06 21.87 0 0 -90 
obj 2514 -463.17 1436.95 21.87 0 0 -90 
obj 2514 -463.17 1439.2 21.87 0 0 -90 
obj 19430 -468.34 1439.65 23.63 0 0 0 
obj 19430 -466.64 1439.65 23.63 0 0 0 
obj 19387 -466.64 1437.42 23.63 0 0 0 
obj 19387 -468.34 1437.42 23.63 0 0 0 
obj 1523 -466.72 1440.42 21.86 0 0 180 
obj 1523 -466.62 1436.67 21.86 0 0 90 
obj 1523 -468.31 1436.66 21.86 0 0 90 
obj 1736 -467.5 1436.12 24.23 0 0 180 
obj 2519 -470.13 1437.11 21.87 0 0 90 
obj 2518 -465.01 1439.77 21.82 0 0 0 
obj 2518 -465.77 1439.77 21.82 0 0 0 
obj 2518 -464.23 1439.77 21.82 0 0 0 
obj 1738 -467.08 1449.49 24.32 0 0 0 
obj 1738 -464.85 1435.85 24.32 0 0 0 
obj 1640 -469.13 1435.85 23.64 90 0 180 
obj 1641 -470.62 1435.85 23.64 90 0 180 
obj 1643 -471.4 1436.84 23.64 90 0 90 
obj 1642 -471.4 1438.64 23.64 90 0 90 
obj 2011 -471.09 1436.26 21.79 0 0 -48 
obj 2011 -468.88 1436.15 21.79 0 0 -48 
obj 2011 -468.01 1436.02 21.79 0 0 -48 
obj 2011 -467 1436.02 21.79 0 0 -48 
obj 2011 -466.22 1436.23 21.79 0 0 -48 
obj 2011 -466.18 1439.84 21.79 0 0 -48 
obj 2011 -463.04 1439.87 21.79 0 0 -48 
obj 2011 -469.26 1426.64 21.79 0 0 -48 
obj 2011 -465.75 1445.25 21.79 0 0 0 
obj 19128 -467.24 1428.76 21.83 0 0 0 
obj 19128 -467.26 1433.21 21.83 0 0 0 
obj 2296 -471.87 1431.55 21.87 0 0 -90 
obj 2002 -472.12 1427.65 21.88 0 0 -90 
obj 2230 -471.53 1428.39 21.88 0 0 -90 
obj 2230 -471.55 1432.09 21.88 0 0 -90 
obj 19462 -471.5 1435.62 23.63 0 0 0 
obj 19462 -471.51 1428.45 23.63 0 0 0 
obj 19452 -479.37 1441.28 21.78 0 90 0 
obj 0 -472.91 1442.03 21.79 0 90 90 
obj 19452 -465.08 1442.04 21.79 0 90 90 
obj 970 -473.67 1436.46 22.42 0 0 0 
obj 1723 -479.01 1430.97 21.89 0 0 90 
obj 19376 -475.84 1431.68 21.79 0 90 0 
obj 19376 -475.87 1428.33 21.8 0 90 0 
obj 19376 -465.42 1428.33 21.8 0 90 0 
obj 19376 -465.38 1437 21.77 0 90 0 
obj 19452 -469.84 1439.02 21.78 0 90 0 
obj 1723 -479.01 1428.05 21.89 0 0 90 
obj 1724 -478.89 1433.81 21.89 0 0 45 
obj 1724 -478.12 1426.51 21.89 0 0 135 
obj 1724 -477.84 1434.68 21.89 0 0 0 
obj 1724 -476.77 1426.41 21.89 0 0 180 
obj 1826 -477.39 1431.08 21.82 0 0 90 
obj 1826 -477.39 1428.72 21.82 0 0 90 
obj 2613 -477.09 1432.49 21.79 0 0 0 
obj 2613 -477.06 1430.11 21.79 0 0 0 
obj 19433 -476.71 1437.96 21.8 0 90 0 
obj 2253 -477.32 1428.58 22.92 0 0 0 
obj 2253 -477.54 1431.52 22.92 0 0 0 
obj 2254 -471.61 1438.26 24.08 0 0 -90 
obj 19433 -476.71 1439.57 21.8 0 90 0 
obj 2254 -466.39 1442.77 24.08 0 0 0 
obj 2254 -473.95 1442.77 24.08 0 0 0 
obj 2254 -466.35 1423.71 24.08 0 0 180 
obj 2254 -460.33 1431.99 24.08 0 0 -90 
obj 2254 -460.33 1436.88 24.08 0 0 -90 
obj 2251 -480.71 1439.97 22.73 0 0 0 
obj 2251 -477.71 1443.19 22.73 0 0 0 
obj 2251 -469.44 1447.13 22.73 0 0 0 
obj 14416 -473.12 1438.38 18.68 0 0 90 
obj 19452 -472.12 1440.36 19.46 0 0 90 
obj 19452 -472.12 1440.35 20.15 0 0 90 
obj 19458 -465.58 1435.58 19.46 0 0 0 
obj 19458 -465.59 1435.59 20.02 0 0 0 
obj 19439 -469.86 1436.38 19.52 0 0 90 
obj 19439 -471.37 1436.37 19.52 0 0 90 
obj 19439 -472.97 1436.38 19.52 0 0 90 
obj 19439 -474.57 1436.39 19.52 0 0 90 
obj 19439 -469.98 1436.39 19.98 0 0 90 
obj 19439 -471.37 1436.38 20.04 0 0 90 
obj 19439 -472.97 1436.39 19.96 0 0 90 
obj 19439 -474.58 1436.38 19.97 0 0 90 
obj 19325 -470.59 1430.8 19.81 0 0 90 
obj 19325 -477.23 1430.8 19.81 0 0 90 
obj 19439 -466.47 1430.86 19.46 0 0 90 
obj 19439 -466.47 1430.87 19.95 0 0 90 
obj 19325 -477.23 1440.29 19.79 0 0 90 
obj 19325 -467.54 1437.09 17.74 0 90 0 
obj 19325 -467.56 1434.1 17.75 0 90 0 
obj 19325 -471.67 1434.1 17.74 0 90 0 
obj 19325 -475.77 1434.1 17.75 0 90 0 
obj 19325 -478.49 1434.1 17.74 0 90 0 
obj 19325 -477.23 1438.23 17.73 0 90 90 
obj 19439 -471.02 1439.5 17.79 0 90 0 
obj 19439 -471.02 1438.16 17.76 0 90 0 
obj 19439 -471.03 1437.15 17.79 0 90 0 
obj 19439 -473.63 1437.15 17.78 0 90 0 
obj 19439 -473.63 1438.16 17.77 0 90 0 
obj 19439 -473.63 1439.5 17.78 0 90 0 
obj 19386 -475.29 1438.67 19.52 0 0 0 
obj 19439 -475.3 1437.12 19.52 0 0 0 
obj 19439 -476.98 1439.48 20.06 0 0 0 
obj 1523 -475.33 1439.44 17.75 0 0 -90 
obj 19325 -480.53 1436.97 19.81 0 0 0 
obj 19325 -480.54 1434.11 19.81 0 0 0 
obj 19439 -470.95 1439.59 18.76 0 125 0 
obj 19439 -470.95 1438 18.74 0 125 0 
obj 19439 -470.95 1437.18 18.76 0 125 0 
obj 19439 -473.63 1438.21 20.6 0 125 0 
obj 19439 -473.63 1439.59 20.62 0 125 0 
obj 19439 -473.63 1437.23 20.62 0 125 0 
obj 1215 -467.43 1430.91 18.32 0 0 0 
obj 2525 -473.62 1439.72 17.87 0 0 0 
obj 2613 -472.48 1440.78 17.85 0 0 0 
obj 2518 -473.64 1436.97 17.96 0 0 180 
obj 1828 -474.37 1431.96 21.88 0 0 0 
obj 1828 -474.32 1429.18 21.88 0 0 0 
obj 2718 -474.49 1436.59 20.42 0 0 180 
obj 2224 -471.72 1437.85 17.84 0 0 180 
obj 2224 -478.72 1431.42 17.76 0 0 90 
obj 19439 -477 1439.48 19.49 0 0 0 
obj 19439 -477.01 1437.91 19.49 0 0 0 
obj 1827 -475.86 1433.19 17.74 0 0 0 
obj 1723 -473.86 1433.98 17.74 0 0 -90 
obj 1724 -474.99 1431.4 17.74 0 0 180 
obj 2198 -480.01 1439.76 17.75 0 0 0 
obj 1715 -479.38 1438.82 17.73 0 0 180 
obj 3383 -470.33 1431.68 17.75 0 0 0 
obj 3383 -466.59 1433.26 17.75 0 0 90 
obj 1650 -466.72 1431.59 19.11 0 0 0 
obj 1654 -466.77 1432.45 18.96 0 0 -90 
obj 1672 -466.65 1433.31 18.9 0 0 0 
obj 2034 -466.59 1434.07 18.82 0 0 0 
obj 2035 -466.51 1434.71 18.82 0 0 0 
obj 2036 -469.1 1431.71 18.83 0 0 -90 
obj 2037 -468.65 1431.24 18.87 0 0 180 
obj 2035 -470.13 1431.24 18.82 0 0 0 
obj 2035 -471.61 1431.2 18.82 0 0 0 
obj 2035 -471.52 1431.98 18.82 0 0 0 
obj 2035 -470.1 1431.96 18.82 0 0 0 
obj 2254 -465.7 1438.11 20.03 0 0 -90 
obj 1491 -480.32 1440.34 21.88 0 0 0 
obj 19376 -465.37 1438.02 25.4 0 90 0 
obj 19376 -465.38 1428.39 25.4 0 90 0 
obj 19376 -475.87 1438.02 25.4 0 90 0 
obj 19376 -475.87 1428.39 25.4 0 90 0 
obj 1646 -479.06 1433.5 18.02 0 0 -90 
obj 1646 -479.05 1435 18.02 0 0 -90 
obj 19376 -469 1418 0.7 0 90 0 
obj 19379 -475.94 1425.51 -4.49 0 0 0 
obj 19376 -470.62 1427.63 0.7 0 90 0 
obj 19379 -478.01 1419.15 -4.48 0 0 90 
obj 19379 -475.95 1427.63 -4.48 0 0 0 
obj 19433 -475.04 1421.42 -0.3 0 55 90 
obj 19379 -474.17 1423.91 -4.48 0 0 0 
obj 19433 -475.04 1420.91 -1.31 0 90 90 
obj 19433 -476.61 1420.88 -1.31 0 90 90 
obj 19379 -482.74 1423.95 -4.49 0 0 0 
obj 19379 -482.74 1427.6 -4.48 0 0 0 
obj 19379 -478.01 1432.35 -4.48 0 0 90 
obj 19379 -478.39 1423.67 -7.91 0 90 0 
obj 19379 -478.22 1428.41 -7.91 0 90 0 
obj 2200 -470.91 1443.09 21.89 0 0 180 
obj 19325 -479.34 1430.5 -4.33 0 90 90 
obj 19325 -479.34 1426.38 -4.33 0 90 90 
obj 19325 -479.34 1422.26 -4.33 0 90 90 
obj 1609 -478.99 1424.9 -6.72 0 25 -389.04 
obj 1609 -480.65 1422.09 -6.71 10 -11 -162 
obj 1609 -477.61 1427.09 -5.59 18 0 -194 
obj 1609 -480.74 1430.64 -6.23 29 -34 -222 
obj 1603 -479.03 1430.41 -4.81 0 0 0 
obj 1603 -479.69 1430.46 -5.21 0 0 0 
obj 1601 -481.37 1425.97 -6.92 0 0 0 
obj 1605 -477.83 1428.71 -6.92 163 -164 0 
obj 19433 -475.04 1420.79 -3.12 0 0 90 
obj 19433 -475.04 1420.79 -6.6 0 0 90 
obj 19433 -475.92 1420.03 -8.58 0 0 0 
obj 1646 -474.5 1431 1.04 0 0 -90 
obj 1646 -474.5 1428.99 1.04 0 0 -90 
obj 1646 -474.5 1426.69 1.04 0 0 -90 
obj 19321 -466.3 1420.32 2.25 0 0 180 
obj 1745 -465.25 1420.23 0.9 0 0 180 
obj 2198 -467.33 1417.21 0.78 0 0 90 
obj 1728 -467.36 1420.96 0.78 0 0 90 
obj 2311 -466.12 1421.03 0.82 0 0 90 
obj 19387 -466.27 1423.83 2.51 0 0 90 
obj 970 -480.72 1432.34 1.28 0 0 0 
obj 970 -476.56 1432.34 1.28 0 0 0 
obj 970 -472.41 1432.34 1.28 0 0 0 
obj 970 -468.25 1432.34 1.28 0 0 0 
obj 970 -482.76 1430.1 1.28 0 0 90 
obj 970 -482.76 1425.69 1.28 0 0 90 
obj 970 -474.21 1417.05 1.28 0 0 90 
obj 970 -474.21 1415.63 1.28 0 0 90 
obj 1215 -482.77 1432.31 1.34 0 0 0 
obj 1215 -482.77 1427.89 1.34 0 0 0 
obj 1215 -482.77 1423.47 1.34 0 0 0 
obj 970 -482.76 1421.31 1.28 0 0 90 
obj 1215 -482.77 1419.15 1.34 0 0 0 
obj 970 -480.56 1419.13 1.28 0 0 0 
obj 970 -476.4 1419.12 1.28 0 0 0 
obj 17068 -471.91 1412.67 0.58 0 0 -90 
obj 970 -466.13 1411.8 1.28 0 0 0 
obj 3498 -463.04 1451.56 17.21 0 0 0 
obj 3498 -461.54 1446.03 17.21 0 0 0 
obj 3498 -465.56 1440.28 17.21 0 0 0 
obj 3498 -465.61 1430.87 17.21 0 0 0 
obj 3498 -461 1428.64 17.21 0 0 0 
obj 3498 -460.44 1438.41 17.21 0 0 0 
obj 3498 -469.45 1429.07 17.21 0 0 0 
obj 3498 -469.45 1429.07 8.23 0 0 0 
obj 3498 -469.45 1429.07 -0.7 0 0 0 
obj 3498 -465.61 1430.87 8.56 0 0 0 
obj 3498 -465.61 1430.87 -0.4 0 0 0 
obj 3498 -465.56 1440.28 8.22 0 0 0 
obj 3498 -469.45 1429.07 -9.21 0 0 0 
obj 3498 -469.3 1436.41 17.21 0 0 0 
obj 3498 -469.3 1436.41 8.26 0 0 0 
obj 3498 -469.3 1436.41 -0.64 0 0 0 
obj 3498 -469.3 1436.41 -8.86 0 0 0 
obj 19439 -477 1437.9 20.03 0 0 0 
obj 3498 -464.63 1424.05 -0.05 0 0 0 
obj 3498 -464.63 1424.05 8.54 0 0 0 
obj 3498 -464.63 1424.05 17.23 0 0 0 
obj 1348 -467.4 1419.6 1.47 0 0 90 
obj 18749 -460.13 1441.22 24.5 0 0 90 
obj 18875 -460.14 1442.21 23.46 90 0 90 
obj 18885 -470.14 1435.91 18.85 0 0 0 
obj 19076 -469.41 1418.06 0.79 0 0 0 
obj 19321 -460.88 1425.1 26.96 0 0 -90 
obj 19433 -465.36 1423.53 21.77 0 90 90 
obj 3498 -458.06 1428.19 20.99 0 0 0 
obj 19387 -464.39 1425.13 27.22 0 0 0 
obj 970 -468.63 1423.54 26.04 0 0 0 
obj 19321 -460.88 1428.22 26.96 0 0 -90 
obj 19387 -464.39 1428.17 27.22 0 0 0 
obj 2627 -458.43 1427.22 25.5 0 0 -90 
obj 2628 -458.33 1428.84 25.52 0 0 -90 
obj 2630 -460.48 1429.27 25.52 0 0 90 
obj 2631 -462.02 1427.7 25.52 0 0 0 
obj 2002 -463.77 1429.35 25.5 0 0 90 
obj 1708 -463.01 1429.21 25.53 0 0 0 
obj 2254 -460.27 1426.69 27.2 0 0 180 
obj 8572 -463.03 1422.61 27.19 0 0 0 
obj 19386 -461.39 1423.46 30.29 0 0 90 
obj 1978 -460.92 1431.08 26.53 0 0 -90 
obj 1895 -460.91 1429.96 27.33 0 0 180 
obj 14741 -472.46 1424.2 25.48 0 0 180 
obj 19439 -472.65 1423.61 27.13 0 0 90 
obj 19412 -475 1423.61 27.13 0 0 90 
obj 19412 -479.51 1423.61 27.13 0 0 90 
obj 19439 -477.18 1423.61 27.13 0 0 90 
obj 19439 -481.03 1424.31 27.13 0 0 0 
obj 19439 -481.03 1425.9 27.13 0 0 0 
obj 19412 -481.03 1428.19 27.13 0 0 0 
obj 19439 -480.31 1429.87 27.13 0 0 90 
obj 19412 -477.92 1429.87 27.13 0 0 90 
obj 19439 -475.51 1429.87 27.13 0 0 90 
obj 19439 -473.9 1429.87 27.13 0 0 90 
obj 19439 -472.75 1429.87 27.13 0 0 90 
obj 19439 -471.88 1429.1 27.13 0 0 0 
obj 19439 -471.88 1427.51 27.13 0 0 0 
obj 19386 -471.88 1425.13 27.13 0 0 0 
obj 1516 -476.01 1427.04 25.65 0 0 0 
obj 1516 -474.9 1427.04 25.65 0 0 0 
obj 1516 -473.8 1427.04 25.65 0 0 0 
obj 2120 -472.95 1427.02 25.95 0 0 0 
obj 2120 -476.84 1427.05 25.95 0 0 180 
obj 2120 -475.97 1427.95 25.95 0 0 90 
obj 2120 -474.89 1427.95 25.95 0 0 90 
obj 2120 -473.81 1427.95 25.95 0 0 90 
obj 2120 -473.78 1426.09 25.95 0 0 -90 
obj 2120 -474.9 1426.09 25.95 0 0 -90 
obj 2120 -476.02 1426.09 25.95 0 0 -90 
obj 19466 -481.02 1428.03 27.28 0 0 0 
obj 19466 -477.77 1429.91 27.28 0 0 90 
obj 19466 -479.45 1423.65 27.28 0 0 90 
obj 19466 -475.08 1423.57 27.28 0 0 90 
obj 970 -481.1 1432.02 26.04 0 0 90 
obj 970 -481.1 1436.17 26.04 0 0 90 
obj 970 -481.1 1440.31 26.04 0 0 90 
obj 970 -481.1 1444.47 26.04 0 0 90 
obj 970 -481.1 1448.62 26.04 0 0 90 
obj 970 -481.08 1450.35 26.04 0 0 90 
obj 970 -479.05 1452.41 26.04 0 0 0 
obj 970 -474.87 1452.41 26.04 0 0 0 
obj 970 -470.7 1452.41 26.04 0 0 0 
obj 970 -466.53 1452.41 26.04 0 0 0 
obj 970 -462.37 1452.41 26.04 0 0 0 
obj 970 -460.25 1450.31 26.04 0 0 90 
obj 970 -460.25 1446.16 26.04 0 0 90 
obj 970 -460.25 1442.03 26.04 0 0 90 
obj 970 -460.25 1437.86 26.04 0 0 90 
obj 970 -460.26 1435.08 26.04 0 0 90 
obj 19376 -475.88 1447.65 25.4 0 90 0 
obj 19376 -465.37 1447.65 25.4 0 90 0 
obj 1897 -480.63 1432.99 27.71 0 0 0 
obj 1897 -480.61 1432.99 26.57 0 180 0 
obj 1897 -471.46 1433.01 27.69 0 0 0 
obj 1897 -471.44 1433.01 26.51 0 180 0 
obj 1692 -476.46 1428.25 29.64 0 0 0 
obj 1215 -471.67 1448.41 26.02 0 0 0 
obj 1215 -471.55 1438.91 26.02 0 0 0 
obj 1215 -463.34 1448.33 26.02 0 0 0 
obj 1215 -463.44 1438.9 26.02 0 0 0 
obj 19381 -467.33 1443.65 26.38 0 90 90 
obj 1215 -463.44 1438.9 27.06 0 0 0 
obj 1215 -463.34 1448.33 27.06 0 0 0 
obj 1215 -471.67 1448.41 27.06 0 0 0 
obj 1215 -471.55 1438.91 27.06 0 0 0 
obj 19425 -467.35 1443.73 26.46 0 0 0 
obj 19425 -469.14 1443.7 26.46 0 0 90 
obj 19425 -465.48 1443.75 26.46 0 0 90 
obj 1281 -476.44 1446.98 26.28 0 0 0 
obj 1281 -476.33 1440.74 26.28 0 0 0 
obj 1646 -478.84 1449.59 25.74 0 0 -90 
obj 1646 -478.78 1444.67 25.74 0 0 -90 
obj 1646 -478.77 1443.41 25.74 0 0 -90 
obj 1646 -478.96 1438.18 25.74 0 0 -90 
obj 19378 -475.87 1428.35 28.9 0 90 0 
obj 1215 -482.86 1411.83 1.34 0 0 0 
obj 1215 -475.56 1411.79 1.34 0 0 0 
obj 1215 -469.42 1411.76 1.34 0 0 0 
obj 1215 -479.28 1411.75 1.34 0 0 0 
obj 1215 -472.3 1411.87 1.34 0 0 0 
obj 19433 -461.08 1423.28 25.41 0 90 90 
obj 19321 -460.86 1431.44 26.96 0 0 -90 
obj 19387 -464.39 1431.37 27.22 0 0 0 
obj 1708 -463.01 1429.21 25.53 0 0 0 
obj 19433 -476.71 1437.29 21.79 0 90 0 
obj 2332 -478.16 1443.9 22.33 0 0 90 
obj 646 -469.94 1443.61 23.11 0 0 43.92 
obj 19450 -476.33 1423.61 23.63 0 0 90 
obj 19452 -475.21 1442.16 21.77 0 90 90 
obj 2321 -475.57 1450.2 21.86 0 0 180 
obj 1728 -477.59 1451.62 21.87 0 0 0 
obj 1729 -478.47 1448.98 21.87 0 0 124.5 
obj 2099 -472.32 1449.17 21.87 0 0 -90 
obj 1594 -473.93 1431.9 25.99 0 0 50.7 
obj 19433 -467.36 1436.74 25.88 0 74 90 
obj 1742 -476.38 1440.41 21.89 0 0 0 
obj 2164 -477.28 1423.73 21.85 0 0 180 
obj 1594 -477.4 1431.62 25.99 0 0 50.7 
obj 2162 -479.06 1423.72 21.87 0 0 180 
obj 2198 -474.48 1435.95 21.84 0 0 0 
obj 2123 -473.91 1435.16 22.5 0 0 -89.4 
obj 2161 -473.24 1440.28 23.67 0 0 0 
obj 1742 -471.45 1433.95 21.89 0 0 -90 
obj 2199 -471.65 1426.54 21.83 0 0 -90 
obj 2604 -473.45 1424.21 22.69 0 0 180 
obj 2608 -480.71 1438.22 22.6 0 0 90 
obj 1714 -472.46 1425.22 21.87 0 0 -49.02 
obj 1715 -474.49 1425.2 21.87 0 0 11.7 
obj 2191 -472.06 1435.79 21.82 0 0 -90 
obj 1742 -477.82 1440.41 21.89 0 0 0 
obj 19452 -462.71 1428.18 28.5 0 90 0 
obj 19452 -459.21 1428.18 28.5 0 90 0 
obj 19458 -457.54 1428.18 30.29 0 0 0 
obj 19412 -459.07 1423.45 30.29 0 0 90 
obj 19439 -463.64 1423.46 30.29 0 0 90 
obj 19439 -461.64 1432.9 30.29 0 0 90 
obj 19412 -459.24 1432.9 30.29 0 0 90 
obj 19439 -463.24 1432.9 30.29 0 0 90 
obj 19439 -463.65 1432.91 30.29 0 0 90 
obj 19439 -462.69 1424.32 30.29 0 0 0 
obj 19439 -462.69 1425.93 30.29 0 0 0 
obj 19439 -464.36 1424.32 30.29 0 0 0 
obj 19439 -464.36 1425.93 30.29 0 0 0 
obj 1523 -464.3 1426.62 28.61 0 0 0 
obj 2525 -463.73 1424.16 28.58 0 0 180 
obj 2523 -463.27 1425.65 28.58 0 0 -90 
obj 19439 -464.37 1428.49 31.23 90 0 0 
obj 19439 -464.36 1431.23 31.23 90 0 0 
obj 19325 -464.38 1429.51 30.04 0 0 0 
obj 2566 -460.14 1428.43 29.23 0 0 -90 
obj 1829 -458.06 1424.27 29.05 0 0 180 
obj 2332 -458.93 1423.94 29.05 0 0 180 
obj 2332 -459.79 1423.94 29.05 0 0 180 
obj 2164 -462.59 1425.44 28.58 0 0 90 
obj 19466 -459.05 1423.45 30.65 0 0 90 
obj 19466 -459.18 1432.89 30.65 0 0 90 
obj 2297 -462.14 1428.85 28.6 0 0 0 
obj 19439 -462.07 1429.41 30.29 0 0 135 
obj 19439 -461.65 1429.82 30.29 0 0 135 
obj 1778 -463.34 1424.06 28.63 0 0 90 
obj 2161 -461.8 1429.86 30.39 0 0 -135 
obj 2162 -461.62 1429.97 28.59 0 0 -135 
obj 1742 -457.5 1429.98 28.57 0 0 -90 
obj 2181 -458.08 1432.28 28.58 0 0 -90 
obj 1711 -459.67 1431.81 28.59 0 0 67.32 
obj 2200 -461.88 1432.74 28.57 0 0 0 
obj 2608 -463.32 1432.46 29.29 0 0 0 
obj 1735 -462.69 1431.59 28.59 0 0 -103.5 
obj 19452 -462.71 1428.18 32.12 0 90 0 
obj 19452 -459.21 1428.18 32.12 0 90 0 
obj 19433 -482.85 1443.61 21.79 0 90 0 
obj 19433 -482.85 1442.01 21.79 0 90 0 
obj 19433 -482.85 1440.41 21.79 0 90 0 
obj 19433 -482.85 1438.8 21.79 0 90 0 
obj 19433 -482.85 1437.59 21.78 0 90 0 
obj 970 -484.56 1442.3 22.42 0 0 90 
obj 970 -484.56 1438.9 22.42 0 0 90 
obj 19430 -482.86 1436.9 22.64 90 0 90 
obj 19430 -482.85 1444.31 22.64 90 0 90 
obj 1364 -483.86 1440.47 22.67 0 0 90.48 
obj 1360 -482.92 1437.65 22.53 0 0 90 
obj 1360 -482.73 1443.34 22.53 0 0 90 
obj 2164 -477.11 1439.8 17.73 0 0 -90 
obj 1742 -476.98 1438.05 17.74 0 0 -90 
obj 2161 -477.11 1439.54 19.92 0 0 -90 
obj 2199 -471.86 1436.23 17.75 0 0 0 
obj 19377 -470.6 1445.13 18.11 0 90 0 
obj 19454 -465.45 1445.13 19.93 0 0 0 
obj 19454 -472.13 1440.39 19.93 0 0 90 
obj 19433 -467.41 1439.65 19.08 0 90 0 
obj 19433 -469.43 1439.65 19.07 0 90 0 
obj 19433 -467.36 1438.92 18.55 90 90 0 
obj 19433 -469.74 1438.91 18.55 90 90 0 
obj 19433 -467.36 1438.93 20.15 90 90 0 
obj 19433 -467.35 1438.93 20.95 90 90 0 
obj 19433 -467.39 1441.26 19.04 0 90 0 
obj 19433 -467.28 1441.99 19 90 90 0 
obj 19433 -467.36 1438.93 19.78 90 90 0 
obj 19433 -467.73 1441.26 18.85 0 90 0 
obj 19433 -468.09 1441.26 18.67 0 90 0 
obj 19433 -468.41 1441.26 18.49 0 90 0 
obj 19433 -468.75 1441.26 18.31 0 90 0 
obj 19377 -470.61 1449.42 18.12 0 90 0 
obj 19433 -476.49 1440.4 19.93 0 0 90 
obj 19433 -476.47 1440.42 19.46 0 0 90 
obj 19454 -465.44 1449.43 19.93 0 0 0 
obj 19466 -475.83 1441.47 19.14 0 0 0 
obj 19466 -475.83 1443.71 19.14 0 0 0 
obj 19466 -475.83 1445.95 19.14 0 0 0 
obj 19466 -475.83 1448.19 19.14 0 0 0 
obj 19466 -475.83 1450.43 19.14 0 0 0 
obj 19435 -475.77 1442.28 20.88 90 0 0 
obj 19466 -475.83 1441.47 19.14 0 0 0 
obj 19435 -475.77 1445.78 20.88 90 0 0 
obj 19435 -475.77 1449.28 20.88 90 0 0 
obj 19435 -475.77 1451.84 19.93 0 0 0 
obj 19435 -475.77 1453.44 19.93 0 0 0 
obj 19435 -466.33 1454.15 19.93 0 0 90 
obj 19435 -467.93 1454.15 19.93 0 0 90 
obj 19435 -469.53 1454.15 19.93 0 0 90 
obj 19377 -470.61 1449.42 21.62 0 90 0 
obj 19377 -470.6 1445.13 21.61 0 90 0 
obj 1676 -466.05 1443 19.73 0 0 90 
obj 19325 -479.34 1418.14 -4.33 0 90 90 
obj 1824 -460.68 1425.09 25.96 0 0 0 
