sell 10825 255.39 -1878.81 2.16 98 156 14
changeobj 1506 260.81 -1902.33 5.21 0 0 -9 1502
changeobj 1506 280.92 -1886.3 1.74 0 0 -8 1502
changeobj 1506 280.95 -1886.3 1.74 0 0 -189 1502
changeobj 1506 254.98 -1882.45 1.74 0 0 -189 1502
changeobj 1506 258.41 -1902.03 1.67 0 0 -10 1502
obj 19377 268.31 -1889.19 1.65 0 -90 -8
obj 19377 257.94 -1887.72 1.65 0 -90 -8
obj 19377 256.55 -1897.24 1.65 0 -90 -8
obj 19377 266.92 -1898.7 1.65 0 -90 -8
obj 19377 278.66 -1890.68 1.65 0 -90 -8
obj 19377 277.3 -1900.2 1.65 0 -90 -8
obj 19435 276.15 -1886.28 3.46 0 0 -10
obj 19435 275.86 -1887.85 3.46 0 0 -10
obj 19408 275.41 -1890.22 3.45 0 0 -11
obj 19435 275 -1892.58 3.46 0 0 -10
obj 19408 274.54 -1894.93 3.45 0 0 -11
obj 19435 274.09 -1897.26 3.46 0 0 -10
obj 19435 273.81 -1898.78 3.46 0 0 -10
obj 19435 274.46 -1899.59 3.46 0 0 81
obj 19408 278.41 -1900.2 3.45 0 0 82
obj 19454 283.72 -1891.38 3.46 0 0 -8
obj 19325 251.6 -1894.96 2.61 0 0 -8
obj 19325 282.23 -1902.25 3.07 0 0 -8
obj 19435 276.04 -1899.85 3.46 0 0 81
obj 19435 280.76 -1900.51 3.46 0 0 81
obj 19435 281.63 -1900.51 3.46 0 0 81
obj 19325 278.49 -1905.02 2.51 0 0 81
obj 19325 271.95 -1903.98 2.45 0 0 81
obj 19425 282.14 -1886.7 1.66 0 0 -8
obj 19425 278.87 -1886.24 1.66 0 0 -8
obj 19425 276.52 -1893.92 1.66 0 0 -10
obj 19425 281.5 -1894.64 1.66 0 0 -10
obj 19466 275.33 -1890.31 3.63 0 0 -11
obj 19466 274.51 -1895.07 3.63 0 0 -11
obj 19466 278.64 -1900.22 3.63 0 0 82
obj 1723 279.46 -1899.76 1.73 0 0 172
obj 19435 277.07 -1885.69 3.46 0 0 81
obj 19435 278.64 -1885.96 3.46 0 0 81
obj 19435 283.21 -1886.62 3.46 0 0 81
obj 19435 283.61 -1886.67 3.46 0 0 81
obj 19325 272.99 -1885.03 3.01 0 0 82
obj 19454 265.3 -1883.87 3.49 0 0 81
obj 19325 258.23 -1882.91 3.02 0 0 82
obj 19454 252.76 -1886.94 3.46 0 0 -8
obj 19325 283.15 -1895.72 3.1 0 0 -8
obj 19435 250.93 -1900.51 3.46 0 0 -7
obj 19435 251.14 -1898.93 3.46 0 0 -7
obj 19325 254.05 -1901.65 2.62 0 0 81
obj 19435 257.53 -1902.25 3.46 0 0 81
obj 19325 257.9 -1905.71 3.09 0 0 -10
obj 19454 259.27 -1907.25 1.63 0 90 -10
obj 19454 272.22 -1909.16 1.66 0 90 -9
obj 19454 266.21 -1905.23 1.62 0 90 82
obj 19454 261.21 -1914.1 1.62 0 90 82
obj 19454 268.25 -1915.11 1.64 0 90 82
obj 970 262.26 -1912.55 2.23 0 0 -8
obj 970 266.39 -1913.12 2.23 0 0 -8
obj 970 267.67 -1913.28 2.23 0 0 -8
obj 970 270.15 -1911.5 2.23 0 0 81
obj 970 270.44 -1909.64 2.23 0 0 81
obj 970 263.27 -1906.53 2.23 0 0 -8
obj 970 267.07 -1907.09 2.23 0 0 -8
obj 970 260.45 -1910.16 2.23 0 0 81
obj 970 260.78 -1908.21 2.23 0 0 81
obj 19454 266 -1906.85 -0.06 0 0 82
obj 19454 265.03 -1912.99 -0.06 0 0 82
obj 19454 265.03 -1912.99 -3.52 0 0 82
obj 19454 266 -1906.85 -3.52 0 0 82
obj 19454 260.64 -1908.66 -0.2 0 0 -9
obj 19454 270.19 -1911.49 -0.2 0 0 -9
obj 19454 260.64 -1908.66 -3.67 0 0 -9
obj 19454 270.19 -1911.49 -3.65 0 0 -9
obj 19443 269.86 -1908.8 0.49 0 51 82
obj 1609 261.68 -1908.37 -2.36 0 0 0
obj 1601 263.17 -1910.68 -2.59 0 0 0
obj 1601 264.4 -1909.7 -2.59 0 0 0
obj 19454 264.6 -1902.81 3.46 0 0 82
obj 19435 257.56 -1902.07 3.46 0 0 81
obj 19435 257.62 -1901.92 3.46 0 0 81
obj 19325 269.23 -1916.9 3.2 0 0 82
obj 19325 262.68 -1915.97 3.2 0 0 82
obj 19435 258.59 -1915.38 3.46 0 0 81
obj 19435 257.04 -1915.15 3.46 0 0 81
obj 19325 273.08 -1914.14 3.23 0 0 -10
obj 19325 274.14 -1907.66 3.24 0 0 -9
obj 19325 256.83 -1911.79 3.14 0 0 -10
obj 19454 273.84 -1909.37 -0.2 0 0 -9
obj 19454 273.24 -1912.69 -0.2 0 0 -9
obj 19454 267.71 -1916.66 -0.06 0 0 82
obj 19454 260.98 -1915.67 -0.06 0 0 82
obj 19454 257.09 -1910.26 -0.2 0 0 -9
obj 19454 257.61 -1907.04 -0.2 0 0 -9
obj 1726 266.16 -1903.68 1.71 0 0 -8
obj 2296 258.89 -1915.12 1.7 0 0 171
obj 1726 262.08 -1903.08 1.71 0 0 -8
obj 1726 273.68 -1900.16 1.71 0 0 -8
obj 1726 280.14 -1901.14 1.71 0 0 -8
obj 2311 277.37 -1900.69 1.74 0 0 -8
obj 2828 278.75 -1900.68 2.24 0 0 149
obj 2826 277.67 -1900.79 2.24 0 0 0
obj 14455 264.35 -1902.64 3.36 0 0 -8
obj 14455 253.01 -1886.7 3.38 0 0 -99
obj 14455 268.24 -1884.62 3.36 0 0 -190
obj 2296 262.83 -1902.22 1.73 0 0 173
obj 1808 257.28 -1901.65 1.66 0 0 171
obj 1742 250.87 -1900.63 2.77 0 0 83
obj 2191 251.57 -1899.27 1.66 0 0 82
obj 2096 253.79 -1884.54 1.73 0 0 135
obj 1728 273.04 -1889.54 1.73 0 0 -190
obj 2311 271.9 -1887.12 1.75 0 0 -10
obj 2826 272.05 -1887.07 2.26 0 0 0
obj 2827 272.46 -1887.2 1.82 0 0 0
obj 19435 264.47 -1886.92 3.46 0 0 -12
obj 19435 264.13 -1888.46 3.46 0 0 -12
obj 19435 263.79 -1890 3.46 0 0 -12
obj 14414 265.9 -1889.47 2.01 0 0 -10
obj 19435 263.42 -1891.56 3.46 0 0 -12
obj 19435 263.1 -1893.1 3.46 0 0 -12
obj 19435 262.76 -1894.67 3.46 0 0 -12
obj 19435 262.69 -1895.3 3.46 0 0 -12
obj 19435 263.4 -1896.22 3.46 0 0 77
obj 19435 264.91 -1896.57 3.46 0 0 77
obj 19435 265.59 -1896.75 3.46 0 0 77
obj 19435 266.7 -1895.61 3.46 0 0 -12
obj 19435 267.01 -1894.03 3.46 0 0 -12
obj 19435 267.35 -1892.46 3.46 0 0 -12
obj 19435 267.66 -1890.94 3.46 0 0 -12
obj 19435 267.99 -1889.4 3.46 0 0 -12
obj 19435 268.29 -1887.82 3.46 0 0 -12
obj 19435 266.51 -1896.17 3.46 0 0 -12
obj 14455 262.39 -1895.33 3.36 0 0 78
obj 14455 263.25 -1891.12 3.34 0 0 78
obj 14455 267.75 -1892.1 3.36 0 0 -103
obj 14455 268.74 -1887.96 3.38 0 0 -103
obj 19378 257.84 -1887.65 5.14 0 90 -8
obj 19435 256.42 -1896.68 3.46 0 0 -8
obj 19435 256.62 -1895.1 3.46 0 0 -8
obj 19435 256.2 -1898.22 3.46 0 0 -8
obj 19435 255.99 -1894.27 3.46 0 0 81
obj 19435 254.41 -1894.03 3.46 0 0 81
obj 1491 251.8 -1893.56 1.69 0 0 -10
obj 19435 254.06 -1893.99 3.46 0 0 81
obj 19435 255.23 -1898.78 3.46 0 0 81
obj 19435 253.67 -1898.54 3.46 0 0 81
obj 19435 252.09 -1898.28 3.46 0 0 81
obj 2378 255.75 -1895.08 3.42 0 0 -8
obj 2708 254.8 -1894.53 1.73 0 0 -8
obj 2378 254.93 -1894.97 3.42 0 0 -8
obj 2374 255.67 -1896.81 3.42 0 0 -100
obj 2708 256.08 -1896.81 1.73 0 0 -99
obj 2374 255.42 -1898.18 3.42 0 0 -100
obj 2705 253.1 -1897.41 2.41 0 0 -6
obj 2371 252.72 -1897.39 1.75 0 0 -8
obj 2705 253.14 -1896.93 2.41 0 0 -6
obj 2705 253.25 -1896.29 2.41 0 0 -6
obj 2705 252.6 -1896.18 2.41 0 0 -6
obj 2705 252.5 -1896.86 2.41 0 0 -6
obj 2705 252.4 -1897.47 2.41 0 0 -6
obj 2405 253.98 -1894.35 2.96 -4 0 -4
obj 19378 266.88 -1898.63 5.14 0 90 -8
obj 19378 278.59 -1890.62 5.14 0 90 -8
obj 19378 277.25 -1900.13 5.14 0 90 -8
obj 19378 256.49 -1897.17 5.14 0 90 -8
obj 19378 272.97 -1889.88 5.13 0 90 -9
obj 19378 258.65 -1887.73 5.13 0 90 -9
obj 19454 251.44 -1896.44 -0.2 0 0 -8
obj 19454 252.79 -1886.97 -0.2 0 0 -8
obj 19454 258.16 -1882.96 -0.06 0 0 82
obj 19454 267.6 -1884.28 -0.06 0 0 82
obj 19454 277.07 -1885.62 -0.06 0 0 82
obj 19454 279.7 -1886.01 -0.06 0 0 82
obj 19454 283.74 -1891.43 -0.2 0 0 -8
obj 19454 282.38 -1900.9 -0.2 0 0 -8
obj 19454 277.09 -1904.87 -0.06 0 0 82
obj 19454 255.47 -1901.83 -0.06 0 0 82
obj 19378 268.83 -1908.64 5.21 0 90 -8
obj 19378 262.69 -1907.71 5.18 0 90 -8
obj 19378 262.14 -1911.01 5.22 0 90 -8
obj 19378 268.35 -1911.92 5.25 0 90 -8
obj 19454 252.75 -1886.96 6.9 0 0 -8
obj 19325 251.6 -1895.01 6.73 0 0 -8
obj 19435 251.1 -1898.98 6.93 0 0 -7
obj 19435 250.93 -1900.51 6.91 0 0 -7
obj 19325 254.05 -1901.66 6.73 0 0 81
obj 19435 257.53 -1902.25 6.93 0 0 81
obj 19325 278.54 -1905.03 6.61 0 0 81
obj 19325 272.12 -1903.99 6.57 0 0 81
obj 19325 265.59 -1902.96 6.74 0 0 81
obj 19435 259.12 -1902.49 6.93 0 0 81
obj 19435 260.01 -1902.27 6.93 0 0 81
obj 19435 259.99 -1902.45 6.93 0 0 81
obj 970 273.15 -1915.24 5.85 0 0 82
obj 970 273.73 -1911.15 5.85 0 0 82
obj 970 274.31 -1907.08 5.85 0 0 82
obj 970 256.59 -1912.98 5.85 0 0 82
obj 970 257.17 -1908.93 5.85 0 0 82
obj 970 257.77 -1904.85 5.85 0 0 82
obj 970 258.37 -1915.3 5.85 0 0 172
obj 970 262.47 -1915.87 5.85 0 0 172
obj 970 266.57 -1916.44 5.85 0 0 172
obj 970 270.69 -1916.97 5.85 0 0 172
obj 970 267.48 -1891.69 5.76 0 0 81
obj 970 263.35 -1891.12 5.76 0 0 81
obj 970 264.01 -1887.07 5.76 0 0 81
obj 970 268.13 -1887.64 5.76 0 0 81
obj 19454 258.25 -1882.87 6.91 0 0 81
obj 19454 267.7 -1884.31 6.87 0 0 81
obj 19325 273.97 -1885.26 6.71 0 0 81
obj 19325 280.5 -1886.3 6.67 0 0 81
obj 19454 282.31 -1900.88 6.9 0 0 -8
obj 19325 283.51 -1892.91 6.6 0 0 -8
obj 19435 284.01 -1888.92 6.93 0 0 -9
obj 19435 284.22 -1887.64 6.93 0 0 -9
obj 19435 283.59 -1886.76 6.96 0 0 81
obj 14455 268.24 -1884.62 6.74 0 0 -190
obj 14455 262.62 -1883.7 6.74 0 0 -189
obj 14455 252.91 -1886.76 6.85 0 0 -98
obj 14455 253.31 -1883.96 6.87 0 0 -98
obj 14455 281.81 -1902.7 6.85 0 0 82
obj 19435 259.23 -1901.59 6.94 0 0 -7
obj 19435 259.44 -1900.01 6.94 0 0 -7
obj 19408 259.73 -1897.61 6.95 0 0 -7
obj 19435 259.02 -1896.04 6.93 0 0 83
obj 19435 257.48 -1895.84 6.93 0 0 83
obj 19435 255.92 -1895.67 6.93 0 0 83
obj 19435 254.35 -1895.5 6.93 0 0 83
obj 1491 251.58 -1895.13 5.18 0 0 -8
obj 19435 253.88 -1895.43 6.93 0 0 83
obj 1701 255.76 -1900.53 5.08 0 0 -97
obj 14455 258.9 -1896.33 6.74 0 0 -187
obj 2328 257.85 -1899.92 5.21 0 0 -97
obj 2828 258.86 -1900.05 5.93 0 0 62
obj 2296 251.26 -1900.64 5.2 0 0 82
obj 1726 253.52 -1899.87 5.22 0 0 -8
obj 2311 259 -1898.71 5.21 0 0 83
obj 2827 259.2 -1897.7 5.27 0 0 0
obj 2826 259.01 -1898.02 5.76 0 0 0
obj 19466 259.72 -1897.45 7.3 0 0 -8
obj 19435 254.42 -1892 6.93 0 0 83
obj 1491 252.13 -1891.74 5.18 0 0 -8
obj 19435 255.98 -1892.18 6.93 0 0 83
obj 19435 257.57 -1892.36 6.93 0 0 83
obj 19435 259.15 -1892.53 6.93 0 0 83
obj 19408 260.11 -1891.11 6.95 0 0 -7
obj 19466 260.1 -1891.13 7.3 0 0 -8
obj 19435 260.38 -1888.74 6.94 0 0 -7
obj 19435 260.52 -1887.22 6.94 0 0 -7
obj 19435 260.7 -1885.67 6.94 0 0 -7
obj 19435 260.88 -1884.4 6.94 0 0 -7
obj 1701 253.53 -1885.71 5.08 0 0 -9
obj 1701 255.7 -1886.07 5.08 0 0 -9
obj 2296 259.29 -1892.2 5.22 0 0 -187
obj 1742 256.08 -1892.19 6.39 0 0 -187
obj 14455 260.23 -1888.56 6.85 0 0 83
obj 1728 258.15 -1884.04 5.21 0 0 -8
obj 2296 269.73 -1885.01 5.21 0 0 -8
obj 1726 271.29 -1888.77 5.22 0 0 -187
obj 2311 270.03 -1886.84 5.21 0 0 -8
obj 2828 270.76 -1885.23 7.69 0 0 163
obj 2826 270.69 -1886.93 5.71 0 0 0
obj 19434 274.82 -1890.24 6.91 0 0 -37
obj 19434 273.97 -1891.52 6.91 0 0 -29
obj 19434 273.34 -1892.95 6.91 0 0 -18
obj 19434 272.98 -1894.5 6.91 0 0 -8
obj 19434 273.02 -1896.05 6.91 0 0 10
obj 19434 273.56 -1897.5 6.91 0 0 32
obj 2261 272.41 -1894.27 7.4 0 0 -98
obj 2631 278.3 -1891.31 5.25 0 0 -8
obj 2630 281.15 -1896.13 5.28 0 0 -6
obj 2632 277.67 -1895.21 5.28 0 0 -8
obj 2628 282.26 -1892.3 5.24 0 0 -8
obj 2627 276.72 -1897.64 5.18 0 0 83
obj 2629 280.06 -1898.44 5.21 0 0 -8
obj 1726 273.61 -1895.49 5.19 0 0 82
obj 1726 283.41 -1887.28 5.19 0 0 -96
obj 1646 271 -1913.2 5.47 0 0 -9
obj 1646 267.32 -1912.59 5.47 0 0 -9
obj 1646 262.7 -1911.91 5.47 0 0 -9
obj 1646 258.69 -1911.33 5.47 0 0 -9
obj 19377 256.55 -1897.22 8.72 0 -90 -8
obj 19377 266.95 -1898.69 8.72 0 -90 -8
obj 19377 257.88 -1887.68 8.72 0 -90 -8
obj 19377 268.26 -1889.15 8.72 0 -90 -8
obj 19377 278.65 -1890.61 8.72 0 -90 -8
obj 19377 277.29 -1900.13 8.72 0 -90 -8
obj 19452 282.96 -1881.8 0.84 -10 90 -8
obj 19452 279.53 -1881.32 0.84 -10 90 -8
obj 14416 255.3 -1879.47 -1.48 0 0 173
obj 19435 253.15 -1881.63 0.3 0 0 -7
obj 19435 253.35 -1880.06 0.3 0 0 -7
obj 19435 256.99 -1881.91 0.3 0 0 -7
obj 19435 257.18 -1880.34 0.3 0 0 -7
obj 1693 279.64 -1887.82 10.3 0 0 -8
obj 1693 257.11 -1884.69 10.3 0 0 -8
obj 1693 255.22 -1899.35 10.3 0 0 -8
obj 1693 277.46 -1902.39 10.3 0 0 -8
obj 1693 267.65 -1893.48 10.3 0 0 -8
obj 1617 250.89 -1900.35 7 0 0 -9
obj 1617 250.89 -1900.35 3.68 0 0 -9
obj 19435 257.71 -1902.32 3.46 0 0 81
