sell 10825 -2626.09 -236.22 18.51 89 4 72 
changeobj 1506 -2630.72 -235.3 17.28 0 0 73.8 1502
changeobj 1506 -2634.05 -240.6 17.28 0 0 335.46 1502
changeobj 1506 -2641.52 -237.66 12.33 0 0 334.08 1502
changeobj 1506 -2641.01 -237.52 4.76 0 0 -22.98 1502
changeobj 1506 -2638.27 -238.69 4.76 0 0 -204.42 1502
changeobj 1506 -2631.92 -231.27 21.35 0 0 -22.2 1502
obj 19377 -2634.92 -235.22 17.21 0 90 -21.64 
obj 19377 -2634.93 -235.21 12.24 0 90 -21.64 
obj 19377 -2639.87 -233.25 16.04 0 0 -21.48 
obj 19325 -2638.46 -238.88 19.22 0 0 -112.2 
obj 19325 -2635.11 -230.15 19.22 0 0 -111.48 
obj 19435 -2631.5 -231.6 19.39 0 0 67.08 
obj 19435 -2631.52 -231.62 19 0 0 66.12 
obj 19435 -2630.13 -232.19 19.39 0 0 67.08 
obj 19435 -2630.13 -232.18 19.05 0 0 67.08 
obj 19435 -2634.7 -240.37 19 0 0 67.08 
obj 19435 -2634.7 -240.36 19.52 0 0 67.08 
obj 8615 -2636.9 -241.06 14.97 0 0 -21.48 
obj 970 -2642.67 -240.12 12.85 0 0 -111.48 
obj 19435 -2641.57 -239.48 12.24 0 90 68.62 
obj 970 -2641.52 -243.1 12.85 0 0 -200.46 
obj 19435 -2640.23 -240.14 12.24 0 90 68.62 
obj 19435 -2638.77 -240.78 12.24 0 90 68.62 
obj 970 -2638.52 -241.94 12.85 0 0 -291.06 
obj 19435 -2641.63 -242.18 12.24 0 90 -20.84 
obj 19435 -2639.27 -242.06 12.24 0 90 68.62 
obj 19325 -2637.12 -239.52 14.33 0 0 -110.7 
obj 19435 -2632.68 -239.6 17.11 0 90 68.5 
obj 19435 -2632.74 -239.76 16.95 0 90 68.5 
obj 19435 -2632.78 -239.86 16.84 0 90 68.5 
obj 19435 -2632.8 -239.93 16.75 0 90 68.5 
obj 19325 -2631.59 -238.48 19.17 0 0 -196.26 
obj 19435 -2629.93 -233.15 19.39 0 0 -35.28 
obj 1723 -2641.13 -241.06 12.33 0 0 -20.88 
obj 2311 -2641.55 -242.51 12.33 0 0 -22.44 
obj 2828 -2640.36 -243.09 12.82 0 0 -2.04 
obj 19325 -2632.99 -237.53 14.33 0 0 -17.88 
obj 19435 -2631.27 -231.64 14.1 0 0 68.34 
obj 14455 -2639.41 -232.5 13.91 0 0 -111.96 
obj 19325 -2635.07 -230.08 14.31 0 0 -111.6 
obj 19435 -2630.38 -231.99 16.3 90 0 68.42 
obj 19435 -2629.81 -232.26 14.1 0 0 68.88 
obj 19435 -2633.55 -230.74 16.3 90 0 68.36 
obj 19435 -2636.47 -229.59 16.3 90 0 68.36 
obj 19435 -2638.55 -238.97 16.31 90 0 68.36 
obj 19435 -2635.32 -240.23 16.31 90 0 68.36 
obj 19435 -2633.42 -239 16.3 90 0 161.78 
obj 19435 -2632.44 -236.01 16.3 90 0 161.84 
obj 19435 -2631.67 -233.63 14.09 0 0 -18.6 
obj 19435 -2631.36 -232.52 14.1 0 0 -18 
obj 19435 -2631.61 -233.39 16.3 90 0 162.08 
obj 19435 -2633.28 -241.04 14.1 0 0 68.34 
obj 19435 -2639.92 -238.41 16.31 90 0 68.24 
obj 1745 -2634.68 -231.04 12.33 0 0 -107.22 
obj 1828 -2639.08 -236.01 12.3 0 0 -310.32 
obj 2296 -2638.76 -231.46 12.33 0 0 67.98 
obj 2828 -2638.84 -231.58 13.19 0 0 200.28 
obj 2828 -2638.01 -229.49 13.19 0 0 246.78 
obj 2230 -2638.47 -231.93 12.33 0 0 91.02 
obj 2230 -2636.97 -229.33 12.33 0 0 37.2 
obj 2131 -2632.28 -233.87 12.24 0 0 -110.16 
obj 2100 -2633.59 -238.72 12.33 0 0 -109.2 
obj 1723 -2636.19 -239.32 12.33 0 0 70.56 
obj 2231 -2633.4 -238 12.33 0 0 -73.92 
obj 2231 -2634.36 -240.18 12.33 0 0 -140.94 
obj 2229 -2633.48 -237.53 12.33 0 0 -61.68 
obj 2229 -2634.91 -240.44 12.33 0 0 -147.96 
obj 1661 -2636.62 -237.66 16.68 0 0 0 
obj 2193 -2638 -237.53 12.33 0 0 -111.54 
obj 1806 -2638.27 -237.95 12.33 0 0 -150.72 
obj 2311 -2636.82 -234.48 12.33 0 0 -19.62 
obj 1723 -2635.57 -236.56 12.33 0 0 160.2 
obj 2828 -2635.47 -235.01 12.82 0 0 78.42 
obj 3499 -2631.04 -232.37 6.81 0 0 0 
obj 3499 -2638.06 -229.32 6.81 0 0 0 
obj 3499 -2633.7 -242.08 10.89 0 0 0 
obj 19435 -2638.8 -232.61 19 0 0 66.12 
obj 19435 -2637.34 -233.25 19 0 0 66.12 
obj 19435 -2636.36 -232.9 19 0 0 154.62 
obj 1491 -2635.68 -231.55 17.27 0 0 66 
obj 19435 -2636.05 -232.25 19 0 0 154.8 
obj 19325 -2637.42 -235.71 19.22 0 0 -201.3 
obj 19435 -2636.36 -232.9 19.54 0 0 154.62 
obj 19435 -2636.05 -232.25 19.54 0 0 154.8 
obj 19435 -2637.34 -233.25 19.54 0 0 66.12 
obj 19435 -2638.8 -232.61 19.54 0 0 66.12 
obj 1609 -2638.48 -234.3 17.72 0 0 -104.64 
obj 1609 -2639.53 -236.91 17.72 0 0 -104.64 
obj 1609 -2639.04 -235.7 19.28 0 0 -104.64 
obj 2528 -2636.87 -232.88 17.3 0 0 155.52 
obj 2523 -2638.02 -230.2 17.3 0 0 68.4 
obj 2526 -2638.31 -230.85 17.3 0 0 -112.38 
obj 2742 -2637.09 -229.59 18.79 0 0 -19.14 
obj 1828 -2635.12 -236.81 17.27 0 0 66.84 
obj 19435 -2629.93 -233.15 19.05 0 0 -35.28 
obj 2311 -2635.61 -237.64 17.3 0 0 68.7 
obj 1723 -2633.3 -236.78 17.3 0 0 -110.88 
obj 1724 -2632.97 -232.63 17.3 0 0 158.04 
obj 1724 -2635.7 -239.29 17.3 0 0 158.04 
obj 1723 -2637.31 -237.18 17.3 0 0 69.06 
obj 1724 -2634.87 -234.31 17.3 0 0 338.88 
obj 2828 -2635.5 -237.04 17.8 0 0 -104.22 
obj 19377 -2635.03 -235.09 21.21 0 90 -21.64 
obj 3499 -2638.49 -230.34 6.81 0 0 0 
obj 3499 -2639.02 -231.37 6.81 0 0 0 
obj 3499 -2639.45 -232.54 6.81 0 0 0 
obj 3499 -2639.97 -233.69 6.81 0 0 0 
obj 3499 -2640.39 -234.79 6.81 0 0 0 
obj 3499 -2640.95 -235.96 6.81 0 0 0 
obj 3499 -2641.38 -237.02 6.81 0 0 0 
obj 3499 -2631.98 -231.91 6.81 0 0 0 
obj 3499 -2633.1 -231.49 6.81 0 0 0 
obj 3499 -2634.22 -231.18 6.81 0 0 0 
obj 3499 -2635.27 -230.6 6.81 0 0 0 
obj 3499 -2636.42 -230.21 6.81 0 0 0 
obj 3499 -2637.52 -229.7 6.81 0 0 0 
obj 19377 -2633.78 -240.38 7.04 0 0 68.88 
obj 19377 -2635.78 -235.95 4.67 0 91 69 
obj 3499 -2630.22 -232.64 6.73 0 0 0 
obj 19325 -2638.45 -238.61 9.3 0 0 -112.02 
obj 19325 -2638.45 -238.61 10.11 0 0 -112.02 
obj 13749 -2636.79 -256.53 11.1 0 0 -39.06 
obj 8615 -2627.93 -231.75 19.57 0 0 158.28 
obj 3499 -2630.7 -230.57 15.8 0 0 0 
obj 3499 -2630.7 -230.56 4.91 0 0 0 
obj 19454 -2639.9 -233.21 22.99 0 0 -20.76 
obj 19454 -2637.16 -239.35 22.99 0 0 68.64 
obj 19454 -2636.41 -239.65 22.99 0 0 68.64 
obj 19454 -2630.28 -236.97 22.99 0 0 -21.48 
obj 19325 -2634.97 -230.05 22.68 0 0 -111.48 
obj 19435 -2629.32 -232.27 22.99 0 0 69.36 
obj 19435 -2629.83 -232.08 22.99 0 0 68.94 
obj 19325 -2635.84 -237.27 22.68 0 0 -111.48 
obj 14455 -2637.74 -236.44 22.94 0 0 -21.78 
obj 14455 -2633.8 -238.23 22.94 0 0 157.74 
obj 19325 -2634.97 -234.16 22.68 0 0 -111.48 
obj 14455 -2632.79 -235.1 22.94 0 0 158.04 
obj 14455 -2636.76 -233.38 22.94 0 0 -21.78 
obj 2311 -2635.41 -231.24 21.29 0 0 -20.82 
obj 2828 -2634.35 -231.72 21.8 0 0 0 
obj 1723 -2634.34 -233.43 21.3 0 0 158.64 
obj 1723 -2640.82 -237.28 21.3 0 0 69.54 
obj 1723 -2639.74 -234.53 21.3 0 0 69.54 
obj 1723 -2638.72 -231.77 21.3 0 0 69.54 
obj 1723 -2629.43 -233.08 21.3 0 0 247.92 
obj 1723 -2630.52 -235.83 21.3 0 0 247.92 
obj 1723 -2631.59 -238.52 21.3 0 0 247.92 
obj 19377 -2635.05 -235.1 24.66 0 90 -21.64 
