sell 10825 691.78 1858.79 5.57 84 11 165.32 
changeobj 1506 691.16 1847.33 6.22 0 0 -9.84 1502
changeobj 1506 686.4 1848.2 6.22 0 0 -10.2 1502
changeobj 1506 681.73 1839.38 6.22 0 0 -10.2 1502
changeobj 1506 669.3 1841.17 6.22 0 0 -10.2 1502
changeobj 1506 695.95 1836.71 6.22 0 0 -10.2 1502
changeobj 1506 695.17 1831.12 6.22 0 0 -10.2 1502
changeobj 1506 667.01 1836.18 6.22 0 0 -10.2 1502
changeobj 1506 690.43 1834.82 9.71 0 0 -69.06 1502
obj 19454 699.51 1841.09 4.48 0 0 -10.26 
obj 19454 697.79 1831.61 4.48 0 0 -10.26 
obj 19454 696.77 1825.99 4.48 0 0 -10.26 
obj 19454 691.22 1822.28 4.48 0 0 -100.8 
obj 19454 681.76 1824.08 4.48 0 0 -100.8 
obj 19454 672.39 1825.87 4.48 0 0 -100.8 
obj 19454 668.89 1826.53 4.48 0 0 -100.8 
obj 19454 665.1 1832.21 4.48 0 0 -10.26 
obj 19454 666.81 1841.68 4.48 0 0 -10.26 
obj 19454 667.71 1846.67 4.48 0 0 -10.26 
obj 19454 695.64 1846.64 4.48 0 0 -100.14 
obj 19454 686.2 1848.32 4.48 0 0 -100.14 
obj 19454 676.84 1850 4.48 0 0 -100.14 
obj 19454 673.19 1850.65 4.48 0 0 -100.14 
obj 14394 689.78 1848.79 5.41 0 0 -100.2 
obj 19377 694.69 1841.4 6.14 0 90 -100.16 
obj 19377 685.24 1843.24 6.14 0 90 -100.16 
obj 19377 692.25 1827.35 6.14 0 90 -100.28 
obj 19377 682.81 1829.11 6.14 0 90 -100.58 
obj 19377 673.48 1830.93 6.14 0 90 -101.36 
obj 19377 672.39 1845.53 6.14 0 90 -100.16 
obj 19377 693.5 1834.81 6.14 0 90 -100.16 
obj 19377 684.12 1836.22 6.14 0 90 -100.16 
obj 19377 674.67 1837.6 6.14 0 90 -100.16 
obj 19377 670.53 1835.31 6.14 0 90 -100.16 
obj 19377 669.89 1831.74 6.14 0 90 -100.16 
obj 19454 693.07 1844.66 4.48 0 0 -10.26 
obj 19454 685.17 1845.86 4.48 0 0 -10.26 
obj 19391 691.92 1847.25 7.91 0 0 79.56 
obj 19435 689.56 1847.65 7.91 0 0 79.56 
obj 19391 687.2 1848.09 7.92 0 0 79.56 
obj 19325 682.11 1848.6 7.69 0 -12 -100.66 
obj 19454 684.79 1843.71 7.92 0 0 -9.06 
obj 19454 678.11 1844.94 7.92 0 0 -8.76 
obj 19325 675.44 1849.75 7.69 0 -12 -99.52 
obj 19435 672.05 1850.02 7.91 0 0 170.34 
obj 19435 671.33 1850.87 7.91 0 0 79.62 
obj 19454 668.05 1846.66 7.92 0 0 -10.02 
obj 19454 676.22 1840.22 7.92 0 0 81.6 
obj 19391 682.53 1839.28 7.91 0 0 81.42 
obj 19435 669.77 1851.17 7.91 0 0 79.62 
obj 19435 667.29 1842.4 7.91 0 0 169.98 
obj 19435 667.87 1841.53 7.91 0 0 80.04 
obj 19391 670.05 1841.13 7.91 0 0 80.76 
obj 19454 692.67 1842.3 7.92 0 0 -9.06 
obj 19325 696.71 1845.89 7.69 0 -12 -101.02 
obj 19454 699.3 1841.02 7.92 0 0 -9.06 
obj 19454 689.1 1845.18 4.48 0 0 -10.26 
obj 19391 696.86 1836.62 7.91 0 0 79.56 
obj 19454 691.15 1837.51 7.92 0 0 81.36 
obj 19391 685.43 1839.45 7.91 0 0 37.86 
obj 1491 684.91 1840.05 6.23 0 0 -53.22 
obj 19454 697.75 1831.57 7.92 0 0 -9.54 
obj 19454 696.86 1826.34 7.92 0 0 -9.54 
obj 19325 692.74 1822.43 7.69 0 -12 -101.02 
obj 19435 689.52 1823.4 7.91 0 0 170.34 
obj 19325 686.11 1823.68 7.69 0 -12 -101.02 
obj 19435 682.87 1824.79 7.91 0 0 170.34 
obj 19325 679.51 1825.07 7.7 0 -12 -101.02 
obj 19454 682.11 1833.53 7.92 0 0 79.68 
obj 19454 690.2 1832.06 7.92 0 0 79.68 
obj 19391 696.01 1831 7.91 0 0 79.56 
obj 19391 678.47 1829.97 7.91 0 0 81.42 
obj 19435 680.12 1830.46 7.91 0 0 170.34 
obj 19435 680.37 1831.89 7.91 0 0 170.34 
obj 19435 680.56 1833.06 7.91 0 0 170.34 
obj 1491 677.73 1830.03 6.23 0 0 -9.54 
obj 19435 671.77 1848.45 7.91 0 0 170.34 
obj 19391 669.97 1847.97 7.91 0 0 80.34 
obj 1491 669.16 1848.09 6.23 0 0 -9.54 
obj 19391 679.53 1842.87 7.91 0 0 80.34 
obj 19435 680.88 1841.89 7.91 0 0 170.34 
obj 19435 680.62 1840.36 7.91 0 0 170.34 
obj 1491 678.75 1842.96 6.23 0 0 -9.54 
obj 19391 694 1840.21 7.91 0 0 80.34 
obj 19435 695.29 1837.68 7.91 0 0 170.34 
obj 19435 695.55 1839.22 7.91 0 0 170.34 
obj 1491 693.22 1840.34 6.23 0 0 -9.54 
obj 19325 672.84 1826.25 7.69 0 -12 -100.66 
obj 19435 668.6 1826.69 7.91 0 0 79.62 
obj 19435 669.54 1827.24 7.91 0 0 170.34 
obj 19435 667.03 1826.98 7.91 0 0 79.62 
obj 19435 665.45 1827.28 7.91 0 0 79.62 
obj 19435 669.81 1828.78 7.91 0 0 170.34 
obj 19454 665.49 1832.1 7.92 0 0 -10.14 
obj 19454 666.38 1837.12 7.92 0 0 -10.14 
obj 19454 674.13 1834.97 7.92 0 0 79.98 
obj 19391 667.81 1836.1 7.91 0 0 79.86 
obj 19435 669.21 1829.6 7.91 0 0 259.2 
obj 19391 666.77 1830.05 7.91 0 0 79.86 
obj 19435 669.01 1829.64 7.91 0 0 259.2 
obj 1491 666 1830.14 6.23 0 0 -9.54 
obj 2527 669.11 1849.65 6.23 0 0 -9.84 
obj 2528 671.46 1850.28 6.23 0 0 -9.06 
obj 2742 670.8 1850.69 7.5 0 0 -10.14 
obj 2523 671.2 1848.78 6.23 0 0 -99.6 
obj 2528 679.85 1840.27 6.23 0 0 171 
obj 2527 678.3 1841.55 6.23 0 0 171.54 
obj 2742 679.11 1840.08 7.5 0 0 169.5 
obj 2523 678.37 1842.11 6.23 0 0 82.14 
obj 2527 694.9 1838.58 6.23 0 0 171.54 
obj 2528 693.29 1837.79 6.23 0 0 171 
obj 2742 692.51 1837.51 7.5 0 0 169.5 
obj 2523 692.8 1839.32 6.23 0 0 82.8 
obj 2528 678.05 1833.71 6.23 0 0 -9.06 
obj 2742 678.91 1833.85 7.5 0 0 -10.14 
obj 2527 679.78 1832.4 6.23 0 0 -9.84 
obj 2523 679.65 1831.37 6.23 0 0 -99.6 
obj 2528 668.95 1827.16 6.23 0 0 -97.14 
obj 2742 668.12 1827.11 7.5 0 0 -190.32 
obj 2527 668.93 1828.06 6.23 0 0 -9.84 
obj 2523 667.35 1829.39 6.23 0 0 -12.42 
obj 1725 674.15 1842.83 6.23 0 0 -98.7 
obj 1725 674.58 1845.82 6.23 0 0 -98.7 
obj 2193 677.77 1848.47 6.23 0 0 -189.84 
obj 2193 674.58 1848.06 6.23 0 0 80.64 
obj 19377 675.8 1844.86 6.14 0 90 -100.16 
obj 1806 677.23 1848.7 6.23 0 0 137.64 
obj 1806 674.71 1848.66 6.23 0 0 53.04 
obj 1723 668.07 1842.9 6.23 0 0 80.22 
obj 1723 667.2 1838.12 6.23 0 0 80.22 
obj 1723 672.82 1835.88 6.23 0 0 171.42 
obj 1723 683.89 1833.93 6.23 0 0 171.42 
obj 1723 677.14 1839.51 6.23 0 0 350.88 
obj 1723 689.54 1837.15 6.23 0 0 350.88 
obj 1723 685.09 1841.46 6.23 0 0 440.28 
obj 1723 692.42 1844.43 6.23 0 0 259.62 
obj 1723 689.8 1838.37 6.23 0 0 171.78 
obj 1723 691.92 1841.52 6.23 0 0 260.64 
obj 1723 685.56 1844.37 6.23 0 0 440.28 
obj 2311 681.8 1847.52 6.23 0 0 -10.56 
obj 1725 678.57 1845.18 6.23 0 0 -9.84 
obj 1723 683.13 1845.36 6.23 0 0 171.12 
obj 2311 670.14 1844.47 6.23 0 0 -101.28 
obj 14455 688.51 1832.51 7.67 0 0 -10.74 
obj 14455 690.69 1826.27 7.67 0 0 188.58 
obj 2296 674.07 1840.9 6.23 0 0 172.38 
obj 2296 684.66 1845.76 6.23 0 0 261.24 
obj 2296 699.47 1843.91 6.23 0 0 261.24 
obj 1723 698.06 1842.84 6.23 0 0 171.12 
obj 2311 696.77 1845.05 6.23 0 0 -10.56 
obj 1725 693.25 1842.61 6.23 0 0 -9.84 
obj 1723 673.8 1827.79 6.23 0 0 -10.02 
obj 1725 673.8 1834.08 6.23 0 0 -99.96 
obj 1725 673.26 1831.19 6.23 0 0 -99.96 
obj 2296 671.16 1835.1 6.23 0 0 351.54 
obj 1723 669.75 1833.64 6.23 0 0 -10.02 
obj 2311 671.11 1831.31 6.23 0 0 -190.08 
obj 8615 684.58 1831.79 7.94 0 0 170.88 
obj 19435 679.86 1829.02 7.91 0 0 170.34 
obj 19454 689.89 1829.31 7.92 0 0 113.88 
obj 19391 681.35 1828.06 7.91 0 0 81.18 
obj 19435 683.69 1827.68 7.91 0 0 259.14 
obj 19435 684.74 1827.5 7.91 0 0 259.14 
obj 1491 680.62 1828.22 6.23 0 0 -9.54 
obj 2311 681.12 1830.63 6.23 0 0 -9.42 
obj 1723 681.13 1832.37 6.23 0 0 -10.02 
obj 19454 687.64 1826.02 7.92 0 0 99.42 
obj 1723 676.91 1826.98 6.23 0 0 -10.02 
obj 19454 690.25 1826.45 7.92 0 0 99.48 
obj 19391 695.54 1827.36 7.91 0 0 100.32 
obj 1725 692.88 1824.13 6.23 0 0 -99.24 
obj 1723 685.7 1825.02 6.23 0 0 -10.02 
obj 1723 690.2 1824.12 6.23 0 0 -10.02 
obj 2296 692.19 1826.45 6.23 0 0 368.28 
obj 2193 671.61 1827.28 6.23 0 0 80.64 
obj 1806 671.79 1827.78 6.23 0 0 53.04 
obj 2193 689.7 1831.52 6.23 0 0 259.86 
obj 1806 689.53 1831.03 6.23 0 0 -136.92 
obj 2296 685.05 1827.81 6.23 0 0 171.3 
obj 19377 670.25 1831.7 9.63 0 90 -100.16 
obj 19377 671.94 1841.71 9.63 0 90 -100.16 
obj 19377 672.57 1845.47 9.63 0 90 -100.16 
obj 19377 682.02 1843.75 9.63 0 90 -100.16 
obj 19377 691.55 1842.06 9.63 0 90 -100.16 
obj 19377 694.61 1841.54 9.63 0 90 -100.16 
obj 19377 692.79 1831.24 9.63 0 90 -100.16 
obj 19377 676 1834.66 9.63 0 90 -100.16 
obj 19377 684.56 1838.12 9.63 0 90 -100.22 
obj 19377 689.78 1852.91 9.63 0 90 -101.9 
obj 19377 692.15 1827.8 9.63 0 90 -99.44 
obj 19454 683.04 1829.28 9.63 0 90 -100.46 
obj 19454 682.18 1826.06 9.63 0 90 -100.46 
obj 19377 670.25 1831.7 9.63 0 90 -100.16 
obj 19377 691.94 1863.26 9.63 0 90 -101.9 
obj 3499 696.43 1866.47 4.21 0 0 0 
obj 3499 689.02 1868.58 4.21 0 0 0 
obj 19454 678.39 1826.67 9.63 0 90 -100.46 
obj 19454 678.99 1828.18 9.63 0 90 -100.46 
obj 19325 682.23 1824.61 11.73 0 -12 79.4 
obj 19435 676.29 1826.02 7.91 0 0 170.34 
obj 19454 679.7 1829.5 11.44 0 0 -190.44 
obj 19435 685.57 1824.2 11.39 0 0 170.34 
obj 19435 685.57 1824.2 11.96 0 0 170.34 
obj 19454 688.54 1828.82 12 0 0 -216.24 
obj 19454 679.7 1829.5 12 0 0 -190.44 
obj 19454 688.54 1828.8 11.44 0 0 -216.24 
obj 19454 685.3 1834.82 11.44 0 0 -82.44 
obj 19391 690.72 1834 11.39 0 0 22.38 
obj 18723 684.26 1826.56 9.71 0 0 0 
obj 19454 685.3 1834.82 12 0 0 -82.44 
obj 2566 681.62 1825.5 10.11 0 0 78.3 
obj 1828 684.02 1826.68 9.69 0 0 0 
obj 1723 683.04 1826.98 9.71 0 0 -12.48 
obj 19377 683.06 1828.96 13.67 0 90 -100.16 
obj 19377 686.4 1831.2 13.67 0 90 -100.16 
CreateVehicle 409 690.131 1852.6558 5.3773 79 -1 -1 
