sell 10825 -2080.81 1402.59 7.07 91 0 0 
RemoveBuildingForPlayer playerid 4264 -2258.8281 1533.0313 -57   
RemoveBuildingForPlayer playerid 4398 -2258.8281 1533.0313 -57   
changeobj 1506 -2083.43 1419.19 6.09 0 0 -52.5 1502
changeobj 1506 -2081.6 1408.45 6.09 0 0 0.36 1502
changeobj 1506 -2084.54 1418.22 9.61 0 0 0 1502
obj 19379 -2084.41 1422.78 6.01 0 90 0 
obj 19379 -2084.42 1413.16 6.01 0 90 0 
obj 19454 -2089.62 1413.21 7.85 0 0 0 
obj 19425 -2087.72 1408.93 6.09 0 0 0 
obj 19454 -2082.47 1413.15 7.85 0 0 0 
obj 19425 -2084.32 1408.94 6.09 0 0 0 
obj 19325 -2086.4 1427.24 7.55 0 -8 -90 
obj 19454 -2079.29 1413.19 7.85 0 0 0 
obj 19435 -2083.08 1426.8 7.86 0 0 0 
obj 19408 -2081.39 1427.52 7.85 0 0 89.1 
obj 19435 -2079.83 1426.77 7.86 0 0 0 
obj 19435 -2073.19 1426.81 7.86 0 0 0 
obj 19454 -2074.53 1417.93 7.85 0 0 -89.94 
obj 19435 -2069.47 1417.94 7.85 0 0 -89.64 
obj 19454 -2068.76 1422.69 7.85 0 0 0 
obj 19408 -2071.51 1427.5 7.85 0 0 89.1 
obj 19454 -2089.62 1422.81 7.85 0 0 0 
obj 3802 -2079.76 1407.62 8.72 0 0 -88.68 
obj 3802 -2082.04 1407.64 8.72 0 0 -88.68 
obj 1744 -2079.23 1412.07 7.47 0 0 268.44 
obj 2828 -2079.59 1411.82 7.81 0 0 67.8 
obj 19435 -2084.16 1419.16 7.86 0 0 88.98 
obj 19435 -2085.73 1419.19 7.86 0 0 88.98 
obj 19435 -2087.29 1419.21 7.86 0 0 88.98 
obj 19435 -2088.87 1419.24 7.86 0 0 88.98 
obj 0 -2081.39 1427.3 8.06 0 0 88.14 
obj 14416 -2087.73 1421.27 6.42 0 0 180.48 
obj 19435 -2085.61 1420.03 7.86 0 0 0 
obj 19435 -2085.61 1421.62 7.86 0 0 0 
obj 19435 -2085.62 1423.22 7.86 0 0 0 
obj 19435 -2085.63 1424.75 7.86 0 0 0 
obj 2296 -2073.56 1423.86 6.1 0 0 -90.3 
obj 14720 -2069.5 1419.55 6.09 0 0 181.02 
obj 19454 -2073.61 1421.08 7.85 0 0 -89.94 
obj 955 -2074.67 1420.57 6.5 0 0 0 
obj 1302 -2075.86 1420.7 6.1 0 0 0 
obj 1776 -2077.04 1420.74 7.18 0 0 0 
obj 19391 -2078.39 1419.51 7.86 0 0 0.12 
obj 1744 -2076.18 1417.86 7.47 0 0 180.12 
obj 2222 -2069.65 1419.61 7.16 0 0 0 
obj 2828 -2076.14 1418.17 7.81 0 0 0 
obj 2828 -2077.13 1418.2 7.81 0 0 -30.78 
obj 1491 -2078.44 1418.77 6.1 0 0 89.94 
obj 1769 -2081.75 1426.17 6.1 0 0 160.5 
obj 2311 -2075.23 1422 6.08 0 0 90.66 
obj 2230 -2073.9 1423.98 6.09 0 0 -55.08 
obj 2230 -2074.17 1421.18 6.09 0 0 -121.14 
obj 2099 -2080.69 1427.38 6.1 0 0 -2.46 
obj 19391 -2073.19 1425.23 7.86 0 0 0.12 
obj 19435 -2073.2 1422.82 7.86 0 0 -1.02 
obj 19435 -2073.22 1421.84 7.86 0 0 -1.02 
obj 19379 -2073.91 1422.78 6.01 0 90 0 
obj 1723 -2077.27 1421.74 6.1 0 0 90.12 
obj 1725 -2069.27 1424.64 6.09 0 0 -180.36 
obj 2193 -2071.67 1421.62 6.1 0 0 89.88 
obj 1806 -2071.74 1422.01 6.1 0 0 57 
obj 14455 -2085.45 1424.4 7.71 0 0 -89.28 
obj 14455 -2082.28 1416.03 7.71 0 0 -90.18 
obj 19325 -2076.49 1427.24 7.55 0 -8 -90 
obj 19435 -2069.47 1427.46 7.86 0 0 88.02 
obj 19435 -2082.82 1419.67 7.86 0 0 131.46 
obj 19435 -2082.22 1420.97 7.86 0 0 177.3 
obj 19435 -2082.13 1422.56 7.86 0 0 177.3 
obj 19391 -2083.41 1424.12 7.86 0 0 58.26 
obj 19435 -2084.91 1425.05 7.86 0 0 58.26 
obj 1491 -2073.2 1424.55 6.1 0 0 89.94 
obj 1491 -2082.75 1423.76 6.1 0 0 148.14 
obj 1723 -2082.76 1422.79 6.1 0 0 267.3 
obj 2311 -2084.27 1421.03 6.08 0 0 88.5 
obj 2828 -2084.27 1421.09 6.59 0 0 -80.58 
obj 2828 -2075.36 1422.11 6.58 0 0 47.46 
obj 14752 -2071.54 1427.28 8.06 0 0 88.14 
obj 2313 -2070.68 1426.91 6.1 0 0 0 
obj 2312 -2070.23 1427.08 6.92 0 0 1.92 
obj 1769 -2069.34 1425.25 6.1 0 0 193.44 
obj 2222 -2069.22 1426.85 6.69 0 0 54.24 
obj 19377 -2084.43 1413.19 6.02 0 90 0 
obj 19377 -2084.28 1422.83 6.02 0 90 0 
obj 19377 -2073.78 1422.84 6.02 0 90 0 
obj 19377 -2084.47 1413.2 5.99 0 90 0 
obj 19377 -2084.44 1413.14 9.53 0 90 0 
obj 19377 -2084.43 1414.56 9.53 0 90 0 
obj 19377 -2073.95 1422.66 9.53 0 90 0 
obj 19377 -2080.71 1422.6 9.53 0 90 0 
obj 19408 -2089.58 1426 11.35 0 0 179.34 
obj 14752 -2089.37 1425.99 11.61 0 0 178.8 
obj 19325 -2086.33 1425.49 9.58 0 90 -90 
obj 19408 -2087.96 1427.51 11.35 0 0 89.64 
obj 14752 -2087.88 1427.26 11.62 0 0 89.58 
obj 1724 -2087.83 1425.71 9.57 0 0 -189.18 
obj 19408 -2089.62 1422.8 11.35 0 0 179.34 
obj 14752 -2089.4 1422.86 11.61 0 0 178.38 
obj 19391 -2083.81 1418.2 11.35 0 0 -89.88 
obj 19435 -2089.63 1420.48 11.35 0 0 0.3 
obj 19435 -2089.62 1418.88 11.35 0 0 0.3 
obj 19435 -2088.8 1418.17 11.35 0 0 -89.7 
obj 19435 -2087.22 1418.18 11.35 0 0 -89.7 
obj 19435 -2086.2 1418.19 11.35 0 0 -89.7 
obj 19454 -2079.29 1413.19 11.35 0 0 0 
obj 19454 -2079.29 1413.57 11.35 0 0 0 
obj 19408 -2080.8 1418.2 11.35 0 0 89.64 
obj 14752 -2080.83 1418.42 11.57 0 0 269.16 
obj 970 -2076.87 1418.02 10.17 0 0 0 
obj 19454 -2073.65 1418.28 11.35 0 0 -89.94 
obj 970 -2071.05 1417.98 10.17 0 0 0 
obj 19454 -2074.45 1418.27 11.35 0 0 -89.94 
obj 19454 -2068.85 1422.76 11.35 0 0 -1.26 
obj 19435 -2086.29 1426.78 11.35 0 0 0 
obj 19454 -2081.48 1427.49 11.35 0 0 -90.06 
obj 19454 -2073.52 1427.49 11.35 0 0 -89.94 
obj 970 -2087.3 1424.21 10.17 0 0 0.78 
obj 970 -2085.19 1422.09 10.17 0 0 -88.56 
obj 19454 -2089.62 1422.81 7.92 0 0 0 
obj 19454 -2081.48 1427.49 11.35 0 0 -90.06 
obj 19435 -2088.89 1416.39 12.39 0 91 -90 
obj 19435 -2088.89 1416.39 12.54 0 91 -90 
obj 19435 -2088.89 1416.39 12.7 0 91 -90 
obj 19435 -2088.89 1416.39 12.86 0 91 -90 
obj 19435 -2088.89 1416.39 13.02 0 91 -90 
obj 19435 -2088.9 1412.91 12.33 0 91 -90 
obj 19435 -2088.9 1412.91 12.51 0 91 -90 
obj 19435 -2088.9 1412.91 12.68 0 91 -90 
obj 19435 -2088.9 1412.91 12.85 0 91 -90 
obj 19435 -2088.9 1412.91 12.99 0 91 -90 
obj 19435 -2081.01 1409.22 12.33 0 91 -0.6 
obj 19435 -2081.03 1409.23 12.49 0 91 -0.6 
obj 19435 -2081.03 1409.23 12.65 0 91 -0.6 
obj 19435 -2081.03 1409.23 12.81 0 91 -0.6 
obj 19435 -2081.03 1409.23 12.97 0 91 -0.6 
obj 19435 -2084.45 1409.31 12.42 0 91 -0.6 
obj 19435 -2084.45 1409.31 12.48 0 91 -0.6 
obj 19435 -2084.44 1409.27 12.56 0 91 -0.6 
obj 19435 -2084.44 1409.27 12.72 0 91 -0.6 
obj 19435 -2084.43 1409.28 12.88 0 91 -0.6 
obj 19435 -2084.44 1409.27 13.04 0 91 -0.6 
obj 19435 -2087.88 1409.33 12.37 -1 90 -1 
obj 19435 -2088.89 1410.33 12.45 0 91 90 
obj 19435 -2088.89 1410.33 12.61 0 91 90 
obj 19435 -2088.89 1410.33 12.77 0 91 90 
obj 19435 -2088.89 1410.33 12.83 0 91 90 
obj 19435 -2088.89 1410.33 12.98 0 91 90 
obj 19435 -2088.89 1410.33 12.35 0 91 90 
obj 19435 -2084.49 1409.26 12.39 0 91 -0.6 
obj 19435 -2087.89 1409.32 12.53 -1 90 -1 
obj 19435 -2087.88 1409.32 12.65 -1 90 -1 
obj 19435 -2087.88 1409.32 12.85 -1 90 -1 
obj 19435 -2087.88 1409.32 12.98 -1 90 -1 
obj 19435 -2087.88 1409.32 13.09 -1 90 -1 
obj 970 -2081.75 1408.87 10.17 0 0 0.06 
obj 970 -2086.93 1408.83 10.17 0 0 0.06 
obj 970 -2089.22 1411.07 10.17 0 0 88.98 
obj 970 -2089.1 1415.76 10.17 0 0 88.98 
obj 19435 -2088.9 1411.71 13.09 -1 90 89.66 
obj 19435 -2088.89 1415.21 13.09 -1 90 89.66 
obj 19435 -2088.89 1416.35 13.09 -1 90 89.66 
obj 19435 -2073.82 1426.55 11.35 0 0 0 
obj 19435 -2073.82 1424.99 11.35 0 0 0 
obj 19435 -2073.82 1423.47 11.35 0 0 0 
obj 19435 -2073.82 1421.91 11.35 0 0 0 
obj 19391 -2073.81 1419.98 11.35 0 0 0.48 
obj 1491 -2073.77 1419.22 9.62 0 0 91.38 
obj 2012 -2072.24 1426.88 9.62 0 0 0 
obj 1889 -2072.21 1423.88 9.62 0 0 0 
obj 1890 -2072.27 1421.5 9.62 0 0 0 
obj 1895 -2074 1422.41 11.37 0 0 -90.12 
obj 1985 -2075.73 1426.31 13.13 0 0 0 
obj 1985 -2075.71 1424.91 13.13 0 0 0 
obj 1985 -2075.66 1423.19 13.13 0 0 0 
obj 2632 -2077.53 1426.34 9.61 0 0 1.26 
obj 2631 -2077.52 1424.08 9.61 0 0 1.26 
obj 2627 -2074.82 1421.75 9.61 0 0 0 
obj 2630 -2076.67 1421.78 9.61 0 0 181.98 
obj 2628 -2078.49 1421.73 9.61 0 0 -0.42 
obj 19435 -2080.28 1426.73 11.35 0 0 0 
obj 19435 -2080.28 1425.17 11.35 0 0 0 
obj 19435 -2080.28 1423.57 11.35 0 0 0 
obj 19435 -2080.28 1421.97 11.35 0 0 0 
obj 19391 -2079.51 1419.83 11.35 0 0 27.9 
obj 1491 -2079.15 1419.17 9.62 0 0 118.2 
obj 19435 -2084.86 1426.68 11.35 0 0 0 
obj 19435 -2084.37 1425.32 11.35 0 0 37.56 
obj 19435 -2083.42 1424.05 11.35 0 0 37.56 
obj 19435 -2082.44 1422.8 11.35 0 0 37.56 
obj 1491 -2080.39 1422.35 9.62 0 0 182.64 
obj 2526 -2082.08 1426.83 9.62 0 0 0 
obj 2527 -2084.28 1425.87 9.62 0 0 0 
obj 2524 -2083.49 1425.19 9.63 0 0 131.46 
obj 19454 -2084.91 1419.83 13.03 0 90 -90.48 
obj 19454 -2084.88 1423.25 13.03 0 90 -90.48 
obj 19454 -2084.86 1425.87 13.03 0 90 -90.48 
obj 19454 -2075.36 1419.76 13.03 0 90 -90.48 
obj 19454 -2075.35 1423.2 13.01 0 90 -90.48 
obj 19454 -2075.41 1425.83 13.03 0 90 -90.48 
obj 19454 -2073.49 1425.85 13.03 0 90 -90.48 
obj 19454 -2073.49 1422.32 13.03 0 90 -90.48 
obj 19454 -2073.65 1419.76 13.03 0 90 -90.48 
obj 19391 -2080.84 1408.42 7.86 0 0 90 
