sell 10825 1007.63 -655.01 121.03 91 0 21.12 
RemoveBuildingForPlayer playerid 3737 1013.9844 -669.1563 123   
RemoveBuildingForPlayer playerid 3604 1013.9844 -669.1563 123   
changeobj 1506 1028.63 2221.44 9.82 0 0 -87.54 1502
changeobj 1506 1038.67 2221.63 9.82 0 0 -87.54 1502
changeobj 1506 1035.91 2218.21 9.82 0 0 -358.8 1502
changeobj 1506 1035.58 2224.09 9.82 0 0 -358.32 1502
changeobj 1506 1039.66 2222.57 9.82 0 0 -358.32 1502
changeobj 1506 1039.81 2219.32 9.82 0 0 -358.32 1502
changeobj 1506 1038.27 2229.89 9.82 0 0 -87.54 1502
changeobj 1506 1007.52 -656.35 120.22 0 0 32.4 1502
changeobj 1506 1011.87 -667.46 120.22 0 0 31.32 1502
changeobj 1506 1015.12 -665.36 120.22 0 0 122.4 1502
changeobj 1506 1017.43 -664.84 120.22 0 0 212.28 1502
obj 19378 1044.06 2226.25 9.83 0 -91 2.22 
obj 19378 1044.49 2216.74 9.83 0 -91 2.22 
obj 19453 1049.4 2226.54 11.66 0 0 1.92 
obj 19453 1049.73 2216.91 11.66 0 0 1.92 
obj 19325 1028.44 2227.09 11.17 0 0 1.8 
obj 19325 1028.86 2214.63 11.16 0 0 1.98 
obj 19390 1028.69 2220.68 11.48 0 0 2.22 
obj 19434 1028.79 2218.51 11.47 0 0 2.22 
obj 19434 1028.6 2223.06 11.47 0 0 3 
obj 19453 1034.92 2230.66 11.43 0 0 -87.42 
obj 19453 1035.59 2211.57 11.45 0 0 -87.42 
obj 19325 1031.61 2230.53 11.17 0 0 -88.02 
obj 19325 1032.26 2211.43 11.13 0 0 -88.02 
obj 19453 1036.17 2215.41 11.44 0 0 -216 
obj 19453 1035.29 2227.05 11.45 0 0 -136.44 
obj 19390 1038.75 2220.85 11.45 0 0 4.08 
obj 19434 1038.62 2222.86 11.45 0 0 3.84 
obj 19407 1030.46 2217.9 11.48 0 0 -87.3 
obj 19407 1030.2 2223.85 11.48 0 0 -87.3 
obj 19407 1033.36 2223.99 11.48 0 0 -87.3 
obj 19407 1033.59 2218.05 11.48 0 0 -87.3 
obj 19390 1036.63 2218.18 11.46 0 0 -88.02 
obj 19390 1036.38 2224.08 11.4 0 0 -88.02 
obj 19466 1033.44 2218.04 11.83 0 0 -86.82 
obj 19466 1030.48 2217.9 11.83 0 0 -86.82 
obj 19466 1030.28 2223.85 11.83 0 0 -86.82 
obj 19466 1033.35 2223.99 11.83 0 0 -86.82 
obj 19390 1040.44 2219.34 11.45 0 0 -88.02 
obj 19390 1040.35 2222.6 11.44 0 0 -88.02 
obj 19325 1046.03 2219.47 11.14 0 0 -88.02 
obj 19434 1042.62 2219.43 11.43 0 0 -88.38 
obj 19434 1042.64 2222.67 11.45 0 0 -88.38 
obj 19325 1046 2222.71 11.29 0 0 -88.02 
obj 2631 1031.47 2225.99 9.91 0 0 -87.72 
obj 2632 1029.48 2225.93 9.85 0 0 -86.88 
obj 2628 1033.27 2225.26 9.85 0 0 -178.14 
obj 2627 1031.09 2229.28 9.87 0 0 0.96 
obj 2399 1033.14 2228.86 11.38 0 0 -46.68 
obj 2382 1033.45 2228.26 11.52 0 0 -47.4 
obj 2389 1034.04 2227.88 11.34 0 0 -45 
obj 2229 1032.26 2230.09 9.89 0 0 0 
obj 2229 1028.93 2230.17 9.89 0 0 0 
obj 2627 1029.63 2229.23 9.87 0 0 1.02 
obj 1808 1035.03 2224.33 9.93 0 0 -182.7 
obj 2164 1032.83 2211.77 9.87 0 0 -179.88 
obj 2067 1031.09 2211.67 9.85 0 0 0 
obj 1723 1032.94 2216.18 9.87 0 0 -448.2 
obj 1723 1029.61 2217.04 9.87 0 0 -357.24 
obj 2163 1034.85 2213.79 11.49 0 0 -127.8 
obj 2167 1036.03 2215.38 11.04 0 0 -127.92 
obj 1723 1031.72 2213.19 9.87 0 0 -538.44 
obj 1808 1035.25 2217.79 9.93 0 0 0 
obj 2024 1030.18 2214.76 9.85 0 0 0 
obj 2813 1030.73 2215.7 10.38 0 0 0 
obj 2816 1031.08 2215.05 10.38 0 0 16.8 
obj 1544 1030.02 2214.82 10.38 0 0 0 
obj 1517 1030.6 2214.73 10.59 0 0 0 
obj 2028 1030.04 2215.19 10.48 0 0 0 
obj 19378 1034.05 2216.34 9.83 0 -89 2 
obj 19378 1033.72 2225.9 9.83 0 -89 2 
obj 19434 1038.36 2227.51 11.42 0 0 3 
obj 19390 1038.34 2229.15 11.45 0 0 2.22 
obj 19434 1038.43 2226.01 11.4 0 0 3 
obj 19434 1038.52 2224.85 11.42 0 0 3 
obj 19434 1038.59 2223.56 11.4 0 0 3 
obj 2526 1034.84 2230.04 9.92 0 0 -176.94 
obj 2632 1029.56 2225.97 9.99 0 0 -88.2 
obj 2525 1036.24 2226.94 9.92 0 0 135.36 
obj 2524 1037.12 2226.01 9.87 0 0 134.1 
obj 1208 1035.45 2227.45 9.88 0 0 -46.92 
obj 2517 1037.84 2226.47 9.85 0 0 -174.24 
obj 2315 1036.06 2230.14 9.85 0 0 1.14 
obj 2813 1037.65 2230.08 10.34 0 0 0 
obj 2816 1036.63 2230.19 10.34 0 0 0 
obj 2399 1034.77 2228.04 11.12 0 0 133.5 
obj 2382 1034.4 2228.67 11.05 0 0 -41.46 
obj 2226 1035.98 2230.12 10.34 0 0 -49.26 
obj 2251 1037.1 2230.25 11.21 0 0 0 
obj 1709 1048.48 2224.66 9.92 0 0 -176.46 
obj 1710 1044.5 2226.71 9.95 0 0 1.74 
obj 1823 1047.67 2224.78 9.93 0 0 1.92 
obj 1823 1046.49 2224.73 9.93 0 0 1.92 
obj 1823 1045.29 2224.69 9.93 0 0 1.92 
obj 1823 1044.11 2224.64 9.93 0 0 1.92 
obj 1517 1048.02 2225.51 10.61 0 0 0 
obj 1517 1047.82 2225.32 10.61 0 0 0 
obj 1544 1047.35 2225.41 10.43 0 0 0 
obj 1544 1047.54 2224.98 10.43 0 0 0 
obj 1544 1048.11 2225.02 10.43 0 0 0 
obj 2257 1049.27 2225.4 12.14 0 0 -87.36 
obj 2258 1049.19 2228.71 11.4 0 0 -87.12 
obj 2226 1046.66 2225.2 10.43 0 0 0 
obj 2816 1045.6 2225.21 10.43 0 0 0 
obj 2229 1049.25 2227 10 0 0 0 
obj 2229 1043.93 2226.97 10 0 0 0 
obj 2860 1044.56 2225.09 10.43 0 0 0 
obj 2251 1048.34 2225.54 11.3 0 0 0 
obj 19325 1042.76 2230.96 11.22 0 0 -88.02 
obj 19325 1046.05 2231.08 11.22 0 0 -88.02 
obj 19325 1046.66 2211.97 11.33 0 0 -88.02 
obj 19325 1041.64 2211.81 11.33 0 0 -88.02 
obj 11665 1047.88 2213.85 10.68 0 0 0.72 
obj 2614 1049.54 2217.06 11.93 0 0 -88.14 
obj 1796 1045.96 2216.93 10 0 0 -86.58 
obj 2067 1045.9 2218.8 9.99 0 0 0.6 
obj 2290 1042.19 2213.92 9.88 0 0 0.78 
obj 1823 1042.56 2212.32 9.87 0 0 0 
obj 1544 1043.05 2212.94 10.34 0 0 0 
obj 1517 1043.49 2212.61 10.58 0 0 0 
obj 1517 1042.64 2213.05 10.58 0 0 0 
obj 1544 1043.41 2213.14 10.34 0 0 0 
obj 2267 1049.65 2214.78 11.79 0 0 -88.14 
obj 2281 1049.25 2213.14 11.47 0 0 -86.64 
obj 2262 1037.98 2216.91 11.55 0 0 -307.92 
obj 2257 1036.29 2215.35 11.76 0 0 53.88 
obj 2258 1038.52 2218.45 12.14 0 0 53.58 
obj 2737 1035.57 2211.77 12.15 0 0 -177.48 
obj 2024 1044.07 2218.09 9.93 0 0 4.44 
obj 2484 1044.5 2218.67 11.26 0 0 1.74 
obj 1742 1046.78 2219.47 9.96 0 0 2.1 
obj 1742 1048.23 2219.49 9.98 0 0 3.06 
obj 1724 1045.17 2217.33 9.87 0 0 -175.74 
obj 1709 1035.79 2211.88 9.92 0 0 -304.14 
obj 2387 1048.98 2218.2 9.86 0 0 0.72 
obj 2375 1037.58 2212.41 9.83 0 0 1.92 
obj 2164 1049.35 2221.56 9.99 0 0 -88.26 
obj 1723 1045.89 2222.1 9.96 0 0 2.88 
obj 1723 1048.05 2220.1 9.96 0 0 -177.66 
obj 2067 1048.92 2219.96 9.99 0 0 -90.24 
obj 2067 1049.1 2222.44 9.99 0 0 -90.24 
obj 1723 1042.37 2221.99 9.96 0 0 2.88 
obj 1723 1044.55 2220.12 9.96 0 0 -177.66 
obj 1690 1030.03 2220.67 14.02 0 0 -179.1 
obj 19378 1034.05 2216.34 13.21 0 -89 2 
obj 19378 1033.74 2225.93 13.21 0 -89 2 
obj 19378 1044.49 2216.74 13.21 0 -91 2.22 
obj 19378 1044.06 2226.25 13.23 0 -91 2.22 
obj 1690 1030.25 2214.74 14.02 0 0 -179.1 
obj 1690 1029.8 2226.91 14.02 0 0 -179.1 
obj 1697 1043.8 2227.62 14.94 0 0 92.22 
obj 1697 1044.12 2220.94 14.94 0 0 92.22 
obj 1697 1044.45 2214.5 14.94 0 0 92.22 
obj 19453 1023.19 2235.64 11.43 0 0 -90.12 
obj 19453 1023.08 2245.28 11.43 0 0 -88.8 
obj 19378 1023.01 2240.48 13.21 0 -89 0.56 
obj 19453 1027.41 2240.49 11.43 0 0 -179.7 
obj 14781 1023.07 2249.7 10.31 0 0 0 
obj 1238 1017.74 2235.71 10.11 0 0 0 
obj 1238 1017.75 2245.14 10.11 0 0 0 
obj 19325 1024.16 2240.49 11.22 0 0 -90.06 
obj 19325 1020.71 2240.51 11.22 0 0 -90.06 
obj 1238 1017.64 2240.87 10.11 0 0 0 
obj 1238 1017.62 2240.13 10.11 0 0 0 
obj 19425 1026.28 2242.99 9.81 0 0 -89.34 
obj 19425 1022.62 2242.9 9.81 0 0 -89.34 
obj 19425 1026.22 2238.08 9.81 0 0 -89.34 
obj 19425 1022.74 2238.06 9.81 0 0 -89.34 
obj 2632 1019.04 2247.92 9.99 0 0 -89.34 
obj 2631 1019.13 2252.5 9.91 0 0 -90.6 
obj 1255 1023.85 2257.61 10.17 0 0 -194.64 
obj 1255 1023.77 2261.41 10.17 0 0 -157.5 
obj 1568 1026.19 2217.97 9.8 0 0 0 
obj 1568 1026.05 2223.31 9.8 0 0 0 
obj 1568 1028.7 2232.3 9.8 0 0 0 
obj 1568 1029.73 2208.6 9.8 0 0 0 
obj 1568 1025.1 2259.47 9.8 0 0 0 
obj 19379 1056.78 2215.97 9.81 0 91 0 
obj 19379 1056.77 2225.6 9.81 0 91 0 
obj 946 1056.31 2212.45 12.09 0 0 3.12 
obj 946 1056.54 2228.91 12.09 0 0 -178.98 
obj 1297 1060.54 2230.32 13.03 0 0 43.14 
obj 1297 1060.93 2211.44 13.03 0 0 -47.1 
obj 1297 1051.71 2211.48 13.03 0 0 -130.44 
obj 1297 1051.73 2229.94 13.03 0 0 -212.28 
obj 19378 1016.59 -669.16 120.13 0 90 -57.88 
obj 19378 1011.09 -660.35 120.13 0 90 -57.88 
obj 19450 1019.44 -673.62 121.88 0 0 -59.1 
obj 19404 1010.86 -654.28 121.85 0 0 -59.52 
obj 19404 1005.51 -657.58 121.82 0 0 -58.32 
obj 19388 1008.15 -655.94 121.83 0 0 -57.72 
obj 19325 1006.05 -661.29 121.53 0 0 31.5 
obj 19325 1014.02 -656.29 121.53 0 0 33.06 
obj 19450 1020.86 -667.01 121.84 0 0 -148.14 
obj 19404 1014.47 -674.73 121.89 0 0 -147.18 
obj 19404 1012.84 -672.11 121.88 0 0 -148.2 
obj 19404 1011.14 -669.42 121.87 0 0 -147.3 
obj 19404 1009.45 -666.77 121.85 0 0 -147.54 
obj 19431 1008.19 -664.79 121.83 0 0 32.16 
obj 19404 1017.48 -661.62 121.89 0 0 -147.9 
obj 19431 1016.23 -659.65 121.89 0 0 31.74 
obj 19466 1012.9 -672.24 122.1 0 0 31.08 
obj 19466 1014.51 -674.83 122.1 0 0 31.08 
obj 19466 1011.12 -669.32 122.1 0 0 31.08 
obj 19466 1009.42 -666.72 122.1 0 0 31.08 
obj 19466 1005.57 -657.48 122.1 0 0 -58.68 
obj 19466 1011.07 -654.23 122.1 0 0 -60.9 
obj 19466 1017.52 -661.73 122.1 0 0 31.08 
obj 11665 1006.71 -659.17 120.85 0 0 -237.18 
obj 2747 1012.19 -656.43 120.64 0 0 31.74 
obj 2747 1012.66 -657.19 120.64 0 0 32.1 
obj 2747 1013.18 -658 120.64 0 0 33.12 
obj 2124 1012.75 -655.01 121.03 0 0 30.18 
obj 2124 1013.29 -655.86 121.03 0 0 31.44 
obj 2124 1013.71 -656.57 121.03 0 0 32.82 
obj 2124 1014.19 -657.36 121.03 0 0 32.64 
obj 2124 1012.26 -658.67 121.03 0 0 -144.06 
obj 2124 1011.74 -657.83 121.03 0 0 -147 
obj 2124 1011.24 -657.04 121.03 0 0 -145.62 
obj 2124 1010.74 -656.2 121.03 0 0 -145.62 
obj 2747 1011.74 -655.63 120.64 0 0 31.08 
obj 2222 1012.13 -655.38 121.12 0 0 28.08 
obj 2222 1011.37 -655.85 121.12 0 0 28.08 
obj 2222 1012.6 -656.26 121.12 0 0 28.08 
obj 2222 1011.87 -656.67 121.12 0 0 28.08 
obj 2222 1012.35 -657.43 121.12 0 0 28.08 
obj 2222 1012.86 -658.18 121.12 0 0 28.08 
obj 2222 1013.04 -657 121.12 0 0 28.08 
obj 2222 1013.53 -657.72 121.12 0 0 28.08 
obj 19388 1014.69 -664.7 121.86 0 0 -148.38 
obj 19450 1011.45 -659.47 121.88 0 0 -148.14 
obj 19388 1016.8 -665.23 121.88 0 0 -238.44 
obj 19431 1018.35 -664.29 121.83 0 0 -58.68 
obj 2130 1016.36 -661.29 120.21 0 0 -58.32 
obj 2127 1017.43 -663.03 120.21 0 0 -58.38 
obj 2304 1009.85 -655.59 120.21 0 0 122.28 
obj 2128 1015.89 -660.34 120.21 0 0 -58.68 
obj 1808 1015.64 -659.36 120.21 0 0 -57.72 
obj 1778 1015.84 -665.56 120.21 0 0 -79.5 
obj 2416 1014.5 -662.9 120.21 0 0 123.42 
obj 2163 1012.73 -661.25 120.21 0 0 123.54 
obj 2167 1011.73 -659.71 121.09 0 0 122.04 
obj 2163 1012.79 -661.33 121.67 0 0 123.54 
obj 19404 1016.37 -667.42 121.87 0 0 -147.9 
obj 19404 1018.04 -670.09 121.87 0 0 -147.9 
obj 19431 1019.14 -671.85 121.88 0 0 31.74 
obj 19431 1019.55 -672.51 121.89 0 0 31.74 
obj 955 1013.26 -663.43 120.8 0 0 -58.26 
obj 19466 1016.29 -667.2 122.1 0 0 31.08 
obj 19466 1018.04 -670.05 122.1 0 0 31.08 
obj 1796 1018.83 -669.62 120.21 0 0 -148.8 
obj 2297 1019.17 -665.07 120.21 0 0 -102 
obj 2230 1020.65 -667.08 120.21 0 0 -59.34 
obj 2230 1019.09 -664.61 120.21 0 0 -59.34 
obj 2267 1022.35 -671.69 121.84 0 0 -149.46 
obj 2193 1022.14 -670.79 120.21 0 0 119.58 
obj 2315 1017.38 -667.79 120.21 0 0 -57.3 
obj 2813 1018.16 -669.12 120.71 0 0 0 
obj 2816 1017.65 -668.42 120.71 0 0 0 
obj 2226 1017.29 -667.66 120.71 0 0 51.06 
obj 2164 1020.88 -667.59 120.21 0 0 -58.44 
obj 2387 1018.88 -670.22 120.21 0 0 33.78 
obj 1724 1021.46 -669.67 120.22 0 0 -58.14 
obj 19388 1012.51 -667.02 121.88 0 0 -238.44 
obj 19431 1014.5 -665.82 121.87 0 0 -58.68 
obj 19431 1011 -667.94 121.87 0 0 -58.68 
obj 2631 1015.38 -667.73 120.21 0 0 -59.16 
obj 2632 1018.03 -672.1 120.21 0 0 -58.2 
obj 2627 1016.59 -669.93 120.21 0 0 -58.44 
obj 2389 1017.4 -674.38 121.45 0 0 -147.12 
obj 2399 1016.88 -674.72 121.49 0 0 208.26 
obj 1709 1011.47 -666.55 120.21 0 0 123 
obj 1710 1010.54 -659.37 120.21 0 0 -58.32 
obj 2024 1009.71 -664.19 120.21 0 0 -57.3 
obj 2484 1010.39 -664.45 121.59 0 0 -53.88 
obj 2164 1010.04 -657.49 120.21 0 0 -58.62 
obj 2630 1015.74 -675.04 120.21 0 0 -56.4 
obj 2628 1014.44 -673.06 120.21 0 0 -239.58 
obj 2230 1012.27 -670.8 120.21 0 0 -239.16 
obj 2230 1011.73 -669.92 120.21 0 0 -239.16 
obj 2067 1011.18 -668.53 120.21 0 0 34.56 
obj 2067 1011.83 -668.2 120.21 0 0 34.56 
obj 1568 1023.05 -666.22 120.1 0 0 0 
obj 1568 1020.1 -662.33 120.1 0 0 0 
obj 1568 1017.64 -658.64 120.1 0 0 0 
obj 1568 1013.5 -652.97 120.1 0 0 0 
obj 1568 1008.97 -655 120.1 0 0 0 
obj 1568 1006.85 -656.24 120.1 0 0 0 
obj 19378 1011.12 -660.37 123.56 0 90 -57.82 
obj 1568 1012.07 -653.89 123.63 0 0 0 
obj 1568 1004.68 -658.45 123.63 0 0 0 
obj 1568 1015.21 -675.29 123.63 0 0 0 
obj 1568 1022.94 -671.07 123.63 0 0 0 
obj 19333 994.01 -679.81 168.59 0 0 33.18 
obj 946 1011.02 -674.32 122.31 0 0 30 
obj 3361 1006.53 -664.22 121.54 0 0 -238 
obj 16151 1019.23 -672.62 123.99 0 0 -58 
obj 19128 1018.53 -667.69 123.65 0 0 -59 
obj 19128 1014.8 -669.97 123.65 0 0 -59 
obj 1255 1012.36 -657.12 124.21 0 0 -207 
obj 1255 1010.7 -657.79 124.21 0 0 -207 
obj 1255 1008.65 -658.43 124.21 0 0 -207 
obj 2803 1018.1 -664.47 124.15 0 0 0 
obj 1481 1016.44 -663.69 124.25 0 0 4 
obj 1481 1015.05 -664.11 124.25 0 0 34 
obj 1481 1014.06 -664.83 124.25 0 0 34 
obj 1481 1013.03 -665.49 124.25 0 0 34 
obj 1481 1012.32 -666.58 124.25 0 0 69 
obj 19378 1016.71 -669.26 123.56 0 90 -57.88 
obj 1708 1016.62 -665.08 123.65 0 0 -171 
obj 1708 1013.86 -666.46 123.65 0 0 -113 
obj 2804 1016.49 -663.69 124.4 0 0 113 
obj 2804 1014.98 -664.2 124.4 0 0 113 
obj 2804 1015.13 -663.92 124.4 0 0 113 
obj 2804 1014.08 -664.91 124.4 0 0 113 
obj 2804 1014.18 -664.67 124.4 0 0 113 
obj 2804 1012.87 -665.52 124.4 0 0 113 
obj 2804 1013.11 -665.42 124.4 0 0 113 
obj 2804 1012.35 -666.49 124.4 0 0 125 
obj 19450 1015.34 -644.57 121.58 0 0 -148.14 
obj 19450 1017.2 -647.55 121.58 0 0 -148.14 
obj 19450 1025.93 -642.17 121.84 0 0 -148.14 
obj 19450 1023.99 -639.1 121.84 0 0 -148.14 
obj 19450 1024.47 -648.89 121.58 0 0 -238 
obj 19377 1021.35 -644.93 123.36 0 -90 32 
obj 19377 1019.49 -641.96 123.34 0 -90 32 
obj 3499 1012.87 -640.85 119.75 0 0 0 
obj 3499 1021.78 -635.36 119.75 0 0 0 
obj 19450 1024.28 -648.76 118.54 0 0 -238 
obj 19450 1025.93 -642.17 118.4 0 0 -148.14 
obj 19450 1024.46 -639.78 118.4 0 0 -148.14 
obj 19450 1023.98 -649.37 121.56 0 0 -238 
obj 19450 1023.88 -649.03 118.54 0 0 -238 
