sell 10825 1001.99 1609.42 11 0 0 0 
changeobj 1506 996.87 1608.94 10 0 0 90 1502
changeobj 1506 978.12 1601.7 10 0 0 0 1502
changeobj 1506 991.3 1620.83 13.5 0 0 0 1502
changeobj 1506 991.31 1601.71 13.5 0 0 0 1502
changeobj 1506 963.89 1606.7 10 0 0 0 1502
changeobj 1506 966.97 1606.74 10 0 0 180 1502
changeobj 1506 986.98 1608.93 10 0 0 90 1502
obj 19377 991.66 1616.11 9.9 0 90 0 
obj 19377 991.66 1606.48 9.9 0 90 0 
obj 19377 981.16 1606.47 9.9 0 90 0 
obj 19377 981.16 1616.11 9.9 0 90 0 
obj 19353 996.82 1619.32 11.73 0 0 0 
obj 19353 996.82 1616.11 11.73 0 0 0 
obj 19353 996.82 1612.9 11.73 0 0 0 
obj 19383 996.82 1609.69 11.73 0 0 0 
obj 19399 996.82 1606.47 11.73 0 0 0 
obj 19353 996.82 1603.26 11.73 0 0 0 
obj 19353 995.12 1601.75 11.73 0 0 90 
obj 19353 991.9 1601.75 11.73 0 0 90 
obj 19353 988.7 1601.75 11.73 0 0 90 
obj 19353 995.12 1620.83 11.73 0 0 90 
obj 19353 991.91 1620.83 11.73 0 0 90 
obj 19353 988.7 1620.83 11.73 0 0 90 
obj 19353 987 1619.32 11.73 0 0 0 
obj 19353 987 1616.11 11.73 0 0 0 
obj 19353 987 1612.9 11.73 0 0 0 
obj 19383 987 1609.68 11.73 0 0 0 
obj 19353 987 1606.47 11.73 0 0 0 
obj 19353 987 1603.26 11.73 0 0 0 
obj 19377 991.66 1606.48 13.4 0 90 0 
obj 19377 991.66 1616.11 13.4 0 90 0 
obj 19325 996.79 1606.44 9.4 90 0 0 
obj 0 987.04 1608.94 10 0 0 90 
obj 1984 995.26 1610.94 10 0 0 90 
obj 1887 987.68 1607.47 10 0 0 90 
obj 1888 987.67 1604.38 10 0 0 90 
obj 1892 996.18 1609.2 10 0 0 90 
obj 1885 996.06 1608.09 10 0 0 90 
obj 1843 989.77 1602.44 10 0 0 180 
obj 2375 994.1 1602.3 10 0 0 180 
obj 2582 995.54 1603.06 10.8 0 0 220 
obj 2579 996.59 1604.5 11 0 0 270 
obj 2537 995.02 1620.23 10 0 0 0 
obj 2535 994.01 1620.23 10 0 0 0 
obj 2536 993.02 1620.23 10 0 0 0 
obj 2538 991.53 1620.22 10 0 0 0 
obj 2539 990.54 1620.21 10 0 0 0 
obj 2540 989.55 1620.22 10 0 0 0 
obj 2559 996.32 1606.99 11.3 0 0 270 
obj 2542 987.52 1615.48 10 0 0 90 
obj 2541 987.53 1614.49 10 0 0 90 
obj 1844 987.66 1612.21 10 0 0 90 
obj 1842 991.06 1606.66 10.4 0 0 90 
obj 1884 991.29 1612.11 10 0 0 90 
obj 1883 994.1 1606.61 10 0 0 90 
obj 1775 996.23 1614.89 11 0 0 270 
obj 1776 996.31 1616.57 11 0 0 270 
obj 2593 991.42 1615.41 11 0 0 270 
obj 2594 991.42 1615.41 11 0 0 270 
obj 2582 991.16 1617.31 11 0 0 270 
obj 2582 991.68 1617.27 11 0 0 90 
obj 2581 987.35 1617.39 11 0 0 90 
obj 2491 988.07 1619.72 10 0 0 90 
obj 2492 988.55 1619.49 11 0 0 90 
obj 2493 988.3 1619.23 11 0 0 0 
obj 2494 988.31 1619.74 11 0 0 180 
obj 2496 988.07 1619.47 11 0 0 270 
obj 19353 985.32 1620.84 11.73 0 0 270 
obj 19353 982.11 1620.84 11.73 0 0 270 
obj 19353 978.9 1620.84 11.73 0 0 270 
obj 19353 977.2 1619.32 11.73 0 0 0 
obj 19399 977.2 1616.11 11.73 0 0 0 
obj 19353 978.9 1614.59 11.73 0 0 90 
obj 19383 982.11 1614.59 11.73 0 0 90 
obj 19353 985.32 1614.59 11.73 0 0 90 
obj 19353 977.2 1612.9 11.73 0 0 0 
obj 19399 977.2 1609.69 11.73 0 0 0 
obj 19353 977.2 1606.48 11.73 0 0 0 
obj 19353 977.2 1603.27 11.73 0 0 0 
obj 19353 985.31 1601.74 11.73 0 0 90 
obj 19353 982.1 1601.74 11.73 0 0 90 
obj 19383 978.9 1601.74 11.73 0 0 90 
obj 19383 980.58 1603.44 11.73 0 0 0 
obj 19353 982.1 1605.13 11.73 0 0 90 
obj 19353 985.31 1605.13 11.73 0 0 90 
obj 1491 980.59 1602.68 10 0 0 90 
obj 1491 981.33 1614.56 10 0 0 0 
obj 19377 981.16 1616.11 13.4 0 90 0 
obj 19377 981.16 1606.48 13.4 0 90 0 
obj 2524 981.66 1604.53 10 0 0 0 
obj 2527 985.89 1603.53 10 0 0 0 
obj 2528 983.05 1604.46 10 0 0 0 
obj 2522 984.35 1602.37 10 0 0 180 
obj 2526 984.35 1602.37 10.07 0 0 180 
obj 2251 981.05 1604.8 10.8 0 0 84 
obj 2251 981.22 1602.16 10.8 0 0 -207 
obj 1738 986.75 1603.01 10.8 0 0 90 
obj 2328 986.88 1602.26 10 0 0 90 
obj 2253 985.71 1602.27 11 0 0 90 
obj 2256 982.42 1605.03 12 0 0 0 
obj 2258 984.61 1601.87 12 0 0 180 
obj 1893 984.46 1603.42 13.3 0 0 180 
obj 1893 991.57 1606.84 13.3 0 0 180 
obj 1893 994.65 1606.87 13.3 0 0 180 
obj 1893 991.72 1612.14 13.3 0 0 180 
obj 1893 993.96 1612.03 13.3 0 0 180 
obj 1893 994.21 1615.18 13.3 0 0 180 
obj 1893 990.25 1615.45 13.3 0 0 180 
obj 2580 996.65 1618.51 12 0 0 270 
obj 1443 997.32 1611.46 10.6 0 0 270 
obj 1443 997.48 1608.2 10.6 0 0 270 
obj 2714 997.01 1611.17 11.6 0 0 90 
obj 19325 977.15 1608.72 9.4 90 0 0 
obj 19325 977.2 1615.96 9.4 90 0 0 
obj 2559 977.7 1609.15 11.3 0 0 90 
obj 2558 977.7 1615.56 11.3 0 0 90 
obj 2165 986.36 1613.87 10 0 0 270 
obj 2356 985.04 1613.22 10 0 0 270 
obj 2176 1000.16 1604.08 12 0 0 270 
obj 2637 977.89 1609.7 10.3 0 0 270 
obj 2079 977.93 1607.92 10.5 0 0 270 
obj 2079 979.21 1609.38 10.5 0 0 0 
obj 2079 979.01 1610.77 10.5 0 0 33 
obj 2079 978 1611.37 10.5 0 0 90 
obj 2212 977.97 1610.48 10.8 -25 25 215 
obj 2216 978.35 1609.86 10.8 -25 25 149 
obj 2220 978.28 1608.89 10.8 -25 25 76 
obj 2346 984.29 1605.75 10 0 0 180 
obj 2312 983.74 1605.72 10.8 0 0 180 
obj 1728 982.91 1608.41 9.8 0 0 0 
obj 1729 981.94 1607.03 9.8 0 0 90 
obj 2229 982.54 1605.41 9.8 0 0 180 
obj 2229 984.38 1605.4 9.8 0 0 180 
obj 2233 983.93 1605.66 9.8 0 0 180 
obj 2233 982.9 1605.64 9.8 0 0 180 
obj 2234 984.34 1607.57 9.8 0 0 180 
obj 1730 986.5 1607.33 9.8 0 0 270 
obj 1828 984 1609.74 10 0 0 180 
obj 1828 982.11 1617.79 10 0 0 180 
obj 1701 979.2 1618.18 10 0 0 180 
obj 1731 979.75 1614.84 11.4 0 0 270 
obj 1731 977.62 1614.85 11.4 0 0 270 
obj 1208 984.39 1604.69 10 0 0 180 
obj 2252 983.78 1607.12 10.6 0 0 180 
obj 2257 983.79 1605.27 12 0 0 180 
obj 2258 986.88 1608.12 12 0 0 270 
obj 2259 977.78 1612.2 12 0 0 90 
obj 2164 978.21 1614.45 10 0 0 0 
obj 2162 980.04 1614.48 10 0 0 0 
obj 2163 983.41 1614.47 10 0 0 0 
obj 2159 977.52 1606.07 10 0 0 90 
obj 2160 977.52 1604.7 10 0 0 90 
obj 2158 977.84 1603.68 10 0 0 90 
obj 631 979.95 1602.55 11 0 0 90 
obj 631 978 1602.67 11 0 0 90 
obj 630 980.19 1604.9 11 0 0 90 
obj 630 986.07 1605.83 11 0 0 90 
obj 630 986.46 1610.82 11 0 0 90 
obj 2253 986.42 1607.41 11.2 0 0 180 
obj 2044 986.29 1606.83 11 0 0 236 
obj 2047 977.3 1605.8 12 0 0 90 
obj 2627 986.12 1619.5 10 0 0 0 
obj 2628 985.83 1615.33 10 0 0 270 
obj 2630 985.64 1616.95 10 0 0 270 
obj 2755 982.37 1620.55 11.7 0 0 0 
obj 1778 982.2 1605.79 10 0 0 0 
obj 2226 983.83 1614.2 10.9 0 0 0 
obj 630 983.18 1615.16 11 0 0 90 
obj 630 980.92 1615.3 11 0 0 90 
obj 630 984.29 1620.19 11 0 0 90 
obj 630 980.37 1620.43 11 0 0 90 
obj 2224 977.8 1619.08 10 0 0 0 
obj 2233 979.03 1620.67 10 0 0 0 
obj 2233 977.24 1619.52 10 0 0 90 
obj 2254 977.31 1618.73 12 0 0 90 
obj 2267 978.94 1620.72 12 0 0 0 
obj 19128 983.64 1617.62 13.3 0 180 0 
obj 19128 979.7 1617.61 13.3 0 180 0 
obj 19128 983.33 1609.86 13.3 0 180 0 
obj 19353 995.3 1601.74 15.23 0 0 90 
obj 19383 992.09 1601.75 15.23 0 0 90 
obj 19353 988.88 1601.74 15.23 0 0 90 
obj 19353 987.19 1603.26 15.23 0 0 0 
obj 19353 987.19 1606.47 15.23 0 0 0 
obj 19353 987.19 1609.68 15.23 0 0 0 
obj 19353 987.19 1612.9 15.23 0 0 0 
obj 19353 987.19 1616.11 15.23 0 0 0 
obj 19353 987.19 1619.32 15.23 0 0 0 
obj 19353 988.88 1620.83 15.23 0 0 90 
obj 19383 992.09 1620.84 15.23 0 0 90 
obj 19353 995.3 1620.84 15.23 0 0 90 
obj 19325 996.9 1617.6 15.23 0 0 0 
obj 19325 996.9 1610.96 15.23 0 0 0 
obj 19325 996.9 1604.99 15.23 0 0 0 
obj 19353 988.88 1611.27 15.23 0 0 90 
obj 19353 992.09 1611.27 15.23 0 0 90 
obj 19353 995.3 1611.27 15.23 0 0 90 
obj 19353 993.61 1609.58 15.23 0 0 0 
obj 19353 993.61 1612.96 15.23 0 0 0 
obj 19383 992.09 1614.66 15.23 0 0 90 
obj 19383 992.09 1607.88 15.23 0 0 90 
obj 19353 988.88 1607.88 15.23 0 0 90 
obj 19353 988.88 1614.66 15.23 0 0 90 
obj 1491 991.3 1614.66 13.5 0 0 0 
obj 1491 991.3 1607.84 13.5 0 0 0 
obj 19377 991.66 1606.47 17 0 90 0 
obj 19377 991.66 1616.11 17 0 90 0 
obj 2068 992.05 1615.91 17 0 0 0 
obj 2068 991.99 1606.86 17 0 0 0 
obj 2527 988.15 1609.71 13.5 0 0 0 
obj 2527 988.3 1612.7 13.5 0 0 180 
obj 2525 989.08 1608.47 13.5 0 0 180 
obj 2525 989.49 1614.08 13.5 0 0 0 
obj 2524 987.85 1614.08 13.5 0 0 0 
obj 2524 988.59 1608.46 13.5 0 0 180 
obj 2526 991.67 1610.69 13.5 0 0 180 
obj 2526 991.62 1611.87 13.5 0 0 180 
obj 2251 993.23 1614.13 14.3 0 0 180 
obj 2251 990.92 1614.2 14.3 0 0 180 
obj 2251 992.88 1608.45 14.3 0 0 180 
obj 2251 991.01 1608.45 14.3 0 0 180 
obj 1701 994.29 1607.66 13.5 0 0 0 
obj 1701 995.4 1614.89 13.5 0 0 180 
obj 2297 990.24 1615.05 13.5 0 0 135 
obj 2297 988.53 1607.49 13.5 0 0 -45 
obj 1728 990.02 1604.84 13.5 0 0 180 
obj 1728 988.51 1617.34 13.5 0 0 0 
obj 2573 987.81 1620.25 13.5 0 0 0 
obj 2573 990.79 1602.33 13.5 0 0 180 
obj 1742 993.99 1601.73 13.5 0 0 180 
obj 1742 995.43 1601.73 13.5 0 0 180 
obj 1742 993.41 1620.85 13.5 0 0 0 
obj 1742 994.86 1620.86 13.5 0 0 0 
obj 1729 995.15 1618.54 13.5 0 0 135 
obj 1729 995.14 1604.57 13.5 0 0 45 
obj 2254 987.31 1604.62 15.5 0 0 90 
obj 2256 987.31 1617.31 15.5 0 0 90 
obj 2001 987.87 1615.52 13.5 0 0 90 
obj 2001 996.27 1617.61 13.5 0 0 90 
obj 2001 992.75 1611.94 13.5 0 0 90 
obj 2001 992.74 1610.63 13.5 0 0 90 
obj 2001 996.39 1605.39 13.5 0 0 90 
obj 2001 987.79 1607.22 13.5 0 0 90 
obj 1828 992.09 1604.73 13.5 0 0 90 
obj 1828 992 1617.54 13.5 0 0 270 
obj 8614 994.43 1600.69 12.3 0 0 0 
obj 8615 995.06 1621.82 11.7 0 0 180 
obj 8615 982.79 1600.75 11.7 0 0 0 
obj 1419 982.6 1601.67 14 0 0 0 
obj 1419 978.5 1601.67 14 0 0 0 
obj 1419 976.5 1603.69 14 0 0 90 
obj 1419 976.5 1607.78 14 0 0 90 
obj 1419 978.51 1609.86 14 0 0 0 
obj 1419 982.56 1609.86 14 0 0 0 
obj 1419 985.04 1609.86 14 0 0 0 
obj 19128 984.1 1607.1 13.5 0 0 0 
obj 19128 980.12 1607.09 13.5 0 0 0 
obj 1729 977.21 1604.55 13.5 0 0 62 
obj 1729 979.8 1604.12 13.5 0 0 -33 
obj 1728 979.85 1602.27 13.5 0 0 178 
obj 1481 981.44 1602.8 14 0 0 178 
obj 1481 982.77 1602.74 14 0 0 193 
obj 676 977.51 1606.18 13.5 0 0 193 
obj 680 977.62 1609.19 14 0 0 193 
obj 676 985.17 1604.51 13.5 0 0 193 
obj 3276 991.73 1593.27 10.7 0 0 0 
obj 3276 980.11 1593.26 10.7 0 0 0 
obj 3276 968.49 1593.21 10.7 0 0 0 
obj 3276 962.57 1598.9 10.7 0 0 90 
obj 3276 962.59 1610.54 10.7 0 0 90 
obj 3276 968.54 1616.4 10.7 0 0 0 
obj 19321 965.38 1610.14 11.2 0 0 0 
obj 16151 976.06 1605.63 10.1 0 0 0 
obj 1491 977.12 1602.34 8.2 0 0 180 
obj 1645 965.89 1598.39 10.1 0 0 287 
obj 1646 966.76 1596.62 10.1 0 0 287 
obj 1647 967.44 1595.01 10.1 0 0 287 
obj 1353 984.67 1613.6 14.1 0 0 0 
obj 1353 984.65 1615.34 14.1 0 0 0 
obj 1353 982.93 1615.35 14.1 0 0 0 
obj 1353 982.92 1613.54 14.1 0 0 0 
obj 652 969.84 1612.85 9.07 0 0 0 
obj 652 965.46 1599.84 9.07 0 0 0 
obj 652 971.68 1605.54 9.07 0 0 0 
obj 654 960.81 1591.77 9.07 0 0 0 
obj 654 997.69 1589.97 9.07 0 0 0 
obj 19378 991.72 1608.86 20.6 45 90 0 
obj 19378 991.48 1615.63 20.6 -45 90 0 
obj 19399 996.69 1610.57 19 0 0 0 
obj 19399 996.69 1613.78 19 0 0 0 
obj 19399 986.57 1613.86 19 0 0 0 
obj 19399 986.57 1610.65 19 0 0 0 
obj 19325 996.76 1612.07 19.23 0 0 0 
obj 19325 986.75 1612.05 19.23 0 0 0 
obj 1353 986.86 1616.42 18.1 0 0 0 
obj 1353 986.76 1607.67 18.1 0 0 0 
obj 1353 996.17 1607.62 18.1 0 0 0 
obj 1353 996.13 1616.45 18.1 0 0 0 
obj 2176 1000.1 1616.68 12 0 0 270 
obj 18997 997.44 1611.67 12 90 0 90 
