sell 10825 189.85 133.68 2.6 93 0 0 
sell 10825 189.85 133.68 2.6 93 0 0 
changeobj 1506 186.64 173.62 5.95 0 0 3.6 1502
changeobj 1506 186.64 173.62 5.95 0 0 3.6 1502
obj 19379 196.6 160.93 0.58 0 0 3.66 
obj 19379 196.18 169.11 0.58 0 0 4.26 
obj 19379 179.2 168.74 0.48 0 0 3.72 
obj 19379 183.56 173.52 0.68 0 0 91.68 
obj 19379 191.18 173.78 0.68 0 0 89.7 
obj 19379 179.45 16.04 0.68 0 0 4.44 
obj 19379 179.62 159.34 0.47 0 0 3.96 
obj 19379 179.5 15.37 0.68 0 0 4.44 
obj 19379 184.53 168.78 5.68 0 90 1.54 
obj 19379 191.36 160.56 5.68 0 90 5.02 
obj 19379 190.92 168.9 5.68 0 90 5.02 
obj 19379 184.79 160.09 5.68 0 90 4.84 
obj 19379 184.73 155.2 0.48 0 0 -85.74 
obj 19379 192.11 155.78 0.48 0 0 -84.36 
obj 19379 183.4 187.74 5.98 0 90 2.56 
obj 19379 183.77 178.15 5.98 0 90 3.04 
obj 19379 190.41 178.53 5.98 0 90 2.08 
obj 19379 190 188.09 5.98 0 90 2.2 
obj 19390 187.35 173.72 7.74 0 0 91.86 
obj 19407 190.44 173.85 7.78 0 0 91.8 
obj 19407 184.34 173.57 7.78 0 0 91.8 
obj 19434 192.77 173.94 7.71 0 0 92.64 
obj 19434 194.31 174.05 7.71 0 0 92.64 
obj 19434 195.15 174.04 7.71 0 0 92.64 
obj 19434 182.12 173.49 7.71 0 0 92.64 
obj 19434 180.63 173.47 7.71 0 0 92.64 
obj 19434 179.51 173.42 7.71 0 0 92.64 
obj 19466 190.35 173.91 8.23 0 0 91.8 
obj 19466 184.18 173.62 8.23 0 0 91.8 
obj 19453 195.56 178.76 7.65 0 0 2.04 
obj 19453 195.16 188.12 7.65 0 0 2.76 
obj 19453 178.54 178.24 7.65 0 0 2.46 
obj 19453 178.16 187.58 7.65 0 0 2.46 
obj 19453 190.06 192.68 7.65 0 0 -87.84 
obj 19453 182.83 192.46 7.65 0 0 -87.84 
obj 19434 178.98 180.01 7.66 0 0 43.98 
obj 19434 178.6 184.62 7.66 0 0 -27.36 
obj 2296 178.72 181.34 6.09 0 0 92.28 
obj 2230 179.03 184.64 6.05 0 0 75.72 
obj 2230 179.18 180.77 6.05 0 0 116.82 
obj 2298 182.24 186.62 6.06 0 0 93.72 
obj 19453 183.3 179.55 7.65 0 0 94.5 
obj 19453 182.82 189.88 7.65 0 0 92.34 
obj 2002 182.43 180.25 5.99 0 0 -179.46 
obj 19434 179.69 185.31 7.66 0 0 -87.54 
obj 1728 183.64 183.04 6.06 0 0 -85.5 
obj 1729 183.66 184.03 6.02 0 0 -86.88 
obj 1806 183.79 188.71 6.1 0 0 53.04 
obj 2181 183.16 189.34 6.11 0 0 2.16 
obj 19434 187.99 180.66 7.66 0 0 -173.88 
obj 19434 187.81 182.23 7.66 0 0 -174.9 
obj 19434 187.72 183.76 7.66 0 0 -176.28 
obj 19434 187.61 185.33 7.66 0 0 -176.28 
obj 19434 187.81 182.23 7.66 0 0 -174.9 
obj 19434 187.53 186.9 7.66 0 0 -176.28 
obj 19434 187.46 187.86 7.66 0 0 -176.28 
obj 1491 187.3 190.08 6.06 0 0 -86.16 
obj 2519 178.51 191.72 6.02 0 0 1.38 
obj 2515 182.62 192.12 6.92 0 0 0.84 
obj 2514 178.52 190.28 6.1 0 0 90.6 
obj 2517 184.53 189.56 6.07 0 0 1.5 
obj 1491 187.28 192.62 6.06 0 0 -87.54 
obj 1491 187.46 190.04 6.06 0 0 93.54 
obj 19453 191.39 187.83 7.65 0 0 2.46 
obj 19453 191.73 180.43 7.65 0 0 2.04 
obj 1491 191.95 174.02 6.06 0 0 90.66 
obj 14720 192.62 192.04 6.18 0 0 -87.72 
obj 2576 194.59 189.37 6.07 0 0 -87.72 
obj 2451 192.29 185.21 6.19 0 0 91.98 
obj 1842 192.75 182.55 6.47 0 0 93 
obj 1594 193.19 178.94 6.82 0 0 0 
obj 2499 181.36 178.66 7.54 0 0 -172.86 
obj 2499 185.16 179 7.54 0 0 -172.86 
obj 1598 182.71 179.01 6.26 0 0 0 
obj 1598 184.01 179 6.26 0 0 0 
obj 2404 180.02 178.97 7.36 0 0 -352.98 
obj 2404 183.36 179.31 7.36 0 0 -352.98 
obj 1461 186.98 179.47 6.95 0 0 1.02 
obj 19379 190.49 178.7 9.46 0 90 2.94 
obj 19379 189.86 187.92 9.46 0 90 1.8 
obj 19379 183.4 187.57 9.46 0 90 1.62 
obj 19379 183.75 178.35 9.46 0 90 2.52 
obj 19453 195.82 169.55 7.65 0 0 2.04 
obj 19453 196.42 160.9 7.65 0 0 4.62 
obj 19453 180.09 159.46 7.65 0 0 4.02 
obj 19453 179.42 168.48 7.65 0 0 4.02 
obj 19425 181.71 155.29 5.75 0 0 4.02 
obj 19425 185.03 155.55 5.75 0 0 4.02 
obj 19425 188.28 155.75 5.75 0 0 4.02 
obj 19425 191.61 156.02 5.75 0 0 4.02 
obj 19425 194.97 156.23 5.75 0 0 4.02 
obj 18802 188.84 145.56 3.31 0 0 -265.8 
obj 3499 195 182.39 0.65 0 0 0 
obj 3499 194.39 192.6 0.65 0 0 0 
obj 3499 185.86 192.11 0.65 0 0 0 
obj 3499 178.02 191.7 0.65 0 0 0 
obj 3499 178.7 183.38 0.65 0 0 0 
obj 3499 179.14 173.94 0.65 0 0 0 
obj 19379 190.74 170.16 9.46 0 90 3.24 
obj 19379 191.22 160.67 9.46 0 90 3.24 
obj 19379 185.33 160.16 9.46 0 90 3.24 
obj 19379 184.47 168.96 9.46 0 90 3.24 
obj 19434 181.19 155.14 7.56 0 0 -85.32 
obj 19379 196.6 160.93 0.58 0 0 3.66 
obj 19379 196.18 169.11 0.58 0 0 4.26 
obj 19379 179.2 168.74 0.48 0 0 3.72 
obj 19379 183.56 173.52 0.68 0 0 91.68 
obj 19379 191.18 173.78 0.68 0 0 89.7 
obj 19379 179.45 16.04 0.68 0 0 4.44 
obj 19379 179.62 159.34 0.47 0 0 3.96 
obj 19379 179.5 15.37 0.68 0 0 4.44 
obj 19379 184.53 168.78 5.68 0 90 1.54 
obj 19379 191.36 160.56 5.68 0 90 5.02 
obj 19379 190.92 168.9 5.68 0 90 5.02 
obj 19379 184.79 160.09 5.68 0 90 4.84 
obj 19379 184.73 155.2 0.48 0 0 -85.74 
obj 19379 192.11 155.78 0.48 0 0 -84.36 
obj 19379 183.4 187.74 5.98 0 90 2.56 
obj 19379 183.77 178.15 5.98 0 90 3.04 
obj 19379 190.41 178.53 5.98 0 90 2.08 
obj 19379 190 188.09 5.98 0 90 2.2 
obj 19390 187.35 173.72 7.74 0 0 91.86 
obj 19407 190.44 173.85 7.78 0 0 91.8 
obj 19407 184.34 173.57 7.78 0 0 91.8 
obj 19434 192.77 173.94 7.71 0 0 92.64 
obj 19434 194.31 174.05 7.71 0 0 92.64 
obj 19434 195.15 174.04 7.71 0 0 92.64 
obj 19434 182.12 173.49 7.71 0 0 92.64 
obj 19434 180.63 173.47 7.71 0 0 92.64 
obj 19434 179.51 173.42 7.71 0 0 92.64 
obj 19466 190.35 173.91 8.23 0 0 91.8 
obj 19466 184.18 173.62 8.23 0 0 91.8 
obj 19453 195.56 178.76 7.65 0 0 2.04 
obj 19453 195.16 188.12 7.65 0 0 2.76 
obj 19453 178.54 178.24 7.65 0 0 2.46 
obj 19453 178.16 187.58 7.65 0 0 2.46 
obj 19453 190.06 192.68 7.65 0 0 -87.84 
obj 19453 182.83 192.46 7.65 0 0 -87.84 
obj 19434 178.98 180.01 7.66 0 0 43.98 
obj 19434 178.6 184.62 7.66 0 0 -27.36 
obj 2296 178.72 181.34 6.09 0 0 92.28 
obj 2230 179.03 184.64 6.05 0 0 75.72 
obj 2230 179.18 180.77 6.05 0 0 116.82 
obj 2298 182.24 186.62 6.06 0 0 93.72 
obj 19453 183.3 179.55 7.65 0 0 94.5 
obj 19453 182.82 189.88 7.65 0 0 92.34 
obj 2002 182.43 180.25 5.99 0 0 -179.46 
obj 19434 179.69 185.31 7.66 0 0 -87.54 
obj 1728 183.64 183.04 6.06 0 0 -85.5 
obj 1729 183.66 184.03 6.02 0 0 -86.88 
obj 1806 183.79 188.71 6.1 0 0 53.04 
obj 2181 183.16 189.34 6.11 0 0 2.16 
obj 19434 187.99 180.66 7.66 0 0 -173.88 
obj 19434 187.81 182.23 7.66 0 0 -174.9 
obj 19434 187.72 183.76 7.66 0 0 -176.28 
obj 19434 187.61 185.33 7.66 0 0 -176.28 
obj 19434 187.81 182.23 7.66 0 0 -174.9 
obj 19434 187.53 186.9 7.66 0 0 -176.28 
obj 19434 187.46 187.86 7.66 0 0 -176.28 
obj 1491 187.3 190.08 6.06 0 0 -86.16 
obj 2519 178.51 191.72 6.02 0 0 1.38 
obj 2515 182.62 192.12 6.92 0 0 0.84 
obj 2514 178.52 190.28 6.1 0 0 90.6 
obj 2517 184.53 189.56 6.07 0 0 1.5 
obj 1491 187.28 192.62 6.06 0 0 -87.54 
obj 1491 187.46 190.04 6.06 0 0 93.54 
obj 19453 191.39 187.83 7.65 0 0 2.46 
obj 19453 191.73 180.43 7.65 0 0 2.04 
obj 1491 191.95 174.02 6.06 0 0 90.66 
obj 14720 192.62 192.04 6.18 0 0 -87.72 
obj 2576 194.59 189.37 6.07 0 0 -87.72 
obj 2451 192.29 185.21 6.19 0 0 91.98 
obj 1842 192.75 182.55 6.47 0 0 93 
obj 1594 193.19 178.94 6.82 0 0 0 
obj 2499 181.36 178.66 7.54 0 0 -172.86 
obj 2499 185.16 179 7.54 0 0 -172.86 
obj 1598 182.71 179.01 6.26 0 0 0 
obj 1598 184.01 179 6.26 0 0 0 
obj 2404 180.02 178.97 7.36 0 0 -352.98 
obj 2404 183.36 179.31 7.36 0 0 -352.98 
obj 1461 186.98 179.47 6.95 0 0 1.02 
obj 19379 190.49 178.7 9.46 0 90 2.94 
obj 19379 189.86 187.92 9.46 0 90 1.8 
obj 19379 183.4 187.57 9.46 0 90 1.62 
obj 19379 183.75 178.35 9.46 0 90 2.52 
obj 19453 195.82 169.55 7.65 0 0 2.04 
obj 19453 196.42 160.9 7.65 0 0 4.62 
obj 19453 180.09 159.46 7.65 0 0 4.02 
obj 19453 179.42 168.48 7.65 0 0 4.02 
obj 19425 181.71 155.29 5.75 0 0 4.02 
obj 19425 185.03 155.55 5.75 0 0 4.02 
obj 19425 188.28 155.75 5.75 0 0 4.02 
obj 19425 191.61 156.02 5.75 0 0 4.02 
obj 19425 194.97 156.23 5.75 0 0 4.02 
obj 18802 188.84 145.56 3.31 0 0 -265.8 
obj 3499 195 182.39 0.65 0 0 0 
obj 3499 194.39 192.6 0.65 0 0 0 
obj 3499 185.86 192.11 0.65 0 0 0 
obj 3499 178.02 191.7 0.65 0 0 0 
obj 3499 178.7 183.38 0.65 0 0 0 
obj 3499 179.14 173.94 0.65 0 0 0 
obj 19379 190.74 170.16 9.46 0 90 3.24 
obj 19379 191.22 160.67 9.46 0 90 3.24 
obj 19379 185.33 160.16 9.46 0 90 3.24 
obj 19379 184.47 168.96 9.46 0 90 3.24 
obj 19434 181.19 155.14 7.56 0 0 -85.32 
