sell 10825 -445.21 315.89 6.22 90 0 180 
changeobj 1506 -450.9 318.56 5.34 0 0 0 1502
changeobj 1506 -446.43 318.53 5.34 0 0 0 1502
changeobj 1506 -450.93 317.13 0.15 0 0 0 1502
changeobj 1506 -446.48 317.15 0.15 0 0 0 1502
changeobj 1506 -446.39 335.99 0.15 0 0 0 1502
changeobj 1506 -451.01 335.98 0.15 0 0 0 1502
obj 19378 -447.96 331.17 0.06 0 90 0 
obj 19378 -447.91 321.79 0.06 0 90 0 
obj 19465 -445.73 317.09 2.69 0 0 90 
obj 19465 -445.64 336.01 2.7 0 0 90 
obj 19465 -450.26 336 2.7 0 0 90 
obj 19377 -447.88 321.8 5.25 0 90 0 
obj 3399 -445.38 310.05 3.11 0 0 90 
obj 19465 -445.68 318.53 7.88 0 0 90 
obj 19377 -453.16 331.17 5.34 0 0 0 
obj 19377 -453.15 321.81 5.34 0 0 0 
obj 19377 -447.95 321.83 10.59 0 90 0 
obj 19325 -451.1 336.05 7.38 90 0 90 
obj 19377 -447.97 331.15 5.25 0 90 0 
obj 19377 -442.66 331.17 5.34 0 0 0 
obj 19377 -442.65 321.76 5.34 0 0 0 
obj 19465 -450.15 318.55 7.88 0 0 90 
obj 19447 -445.17 301.42 0.68 -1 90 0 
obj 19465 -450.19 317.07 2.69 0 0 90 
obj 19325 -444.78 335.98 7.38 90 0 90 
obj 19325 -448.36 336.01 7.38 90 0 90 
obj 19447 -447.39 315.37 0.14 0 90 -90 
obj 19447 -450.48 308.82 0.14 0 90 0 
obj 11495 -440.07 336.94 0 0 0 90 
obj 19377 -447.86 331.16 10.59 0 90 0 
obj 2898 -450.34 319.88 0.15 0 0 0 
obj 2898 -445.75 319.78 0.15 0 0 0 
obj 2526 -445.09 324.84 0.15 0 0 0 
obj 2526 -445.06 327.39 0.15 0 0 0 
obj 2526 -445.11 333.86 0.15 0 0 0 
obj 2136 -452.55 333.74 0.15 0 0 90 
obj 2528 -452.19 327.14 0.15 0 0 90 
obj 2528 -447.56 325.57 0.15 0 0 90 
obj 2528 -452.22 325.27 0.15 0 0 90 
obj 2528 -452.2 326.31 0.15 0 0 90 
obj 2136 -452.57 329.83 0.15 0 0 90 
obj 2136 -452.55 331.78 0.15 0 0 90 
obj 2526 -445.01 329.82 0.15 0 0 0 
obj 2526 -445.06 331.9 0.15 0 0 0 
obj 2528 -447.6 327.42 0.15 0 0 90 
obj 2528 -447.57 326.51 0.15 0 0 90 
obj 2528 -449.65 325.43 0.15 0 0 90 
obj 2528 -449.67 326.47 0.15 0 0 90 
obj 2528 -449.68 327.35 0.15 0 0 90 
obj 19128 -449.54 332.44 0.15 0 0 0 
obj 2568 -443.26 328.42 5.34 0 0 -90 
obj 2568 -443.26 323.71 5.34 0 0 -90 
obj 2375 -442.79 331.56 5.34 0 0 -90 
obj 2563 -445.27 335.45 5.33 0 0 -90 
obj 2296 -452.82 326.92 5.34 0 0 90 
obj 2898 -450.29 321.33 5.34 0 0 0 
obj 2898 -445.83 321.34 5.34 0 0 0 
obj 1766 -448.69 328.95 5.34 0 0 -90 
obj 1766 -445.42 326.03 5.34 0 0 90 
obj 2363 -447.75 319.3 5.34 0 0 -91 
obj 2563 -450.6 332.52 5.33 0 0 90 
obj 19128 -448.82 327.92 5.34 0 0 0 
obj 19128 -448 332.32 5.34 0 0 0 
