sell 10825 1023.83 -793.32 102.31 90 0 -165 
RemoveBuildingForPlayer playerid 3730 1037.9531 -818.0391 92   
RemoveBuildingForPlayer playerid 3608 1037.9531 -818.0391 92   
RemoveBuildingForPlayer playerid 1688 1030.0547 -816.1016 107   
RemoveBuildingForPlayer playerid 1691 1042.9531 -815.2344 106   
changeobj 1506 1032.59 -815.37 100.84 0 0 20 1502
changeobj 1506 1024.28 -808.14 100.84 0 0 20 1502
changeobj 1506 1033.85 -815.08 104.34 0 0 -160 1502
obj 19377 1027.89 -811.97 100.79 0 90 20 
obj 19462 1024.64 -813.17 100.97 0 90 20 
obj 19377 1034.47 -819.85 100.79 0 90 20 
obj 19462 1027.91 -811.98 100.97 0 90 20 
obj 19454 1034.52 -809.74 100.79 0 90 20 
obj 19454 1027.9 -822.23 100.79 0 90 20 
obj 19454 1031.2 -831.28 100.79 0 90 20 
obj 19377 1037.78 -828.91 100.79 0 90 20 
obj 19379 1037.79 -828.86 100.97 0 90 20 
obj 19379 1034.51 -819.82 100.97 0 90 20 
obj 19462 1027.92 -822.2 100.97 0 90 20 
obj 19462 1031.23 -831.26 100.97 0 90 20 
obj 19454 1030.35 -830.33 85.43 90 0 20 
obj 19362 1032.04 -829.69 90.22 0 90 20 
obj 19454 1032.59 -831.26 85.43 90 0 110 
obj 19454 1033.73 -829.07 85.43 90 0 20 
obj 19454 1031.48 -828.15 85.43 90 0 110 
obj 19454 1040.01 -828.59 85.43 90 0 110 
obj 19454 1037.75 -827.65 85.43 90 0 20 
obj 19362 1039.45 -827.07 90.22 0 90 20 
obj 19454 1041.16 -826.4 85.43 90 0 20 
obj 19454 1038.88 -825.49 85.43 90 0 110 
obj 19435 1034.63 -805.29 102.59 0 0 -160 
obj 19435 1034.46 -805.34 102.59 0 0 -160 
obj 19435 1034.31 -805.41 102.59 0 0 -160 
obj 19435 1034.14 -805.48 102.59 0 0 -160 
obj 19425 1032.59 -805.31 100.82 0 0 20 
obj 19362 1035.06 -806.02 106.11 0 0 20 
obj 19435 1032.87 -805.34 107.81 90 0 -70 
obj 19435 1035.58 -807.89 107.83 90 90 -70 
obj 19435 1033.14 -806.04 107.08 0 90 20 
obj 19435 1029.6 -806.53 107.81 90 0 -70 
obj 19408 1028.52 -808.38 102.59 0 0 20 
obj 19435 1027.28 -807.05 102.59 0 0 -250 
obj 19466 1028.52 -808.45 102.8 0 0 20 
obj 19454 1042.66 -808.36 100.23 0 90 110 
obj 1893 1031.45 -808.25 104.27 0 0 20 
obj 1893 1032.77 -812.34 104.27 0 0 20 
obj 19435 1027.35 -807.22 102.59 0 0 -250 
obj 19435 1022.68 -812.89 102.59 0 0 20 
obj 19362 1021.86 -810.62 102.59 0 0 20 
obj 19435 1023.56 -815.26 101.63 90 90 -70 
obj 19435 1024.74 -818.55 101.63 90 90 -70 
obj 19435 1025.94 -821.83 101.63 90 90 -70 
obj 19435 1027.14 -825.11 101.63 90 90 -70 
obj 19325 1023.31 -814.58 102.79 0 0 20 
obj 19325 1025.58 -820.82 102.79 0 0 20 
obj 19325 1027.85 -827.03 102.79 0 0 20 
obj 19362 1029.39 -831.3 102.59 0 0 20 
obj 19325 1030.13 -833.06 102.79 0 0 20 
obj 19325 1034.33 -835.21 102.79 0 0 -70 
obj 19362 1042.82 -832.11 102.59 0 0 -250 
obj 19435 1040.57 -832.94 102.59 0 0 -250 
obj 19325 1040.54 -832.95 102.79 0 0 -70 
obj 19362 1029.62 -811.4 102.59 0 0 20 
obj 19362 1030.71 -814.41 102.59 0 0 20 
obj 19454 1036.7 -810.51 102.59 0 0 20 
obj 19435 1034.78 -805.23 102.59 0 0 -160 
obj 2069 1034.53 -830.52 101.11 0 0 0 
obj 19391 1033.32 -815.1 102.59 0 0 -250 
obj 19362 1036.35 -814.01 102.59 0 0 -250 
obj 19435 1031.08 -815.92 102.59 0 0 -250 
obj 19391 1025.02 -807.87 102.59 0 0 -250 
obj 19362 1022.71 -808.56 102.59 0 0 -250 
obj 19435 1022.01 -808.96 102.59 0 0 -250 
obj 19435 1023.29 -808.5 102.59 0 0 -250 
obj 19435 1034.96 -806.75 102.59 0 0 -135 
obj 19362 1022.82 -808.81 102.59 0 0 -250 
obj 2774 1039.7 -827.1 87.67 0 0 20 
obj 2774 1032.06 -829.64 87.67 0 0 20 
obj 19454 1036.31 -827.97 85.43 0 0 110 
obj 19362 1028.3 -828.28 102.59 0 0 20 
obj 10009 1042.17 -810.21 101.14 0 0 -160 
obj 14387 1027.42 -812.05 101.99 0 0 -250 
obj 14387 1028.18 -814.12 103.35 0 0 -250 
obj 19362 1025.32 -812.97 102.59 0 0 20 
obj 19362 1026.41 -815.98 102.59 0 0 20 
obj 19362 1028.84 -816.75 102.59 0 0 -250 
obj 19435 1027.65 -817.31 102.59 0 0 -250 
obj 19454 1034.51 -809.75 104.29 0 90 20 
obj 14387 1031.39 -829.76 101.99 0 0 -70 
obj 19362 1033.8 -829.62 102.59 0 0 20 
obj 14387 1030.77 -827.97 103.33 0 0 -70 
obj 19362 1032.73 -826.61 102.59 0 0 20 
obj 19362 1029.23 -826.3 102.59 0 0 -250 
obj 19435 1031.47 -825.46 102.59 0 0 -250 
obj 19454 1031.24 -810.95 104.29 0 90 20 
obj 19408 1031.62 -823.62 102.59 0 0 20 
obj 19362 1030.52 -820.62 102.59 0 0 20 
obj 19391 1029.43 -817.61 102.59 0 0 20 
obj 1491 1029.15 -816.88 100.84 0 0 -70 
obj 19466 1031.6 -823.58 102.8 0 0 20 
obj 1726 1030.86 -823.29 101.01 0 0 -70 
obj 1726 1029.5 -819.48 101.01 0 0 -70 
obj 2313 1038.95 -828.09 101.05 0 0 -160 
obj 2370 1030.04 -822.89 101.03 0 0 21 
obj 2059 1030.01 -822.01 101.9 0 0 0 
obj 2827 1030.28 -822.85 101.88 0 0 142 
obj 2531 1028.18 -826.05 101.05 0 0 -160 
obj 2530 1029.14 -825.71 101.05 0 0 -160 
obj 2541 1028.18 -826.05 101.05 0 0 -160 
obj 2543 1029.14 -825.78 101.05 0 0 -160 
obj 3850 1032.86 -805.28 104.87 0 0 -70 
obj 3850 1029.64 -806.46 104.87 0 0 -70 
obj 19362 1036.14 -809.05 106.11 0 0 20 
obj 19391 1037.24 -812.06 106.11 0 0 20 
obj 19362 1028.48 -808.54 106.11 0 0 20 
obj 19391 1035.86 -830.44 102.59 0 0 -250 
obj 1491 1035.12 -830.73 100.84 0 0 20 
obj 19362 1038.87 -829.35 102.59 0 0 -250 
obj 19362 1039.93 -827.37 102.59 0 0 20 
obj 19408 1038.84 -824.38 102.59 0 0 20 
obj 19466 1038.85 -824.4 102.8 0 0 20 
obj 19362 1043.85 -830.12 102.59 0 0 20 
obj 19391 1034.56 -817.51 102.59 0 0 -250 
obj 19408 1031.58 -818.61 102.59 0 0 -250 
obj 19362 1037.74 -821.37 102.59 0 0 20 
obj 19362 1036.63 -818.37 102.59 0 0 20 
obj 1491 1035.26 -817.26 100.84 0 0 -160 
obj 19466 1031.7 -818.56 102.8 0 0 -70 
obj 19435 1038.63 -815.76 102.59 0 0 20 
obj 19435 1029.84 -807.24 107.08 0 90 20 
obj 19435 1029.84 -807.22 108.5 0 90 20 
obj 19435 1033.14 -806.04 108.5 0 90 20 
obj 19435 1033.4 -806.75 107.81 90 0 -70 
obj 19435 1030.12 -807.94 107.81 90 0 -70 
obj 19435 1029.84 -807.22 108.32 0 90 20 
obj 19435 1033.14 -806.04 108.32 0 90 20 
obj 19435 1029.84 -807.22 108.14 0 90 20 
obj 19435 1033.14 -806.04 108.14 0 90 20 
obj 19435 1029.84 -807.22 107.96 0 90 20 
obj 19435 1033.14 -806.04 107.96 0 90 20 
obj 19435 1029.84 -807.22 107.78 0 90 20 
obj 19435 1033.14 -806.04 107.78 0 90 20 
obj 19362 1029.6 -811.55 106.11 0 0 20 
obj 19362 1030.69 -814.53 106.11 0 0 20 
obj 19435 1039.5 -818.14 101.63 90 90 -70 
obj 19435 1040.7 -821.41 101.63 90 90 -70 
obj 19435 1041.83 -824.72 101.63 90 90 -70 
obj 19362 1042.75 -827.1 102.59 0 0 20 
obj 19435 1041.95 -824.66 101.65 90 90 -70 
obj 19325 1039 -816.75 102.79 0 0 20 
obj 19325 1041.26 -822.95 102.79 0 0 20 
obj 19454 1036.86 -810.43 102.59 0 0 20 
obj 19435 1038.78 -815.7 102.59 0 0 20 
obj 19362 1044.02 -830.06 102.59 0 0 20 
obj 19362 1042.92 -827.04 102.59 0 0 20 
obj 14720 1037.13 -824.93 104.53 0 0 110 
obj 1319 1033.86 -804.68 101.35 0 0 20 
obj 1319 1027.92 -806.68 101.35 0 0 20 
obj 1726 1037.72 -830.39 101.03 0 0 20 
obj 19443 1039.99 -828 102.59 0 0 20 
obj 19443 1038.42 -828.58 101.13 0 90 20 
obj 19443 1036.85 -829.13 102.59 0 0 20 
obj 19443 1038.42 -828.58 101.65 0 90 20 
obj 19466 1038.16 -827.88 102.7 0 0 -70 
obj 19443 1037.32 -828.96 102.59 0 0 20 
obj 19443 1039.5 -828.17 102.59 0 0 20 
obj 19443 1038.42 -828.58 103.63 0 90 20 
obj 19466 1038.21 -828.05 102.7 0 0 -70 
obj 19466 1038.23 -828.16 102.7 0 0 -70 
obj 19466 1038.24 -828.36 102.7 0 0 -70 
obj 19466 1038.16 -827.9 102.7 0 0 -70 
obj 2229 1039.3 -827.82 101.06 0 0 -161 
obj 2229 1036.66 -828.79 101.06 0 0 -161 
obj 19443 1038.42 -828.58 104.17 0 90 20 
obj 1726 1035.67 -824.04 101.05 0 0 20 
obj 1727 1035.44 -825.89 101.05 0 0 109 
obj 2311 1036.46 -825.13 101.03 0 0 20 
obj 2825 1037.71 -824.67 101.54 0 0 0 
obj 2827 1036.7 -824.99 101.54 0 0 0 
obj 1742 1030.98 -821.9 101.05 0 0 109 
obj 2204 1036.95 -819.48 101.05 0 0 -71 
obj 2319 1022.53 -809.52 101.03 0 0 20 
obj 2762 1032.01 -819.17 101.45 0 0 19 
obj 2788 1033.43 -818.65 101.57 0 0 15 
obj 2788 1030.61 -819.67 101.57 0 0 -157 
obj 2221 1032.75 -818.9 101.95 0 0 18 
obj 2222 1031.28 -819.41 101.95 0 0 18 
obj 1726 1032.54 -824.43 101.05 0 0 109 
obj 19425 1029.5 -806.44 100.82 0 0 20 
obj 1319 1031.27 -836.29 101.57 0 0 18 
obj 1319 1035.65 -834.72 101.41 0 0 18 
obj 1319 1031.27 -836.29 102.65 0 0 18 
obj 1319 1031.27 -836.29 103.73 0 0 18 
obj 1319 1035.65 -834.72 102.47 0 0 18 
obj 1319 1035.65 -834.72 103.53 0 0 18 
obj 19435 1036.79 -811.16 107.83 90 90 -70 
obj 19377 1034.57 -819.96 104.29 0 90 20 
obj 19454 1027.99 -822.37 104.29 0 90 20 
obj 19435 1038.38 -815.19 105.15 90 90 -70 
obj 19435 1038.55 -815.12 105.15 90 90 -70 
obj 19435 1039.75 -818.41 105.15 90 90 -70 
obj 19435 1039.58 -818.47 105.15 90 90 -70 
obj 19435 1040.96 -821.7 105.15 90 90 -70 
obj 19435 1040.81 -821.75 105.15 90 90 -70 
obj 19435 1042.01 -825.03 105.15 90 90 -70 
obj 19435 1042.06 -824.93 105.15 90 90 -73 
obj 14527 1037 -825.25 101.68 0 0 0 
obj 1893 1032.27 -820.33 104.27 0 0 20 
obj 1893 1034.82 -829.16 104.27 0 0 20 
obj 1893 1030.06 -817.09 104.27 0 0 -70 
obj 1893 1034.5 -819.55 104.27 0 0 20 
obj 1893 1036.52 -814.73 104.27 0 0 -70 
obj 1893 1028.09 -818.79 104.27 0 0 -70 
obj 1893 1029.56 -822.81 104.27 0 0 -70 
obj 19325 1038.96 -816.51 106.41 0 0 20 
obj 19325 1041.23 -822.73 106.41 0 0 20 
obj 1893 1040.29 -830.35 104.27 0 0 -70 
obj 1893 1035.43 -832.09 104.27 0 0 -70 
obj 19435 1026.06 -817.1 104.29 0 90 20 
obj 19435 1029.34 -815.91 104.29 0 90 20 
obj 19435 1037.99 -814.45 107.83 90 90 -70 
obj 19435 1038.16 -814.39 107.83 90 90 -70 
obj 19435 1039.2 -817.73 107.83 90 90 -70 
obj 19435 1039.37 -817.67 107.83 90 90 -70 
obj 19362 1043.17 -832.11 102.59 0 0 -250 
obj 19362 1042.79 -832 102.59 0 0 -250 
obj 19435 1040.92 -832.95 102.59 0 0 -250 
obj 19435 1040.54 -832.82 102.59 0 0 -250 
obj 19435 1040.56 -820.94 107.83 90 90 -70 
obj 19435 1040.41 -821.02 107.83 90 90 -70 
obj 19435 1041.75 -824.21 107.83 90 90 -70 
obj 19435 1041.62 -824.26 107.83 90 90 -70 
obj 19379 1034.55 -819.97 104.47 0 90 20 
obj 19462 1027.98 -822.34 104.47 0 90 20 
obj 19443 1029.34 -815.88 104.47 0 90 20 
obj 19454 1037.83 -829.02 104.29 0 90 20 
obj 19362 1032.37 -834.41 104.29 0 90 20 
obj 19362 1031.91 -827.77 102.59 0 0 20 
obj 19435 1032.73 -830.01 102.59 0 0 20 
obj 19435 1033.73 -830.86 102.59 0 0 79 
obj 19454 1034.56 -830.2 104.29 0 90 20 
obj 19454 1041.11 -827.83 104.29 0 90 20 
obj 19362 1042.87 -827.35 106.11 0 0 20 
obj 19362 1043.96 -830.35 106.11 0 0 20 
obj 19362 1042.7 -827.41 106.11 0 0 20 
obj 19362 1043.79 -830.41 106.11 0 0 20 
obj 19462 1034.56 -830.2 104.47 0 90 20 
obj 19462 1037.83 -829.02 104.47 0 90 20 
obj 19462 1041.11 -827.83 104.47 0 90 20 
obj 19362 1027.27 -815.69 102.59 0 0 20 
obj 19362 1026.18 -812.71 102.59 0 0 20 
obj 19435 1024.93 -811.38 102.59 0 0 -250 
obj 19462 1024.69 -813.3 104.47 0 90 20 
obj 19391 1033.14 -815.38 106.09 0 0 -70 
obj 19362 1036.14 -814.28 106.09 0 0 -70 
obj 19435 1037.27 -813.67 106.09 0 0 -70 
obj 19435 1031.76 -815.97 106.09 0 0 -70 
obj 19435 1042.6 -832.46 105.13 90 90 -160 
obj 19435 1042.54 -832.29 105.13 90 90 -160 
obj 19435 1042.46 -832.15 105.13 90 90 -160 
obj 19435 1039.33 -833.68 105.13 90 90 -160 
obj 19435 1039.27 -833.51 105.13 90 90 -160 
obj 19435 1039.21 -833.36 105.13 90 90 -160 
obj 19435 1036.04 -834.88 105.13 90 90 -160 
obj 19435 1035.99 -834.71 105.13 90 90 -160 
obj 19435 1035.93 -834.55 105.13 90 90 -160 
obj 19435 1032.77 -836.08 105.13 90 90 -160 
obj 19435 1032.73 -835.92 105.13 90 90 -160 
obj 19435 1032.67 -835.75 105.13 90 90 -160 
obj 19370 1032.37 -834.4 104.47 0 90 20 
obj 19435 1035.78 -814.24 106.09 0 0 -70 
obj 19435 1034.58 -814.78 106.09 0 0 -62 
obj 19454 1024.69 -813.3 104.29 0 90 20 
obj 19435 1026.35 -807.55 105.15 90 0 -250 
obj 19435 1023.06 -808.76 105.15 90 0 -250 
obj 19435 1026.35 -807.55 107.81 90 0 -250 
obj 19435 1023.06 -808.76 107.81 90 0 -250 
obj 19325 1024.43 -808.14 105.55 0 0 -70 
obj 19435 1028.01 -807.75 106.11 0 0 20 
obj 19435 1027.85 -807.81 106.11 0 0 20 
obj 19435 1028.52 -809.24 106.11 0 0 29 
obj 19435 1028.54 -809.24 106.11 0 0 20 
obj 19435 1023.02 -808.59 105.15 90 0 -250 
obj 19435 1026.3 -807.4 105.15 90 0 -250 
obj 19435 1021.87 -810.78 105.15 90 0 -160 
obj 19435 1023.06 -814.06 105.15 90 0 -160 
obj 19435 1021.87 -810.78 107.81 90 0 -160 
obj 19435 1023.06 -814.06 107.81 90 0 -160 
obj 19435 1025.57 -807.75 104.17 90 0 -250 
obj 0 1024.24 -817.35 105.15 90 0 -160 
obj 19435 1024.24 -817.36 105.15 90 0 -160 
obj 19435 1024.24 -817.36 107.81 90 0 -160 
obj 0 1025.44 -820.65 105.15 90 0 -160 
obj 19435 1025.44 -820.65 105.15 90 0 -160 
obj 19435 1025.44 -820.65 107.81 90 0 -160 
obj 19325 1022.47 -812.41 106.49 0 0 -160 
obj 19325 1024.54 -818.13 106.49 0 0 -160 
obj 19435 1026.65 -823.94 105.15 90 0 -160 
obj 19435 1026.65 -823.94 107.81 90 0 -160 
obj 19435 1027.83 -827.21 105.15 90 0 -160 
obj 19435 1027.83 -827.21 107.81 90 0 -160 
obj 19435 1029.03 -830.5 105.15 90 0 -160 
obj 19435 1029.03 -830.5 107.81 90 0 -160 
obj 19435 1030.23 -833.78 105.15 90 0 -160 
obj 19435 1030.23 -833.78 107.81 90 0 -160 
obj 19435 1030.85 -835.01 105.15 90 0 -160 
obj 19435 1030.55 -835.07 105.15 90 0 -160 
obj 19435 1029.42 -831.8 105.15 90 0 -162 
obj 19325 1026.49 -823.43 106.49 0 0 -160 
obj 19325 1028.24 -828.24 106.49 0 0 -160 
obj 19435 1023.01 -808.61 107.81 90 0 -250 
obj 19435 1026.27 -807.42 107.81 90 0 -250 
obj 19325 1030.1 -833.36 106.49 0 0 -160 
obj 970 1032.39 -828.23 105.1 0 0 -70 
obj 970 1033.09 -830.19 105.1 0 0 -70 
obj 970 1031.88 -832.86 105.1 0 0 -160 
obj 19435 1032.67 -835.75 107.81 90 90 -160 
obj 19435 1035.93 -834.55 107.81 90 90 -160 
obj 19435 1039.21 -833.36 107.81 90 90 -160 
obj 19435 1042.48 -832.16 107.81 90 90 -160 
obj 19435 1042.55 -832.31 107.81 90 90 -160 
obj 19435 1039.27 -833.53 107.81 90 90 -160 
obj 19435 1035.98 -834.71 107.81 90 90 -160 
obj 19435 1032.71 -835.91 107.81 90 90 -160 
obj 19435 1030.51 -834.94 107.81 90 0 -160 
obj 19435 1030.77 -834.85 107.81 90 0 -160 
obj 19325 1034.31 -835.26 106.49 0 0 -69 
obj 19325 1040.46 -832.97 106.49 0 0 -70 
obj 19362 1043.63 -830.42 106.11 0 0 20 
obj 19362 1043.47 -830.49 106.11 0 0 20 
obj 19362 1043.3 -830.55 106.11 0 0 20 
obj 19362 1043.14 -830.63 106.11 0 0 20 
obj 19362 1042.41 -827.58 106.11 0 0 7 
obj 19362 1037.54 -817.03 106.09 0 0 -70 
obj 19391 1034.53 -818.12 106.09 0 0 -70 
obj 1491 1033.82 -818.4 104.34 0 0 20 
obj 19362 1039.63 -822.71 106.09 0 0 -70 
obj 19362 1037.62 -821.66 106.11 0 0 20 
obj 19391 1038.5 -819.59 106.09 0 0 -70 
obj 19435 1038.5 -824.04 106.11 0 0 20 
obj 19362 1037.35 -825.36 106.09 0 0 -70 
obj 2299 1040.69 -826.13 104.56 0 0 20 
obj 19362 1035.27 -824.56 106.11 0 0 20 
obj 2221 1036.61 -820.91 105.61 0 0 20 
obj 19362 1034.17 -821.55 106.11 0 0 20 
obj 19435 1033.35 -819.31 106.11 0 0 20 
obj 1502 1039.22 -819.28 104.34 0 0 -160 
obj 1742 1038.54 -824.24 104.56 0 0 110 
obj 19362 1036.39 -827.55 106.11 0 0 20 
obj 19391 1038.27 -828.65 106.09 0 0 -70 
obj 19362 1041.28 -827.55 106.09 0 0 -70 
obj 1491 1037.57 -828.91 104.34 0 0 20 
obj 2519 1039.12 -822.36 104.56 0 0 20 
obj 2514 1038.23 -821.68 104.56 0 0 110 
obj 2515 1037.67 -820.88 105.31 0 0 109 
obj 1999 1036.54 -826.32 104.56 0 0 21 
obj 1663 1037.55 -826.34 105 0 0 -160 
obj 1726 1041.13 -827.05 104.52 0 0 200 
obj 2067 1038.27 -825.71 104.56 0 0 19 
obj 1738 1040.02 -820.35 105.2 0 0 -68 
obj 19362 1030.75 -821.57 106.11 0 0 20 
obj 19391 1028.4 -824.18 106.09 0 0 -70 
obj 19435 1030.66 -823.38 106.09 0 0 -70 
obj 19362 1029.65 -818.58 106.11 0 0 20 
obj 19435 1028.44 -817.26 106.09 0 0 -70 
obj 19408 1026.19 -818.08 106.09 0 0 -70 
obj 19466 1026.12 -818.11 106.01 0 0 -70 
obj 19391 1025.46 -816.16 106.09 0 0 -70 
obj 19362 1026.7 -814.1 106.11 0 0 20 
obj 19435 1026.04 -811.78 106.11 0 0 20 
obj 19408 1025.21 -809.53 106.11 0 0 20 
obj 19362 1026.87 -814.03 106.11 0 0 20 
obj 19362 1026.53 -814.15 106.11 0 0 20 
obj 19435 1025.91 -811.91 106.11 0 0 7 
obj 1491 1024.75 -816.42 104.34 0 0 20 
obj 1491 1027.71 -824.44 104.34 0 0 20 
obj 19466 1025.25 -809.67 106.01 0 0 20 
obj 2390 1025.61 -812.21 105.2 0 0 -83 
obj 2375 1026.32 -815.29 104.56 0 0 110 
obj 2387 1024.19 -809.25 104.56 0 0 20 
obj 2399 1025.6 -811.64 105.2 0 0 -83 
obj 2383 1025.45 -811.09 105.2 0 0 -174 
obj 2392 1022.07 -810.39 105.31 0 0 21 
obj 2381 1022.68 -810.27 105.31 0 0 -70 
obj 2371 1022.54 -810.97 104.55 0 0 20 
obj 1726 1023.55 -813.76 104.56 0 0 110 
obj 2299 1027.24 -822.54 104.32 0 0 -70 
obj 19362 1027.5 -819.35 106.11 0 0 20 
obj 19391 1028.75 -820.52 106.09 0 0 -70 
obj 2519 1027.58 -818.2 104.56 0 0 20 
obj 2514 1029.05 -818.66 104.56 0 0 -70 
obj 2515 1029.55 -819.34 105.42 0 0 -70 
obj 1502 1029.49 -820.22 104.34 0 0 -160 
obj 1742 1030.46 -823.47 104.56 0 0 -160 
obj 1717 1027.68 -824.7 104.56 0 0 64 
obj 1726 1026.55 -818.41 104.52 0 0 -70 
obj 2103 1026.75 -823.34 104.56 0 0 112 
obj 2103 1041.71 -826.52 104.56 0 0 -159 
obj 1717 1042.39 -826.36 104.56 0 0 157 
obj 19435 1031.7 -815.82 106.09 0 0 -70 
obj 1726 1030.77 -833.89 104.5 0 0 20 
obj 2100 1041.03 -832.45 104.56 0 0 -159 
obj 2023 1025.38 -818.96 104.56 0 0 18 
obj 1893 1039.44 -831.01 107.76 0 0 20 
obj 1893 1033.32 -833.21 107.76 0 0 20 
obj 1893 1030.82 -830.81 107.76 0 0 20 
obj 1893 1028.71 -825.35 107.76 0 0 20 
obj 1893 1033.12 -817.04 107.76 0 0 20 
obj 1893 1025.66 -817.16 107.76 0 0 20 
obj 1893 1026.17 -809.83 107.76 0 0 20 
obj 2026 1039.89 -825.88 107.77 0 0 0 
obj 19377 1034.43 -830.03 107.87 0 90 20 
obj 2026 1038.89 -820.97 107.77 0 0 0 
obj 2026 1035.89 -822.27 107.77 0 0 0 
obj 2026 1028.59 -819.22 107.77 0 0 0 
obj 2026 1028.31 -822.42 107.77 0 0 0 
obj 2026 1024.92 -814.39 107.77 0 0 0 
obj 2026 1023.78 -811.04 107.77 0 0 0 
obj 19454 1040.97 -827.65 107.87 0 90 20 
obj 19377 1031.12 -820.98 107.87 0 90 20 
obj 19454 1037.7 -818.59 107.87 0 90 20 
obj 19454 1027.96 -811.89 107.87 0 90 20 
obj 19454 1024.67 -813.06 107.87 0 90 20 
obj 19454 1035.13 -833.23 108.19 0 79 -70 
obj 19454 1031.15 -831.44 108.19 0 79 -160 
obj 19454 1027.88 -822.43 108.19 0 79 -160 
obj 19454 1024.61 -813.36 108.19 0 79 -160 
obj 19362 1041.19 -831.06 108.19 0 79 -70 
obj 19435 1043.64 -830.14 108.67 90 0 -160 
obj 19428 1041.53 -827.62 106.11 0 0 -70 
obj 19428 1041.28 -829.47 105.37 90 0 20 
obj 19428 1042.02 -829.23 106.11 0 90 -70 
obj 19428 1042.61 -830.78 106.11 0 0 -70 
obj 19428 1041.41 -829.44 108.21 90 0 20 
obj 1463 1042.18 -829.15 106.52 0 0 -70 
obj 3525 1041.85 -829.3 105.41 0 0 0 
obj 19435 1042.61 -829.76 111.47 0 0 -160 
obj 19435 1042.68 -832.29 108.67 90 0 -70 
obj 19435 1042.68 -832.28 110.23 90 0 -70 
obj 19435 1043.64 -830.14 110.23 90 0 -160 
obj 19435 1042.83 -830.44 110.95 0 90 -70 
obj 19435 1041.35 -831.02 110.95 0 90 -70 
obj 19435 1041.44 -828.99 108.67 90 0 -70 
obj 19435 1041.44 -828.99 110.23 90 0 -70 
obj 19435 1040.52 -831.16 108.67 90 0 -160 
obj 19435 1040.52 -831.16 110.23 90 0 -160 
obj 1691 1041.88 -829.79 110.52 0 0 22 
obj 19435 1041.63 -829.16 111.47 0 0 -70 
obj 19435 1042.24 -830.79 111.47 0 0 -70 
obj 19435 1041.26 -830.25 111.47 0 0 -160 
obj 19435 1041.77 -827.43 109.79 0 50 -70 
obj 19435 1040.28 -827.98 109.79 0 50 -70 
obj 19435 1041.17 -828.14 110.15 0 90 -160 
obj 19454 1039.01 -821.96 108.19 0 79 20 
obj 19362 1036.82 -815.91 108.19 0 79 20 
obj 19435 1036.22 -814.41 107.81 90 0 -70 
obj 19454 1041.48 -805.07 100.23 0 90 110 
obj 19362 1037.45 -802.96 100.23 0 90 200 
obj 19454 1040.93 -803.5 98.52 0 0 -70 
obj 19362 1045.92 -803.46 98.52 0 0 -160 
obj 19362 1047.02 -806.48 98.52 0 0 -160 
obj 19454 1043.17 -809.47 98.52 0 0 -70 
obj 19362 1036.92 -806.56 98.52 0 0 -160 
obj 19362 1038.01 -809.57 98.52 0 0 -160 
obj 19454 1043.17 -809.47 95.02 0 0 -70 
obj 19362 1047.02 -806.48 95.02 0 0 -160 
obj 19362 1038.01 -809.57 95.02 0 0 -160 
obj 970 1047.03 -806.4 100.86 0 0 110 
obj 970 1038.11 -809.63 100.86 0 0 110 
obj 970 1040.67 -810.85 100.86 0 0 200 
obj 970 1042.61 -810.15 100.86 0 0 200 
obj 970 1043.68 -803.17 100.86 0 0 200 
obj 970 1046.31 -804.4 100.86 0 0 110 
obj 970 1041.71 -803.89 100.86 0 0 200 
obj 970 1037.45 -807.84 100.86 0 0 110 
obj 1691 1032.22 -818.47 107.95 0 0 -71 
obj 1690 1035.39 -828.86 108.41 0 0 -70 
obj 1688 1032.12 -826.19 108.9 0 0 -70 
obj 1687 1028 -812.33 108.67 0 0 -70 
obj 19435 1040.52 -826.26 108.65 0 90 -160 
obj 19435 1040.52 -826.26 108.47 0 90 -160 
obj 19435 1040.52 -826.26 108.29 0 90 -160 
obj 19435 1040.52 -826.26 108.11 0 90 -160 
obj 19435 1040.52 -826.26 107.95 0 90 -160 
