sell 10825 -1434.15 989.4 7.17 91 156 206.43 
changeobj 1506 -1391.42 995.04 7.62 0 0 90.99 1502
changeobj 1506 -1391.47 998.02 7.62 0 0 270.46 1502
changeobj 1506 -1341.09 1004.7 7.62 0 0 89.79 1502
changeobj 1506 -1341.12 1007.71 7.62 0 0 270.24 1502
obj 19454 -1435.84 1011.72 6.18 0 90 359.45 
obj 19454 -1432.93 1011.72 6.18 0 90 359.45 
obj 19454 -1439.32 1011.74 6.18 0 90 359.45 
obj 19454 -1439.41 1002.17 6.18 0 90 359.45 
obj 19454 -1435.98 1002.15 6.18 0 90 359.45 
obj 19454 -1433.12 1002.13 6.18 0 90 359.45 
obj 19454 -1440.95 1011.7 7.94 0 180 359.72 
obj 19454 -1431.29 1011.62 7.94 0 180 359.72 
obj 19454 -1431.37 1002.05 7.94 0 180 359.78 
obj 19454 -1441.01 1002.26 7.94 0 180 359.72 
obj 19454 -1436.13 1016.37 7.94 0 180 269.78 
obj 19454 -1439.32 1011.74 9.64 0 90 359.45 
obj 19454 -1435.84 1011.72 9.61 0 90 359.45 
obj 19454 -1432.93 1011.72 9.61 0 90 359.45 
obj 19454 -1439.41 1002.17 9.61 0 90 359.45 
obj 19454 -1435.92 1002.17 9.61 0 90 359.45 
obj 19454 -1433.02 1002.2 9.61 0 90 359.45 
obj 19425 -1438.32 1013.14 6.25 0 0 0.45 
obj 19425 -1438.37 1008.38 6.25 0 0 0.45 
obj 19425 -1433.7 1013.2 6.25 0 0 0.45 
obj 19425 -1433.81 1008.29 6.25 0 0 0.45 
obj 19425 -1433.83 1003.56 6.25 0 0 0.45 
obj 19425 -1438.24 1003.66 6.25 0 0 0.45 
obj 19425 -1435.26 999.12 6.25 0 0 0.45 
obj 1723 -1439.14 1015.42 6.27 0 0 0 
obj 1723 -1434.48 1015.38 6.27 0 0 0 
obj 19454 -1419.51 1002.87 5.79 0 180 359.78 
obj 19454 -1422.87 1002.85 5.79 0 180 0.03 
obj 19454 -1421.18 1002.85 7.49 0 90 360 
obj 19454 -1424.36 1002.9 6.64 0 60 359.88 
obj 970 -1420.74 1007.61 8.07 0 0 0 
obj 970 -1420.7 998.06 8.07 0 0 0 
obj 19454 -1417.72 1002.81 7.49 0 90 360 
obj 970 -1418.13 998.06 8.07 0 0 0 
obj 970 -1418.17 1007.61 8.07 0 0 0 
obj 19376 -1346.18 1000.19 7.55 0 90 0 
obj 19376 -1346.2 990.59 7.55 0 90 0 
obj 19376 -1355.94 1000 7.55 0 90 0 
obj 19376 -1355.93 990.58 7.55 0 90 0 
obj 19376 -1355.87 981.02 7.55 0 90 0 
obj 19376 -1346.23 981.03 7.55 0 90 0 
obj 19376 -1366.06 981.03 7.55 0 90 0 
obj 19376 -1366.13 990.37 7.55 0 90 0 
obj 19376 -1366.02 999.93 7.55 0 90 0 
obj 19376 -1346.22 971.45 7.55 0 90 0 
obj 19376 -1356.57 971.49 7.55 0 90 0 
obj 19376 -1366.01 971.53 7.55 0 90 0 
obj 19376 -1376.43 999.88 7.55 0 90 0 
obj 19376 -1376.34 990.39 7.55 0 90 0 
obj 19376 -1376.37 981.02 7.55 0 90 0 
obj 19376 -1376.32 971.64 7.55 0 90 0 
obj 19376 -1376.18 962.2 7.55 0 90 0 
obj 19376 -1365.82 962.17 7.55 0 90 0 
obj 19376 -1355.5 962.08 7.55 0 90 0 
obj 19376 -1346.16 962.07 7.55 0 90 0 
obj 19376 -1376.38 1009.06 7.55 0 90 0 
obj 19376 -1366.07 1009 7.55 0 90 0 
obj 19376 -1355.92 1008.98 7.55 0 90 0 
obj 19376 -1346.17 1008.96 7.55 0 90 0 
obj 19376 -1386.36 1008.99 7.55 0 90 0 
obj 19376 -1386.32 999.39 7.55 0 90 0 
obj 19376 -1386.3 989.9 7.55 0 90 0 
obj 19376 -1386.3 980.53 7.55 0 90 0 
obj 19376 -1386.25 971.1 7.55 0 90 0 
obj 19376 -1386.2 962.21 7.55 0 90 0 
obj 19458 -1391.35 962.2 9.26 0 0 0 
obj 19458 -1391.36 971.74 9.26 0 0 0 
obj 19458 -1391.32 981.04 9.26 0 0 0 
obj 19458 -1391.32 990.34 9.26 0 0 0 
obj 19458 -1391.46 1002.75 9.26 0 0 0 
obj 19325 -1391.53 1010.37 9.68 0 0 0 
obj 19458 -1391.46 1002.75 12.52 0 0 0 
obj 19458 -1391.32 990.34 12.53 0 0 0 
obj 19458 -1391.32 981.04 12.53 0 0 0 
obj 19458 -1391.36 971.74 12.53 0 0 0 
obj 19458 -1391.35 962.2 12.53 0 0 0 
obj 19325 -1391.53 1010.37 12.23 0 0 0 
obj 19325 -1391.4 997.25 12.23 0 0 0.76 
obj 19458 -1386.61 957.53 9.26 0 0 270.25 
obj 19458 -1377.04 957.58 9.26 0 0 270.25 
obj 19458 -1367.54 957.62 9.26 0 0 270.25 
obj 19458 -1358.02 957.59 9.26 0 0 270.25 
obj 19458 -1348.5 957.62 9.26 0 0 270.25 
obj 19458 -1386.61 957.53 12.53 0 0 270.25 
obj 19458 -1377.04 957.58 12.53 0 0 270.25 
obj 19458 -1367.54 957.62 12.53 0 0 270.25 
obj 19458 -1358.02 957.59 12.54 0 0 270.25 
obj 19458 -1348.5 957.62 12.5 0 0 270.25 
obj 19325 -1344.24 957.56 9.75 0 0 89.41 
obj 19325 -1344.24 957.56 12.24 0 0 89.41 
obj 19458 -1341.28 962.35 9.26 0 0 0 
obj 19458 -1341.27 962.37 12.51 0 0 359.59 
obj 19458 -1341.21 971.48 9.26 0 0 0 
obj 19458 -1341.22 971.97 12.49 0 0 0 
obj 19458 -1341.2 980.96 9.26 0 0 0 
obj 19458 -1341.24 980.97 12.5 0 0 0 
obj 19458 -1341.18 990.45 9.26 0 0 0 
obj 19458 -1341.18 990.45 12.53 0 0 0 
obj 19458 -1341.17 999.93 9.26 0 0 0 
obj 19458 -1341.17 999.93 12.52 0 0 0 
obj 19325 -1341.09 1004.36 12.19 0 0 359.6 
obj 19325 -1341.06 1010.95 9.67 0 0 359.6 
obj 19325 -1341.06 1010.95 12.19 0 0 359.6 
obj 19458 -1345.87 1013.65 9.26 0 0 270.11 
obj 19458 -1345.87 1013.65 12.45 0 0 270.11 
obj 19458 -1355.35 1013.64 9.26 0 0 270.11 
obj 19458 -1355.35 1013.64 12.45 0 0 270.11 
obj 19325 -1362.06 1013.72 9.66 0 0 89.99 
obj 19325 -1362.06 1013.72 12.15 0 0 89.99 
obj 19458 -1370 1013.66 9.26 0 0 270.11 
obj 19458 -1370 1013.66 12.41 0 0 270.11 
obj 19325 -1377.59 1013.69 9.66 0 0 89.99 
obj 19325 -1377.59 1013.69 12.08 0 0 89.99 
obj 19458 -1385.29 1013.59 9.26 0 0 270.11 
obj 19458 -1385.29 1013.59 12.41 0 0 270.11 
obj 19325 -1388.24 1013.6 9.66 0 0 89.99 
obj 19325 -1388.24 1013.6 12.08 0 0 89.99 
obj 3499 -1341.94 1012.94 2.13 0 0 0 
obj 3499 -1341.94 1012.94 -8.79 0 0 0 
obj 3499 -1336.68 1013.04 -13.74 0 90 0 
obj 3499 -1325.9 1012.99 -13.74 0 90 0 
obj 3499 -1314.98 1012.94 -13.74 0 90 0 
obj 3499 -1304.3 1012.8 -13.74 0 90 0 
obj 3499 -1296.58 1012.8 -13.74 0 90 0 
obj 3499 -1291.47 1012.77 -13.74 0 90 0 
obj 3499 -1286.62 1012.77 -19.21 0 0 0 
obj 3499 -1281.64 1013.11 -24.32 0 89 0 
obj 3499 -1271.89 1013.37 -24.32 0 89 0 
obj 3499 -1341.64 958.34 2.13 0 0 0 
obj 3499 -1341.68 963.76 0.21 0 90 89.67 
obj 3499 -1341.64 974.31 0.21 0 90 89.67 
obj 3499 -1341.61 984.99 0.21 0 90 89.67 
obj 3499 -1341.54 995.62 0.21 0 90 89.67 
obj 3499 -1341.47 1006.4 0.21 0 90 89.67 
obj 3499 -1341.53 1007.5 0.21 0 90 89.67 
obj 3499 -1390.44 958.16 2.13 0 0 0 
obj 3499 -1390.4 1012.89 2.13 0 0 0 
obj 3499 -1390.32 1007.3 0.21 0 90 89.67 
obj 3499 -1390.41 996.54 0.21 0 90 89.67 
obj 3499 -1390.45 986.05 0.21 0 90 89.67 
obj 3499 -1390.51 975.35 0.21 0 90 89.67 
obj 3499 -1390.54 964.85 0.21 0 90 89.67 
obj 3499 -1390.56 963.91 0.21 0 90 89.67 
obj 19325 -1347.65 968.01 9.75 0 0 182.05 
obj 19325 -1344.53 971.21 9.75 0 0 89.41 
obj 1607 -1343.98 964.81 10.17 0 0 0 
obj 1609 -1344.01 969.55 8.19 0 0 0 
obj 1609 -1343.05 959.75 8.19 0 0 0 
obj 1609 -1344.71 962.19 8.19 0 0 0 
obj 1609 -1346.13 966.11 8.19 0 0 0 
obj 19325 -1347.41 961.66 9.75 0 0 182.05 
obj 19325 -1347.35 960.55 9.75 0 0 182.05 
obj 19325 -1343.34 967.93 11.79 0 90 180.39 
obj 19325 -1345.69 967.97 11.79 0 90 180.39 
obj 19325 -1345.58 962.14 11.79 0 90 180.39 
obj 19325 -1343.36 962.39 11.79 0 90 180.39 
obj 19325 -1343.43 960.93 11.79 0 90 180.39 
obj 19325 -1345.35 960.86 11.79 0 90 180.39 
obj 1709 -1350.72 964.88 7.66 0 0 92.06 
obj 1723 -1351.68 959.53 7.54 0 0 91.13 
obj 19458 -1352.66 962.67 9.26 0 0 0 
obj 19458 -1352.65 962.71 12.52 0 0 0 
obj 19458 -1352.64 971.72 9.26 0 0 0 
obj 19458 -1352.66 971.72 12.52 0 0 0 
obj 19458 -1346.25 976.37 9.26 0 0 270.25 
obj 19458 -1346.27 976.37 12.5 0 0 270.25 
obj 1491 -1352.61 976.43 7.86 0 0 0 
obj 19325 -1349.44 976.35 12.22 0 0 89.41 
obj 1723 -1346.86 975.49 7.54 0 0 358.76 
obj 1808 -1342.57 975.39 7.62 0 0 0 
obj 1893 -1346.83 973.73 14.11 0 0 0 
obj 1893 -1350.58 966.89 14.23 0 0 0 
obj 19325 -1391.07 964.48 9.75 0 0 180.44 
obj 19325 -1390.73 964.51 9.75 0 0 180.09 
obj 19325 -1389.78 964.51 9.75 0 0 180.21 
obj 19429 -1390.51 962.94 11.74 0 90 89.37 
obj 19429 -1390.5 966.05 11.74 0 90 90.1 
obj 19429 -1390.5 967.88 10.07 0 180 90 
obj 19429 -1390.5 967.88 9.46 0 180 90 
obj 19429 -1390.5 961.23 10.07 0 180 90 
obj 19429 -1390.5 961.23 9.22 0 180 90 
obj 1709 -1384.48 965.06 7.63 0 0 270.87 
obj 1723 -1383.52 969.5 7.63 0 0 269.59 
obj 2229 -1390.25 959.5 7.64 0 0 88.02 
obj 2229 -1390.23 960.86 7.64 0 0 88.02 
obj 2229 -1390.2 969.2 7.64 0 0 88.02 
obj 2631 -1386.97 964.65 7.62 0 0 271.36 
obj 2827 -1386.91 963.56 7.67 0 0 0 
obj 2827 -1386.88 965.87 7.67 0 0 0 
obj 2827 -1386.92 964.69 7.67 0 0 0 
obj 1893 -1374.9 966.04 14.21 0 0 0 
obj 2100 -1357.29 959.16 7.62 0 0 178.02 
obj 2231 -1359.01 959.34 7.6 0 0 177.42 
obj 2231 -1356.34 959.26 7.6 0 0 177.42 
obj 19128 -1354.89 963.58 7.61 0 0 0 
obj 19128 -1358.81 963.54 7.61 0 0 0 
obj 19128 -1362.8 963.6 7.61 0 0 0 
obj 19128 -1354.85 967.49 7.61 0 0 0 
obj 19128 -1358.83 967.53 7.61 0 0 0 
obj 19128 -1362.74 967.51 7.61 0 0 0 
obj 19128 -1354.79 971.4 7.61 0 0 0 
obj 19128 -1358.72 971.41 7.61 0 0 0 
obj 19128 -1362.67 971.43 7.61 0 0 0 
obj 14780 -1369.39 963.6 8.33 0 0 359.46 
obj 14780 -1378.27 964 8.33 0 0 359.46 
obj 14780 -1369.32 974.17 8.33 0 0 359.46 
obj 14780 -1378.62 974.5 8.33 0 0 359.46 
obj 19458 -1381.7 1008.8 9.26 0 0 0 
obj 19458 -1381.7 1008.8 12.45 0 0 0 
obj 14446 -1377.43 1011.91 8.11 0 0 359.65 
obj 14446 -1371.11 1011.77 8.11 0 0 359.65 
obj 19458 -1367.68 1008.69 9.26 0 0 0 
obj 19458 -1367.68 1008.69 12.5 0 0 0 
obj 19458 -1377.07 1004.2 9.26 0 0 270.11 
obj 19458 -1376.96 1004.15 12.36 0 0 270.11 
obj 1491 -1369.23 1004.03 7.66 0 0 359.17 
obj 19458 -1374.01 1004.09 9.26 0 0 270.11 
obj 19458 -1374.01 1004.14 12.28 0 0 270.11 
obj 1893 -1375.53 1010.67 14.24 0 0 0 
obj 2297 -1374.57 1004.48 8.01 0 0 133.95 
obj 2297 -1378.44 1004.72 8.01 0 0 133.95 
obj 947 -1355.62 990.75 9.81 0 0 90.8 
obj 947 -1370.68 990.6 9.81 0 0 270.46 
obj 15036 -1343.84 1011.25 8.72 0 0 180.42 
obj 2029 -1353.75 1010.72 7.63 0 0 359.06 
obj 2029 -1353.76 1009.8 7.63 0 0 359.06 
obj 2029 -1355.69 1009.8 7.63 0 0 359.06 
obj 2029 -1355.68 1010.75 7.63 0 0 359.06 
obj 2029 -1357.57 1010.77 7.63 0 0 359.06 
obj 2029 -1357.62 1009.81 7.63 0 0 359.06 
obj 2120 -1351.25 1010.11 8.26 0 0 0 
obj 2120 -1359.11 1010.31 8.25 0 0 177.26 
obj 1723 -1354.2 1007.68 7.63 0 0 178.67 
obj 1723 -1356.12 1012.55 7.63 0 0 0.3 
obj 1481 -1364.52 1012.55 8.17 0 0 0 
obj 1481 -1362.09 1012.66 8.17 0 0 0 
obj 2804 -1364.47 1012.55 8.32 0 0 91.6 
obj 2804 -1362.04 1012.7 8.32 0 0 91.6 
obj 2803 -1363.32 1012.59 8.13 0 0 0 
obj 1893 -1350.42 1007.24 14.15 0 0 0 
obj 1893 -1347.86 986.41 14.13 0 0 0 
obj 1893 -1361.63 1006.39 14.15 0 0 0 
obj 2745 -1389.92 1011 8.83 0 0 359.44 
obj 2745 -1385.43 1010.89 8.83 0 0 359.44 
obj 2164 -1377.43 1003.97 10.49 0 0 0 
obj 1893 -1367.28 991.13 14.23 0 0 0 
obj 16151 -1345.85 977.56 7.97 0 0 268.38 
obj 16152 -1342.27 985.72 7.52 0 0 0 
obj 16152 -1342.23 996.02 7.52 0 0 0 
obj 19325 -1371 1004.11 12.08 0 0 89.99 
obj 19458 -1386.41 979.54 9.26 0 0 270.11 
obj 19458 -1386.59 990.86 9.26 0 0 270.11 
obj 19458 -1386.44 979.52 12.49 0 0 270.11 
obj 1491 -1381.8 989.27 7.68 0 0 89.58 
obj 19458 -1381.87 984.43 9.26 0 0 0 
obj 19458 -1381.87 984.43 12.47 0 0 0 
obj 19458 -1386.59 990.86 12.5 0 0 270.11 
obj 2523 -1390.74 984.01 7.63 0 0 89.33 
obj 2523 -1390.69 986.15 7.63 0 0 89.33 
obj 2523 -1390.64 988.32 7.63 0 0 89.33 
obj 2523 -1390.66 981.76 7.63 0 0 89.33 
obj 2525 -1388.81 980.08 7.63 0 0 180.86 
obj 2525 -1387.54 980.11 7.63 0 0 180.86 
obj 2525 -1385.34 980.13 7.63 0 0 180.86 
obj 2525 -1388.13 990.35 7.63 0 0 0.86 
obj 2525 -1386.6 990.36 7.63 0 0 0.86 
obj 2745 -1385.1 1005.34 8.83 0 0 359.44 
obj 2745 -1389.7 1005.29 8.83 0 0 359.44 
obj 19325 -1381.85 987.47 12.23 0 0 0.76 
obj 1893 -1386.81 1007.31 14.13 0 0 0 
obj 1893 -1387.35 986.11 13.73 0 0 0 
obj 2630 -1371.2 1001.87 7.6 0 0 0 
obj 2630 -1374.75 1001.79 7.6 0 0 0 
obj 2628 -1377.93 1001.44 7.63 0 0 0 
obj 2628 -1380.69 1001.46 7.63 0 0 0 
obj 2198 -1359.49 998.53 7.62 0 0 0 
obj 2198 -1363.85 998.56 7.62 0 0 0 
obj 2198 -1368.01 998.42 7.62 0 0 0 
obj 2964 -1361.08 981.67 7.63 0 0 0 
obj 2964 -1356.29 981.93 7.63 0 0 0 
obj 2964 -1366.69 981.81 7.63 0 0 0 
obj 2964 -1372.19 981.64 7.63 0 0 0 
obj 2964 -1388.12 976.7 7.63 0 0 0 
obj 1893 -1368.29 982.91 14.23 0 0 0 
obj 1893 -1361.71 976.64 14.11 0 0 0 
obj 19376 -1346.17 1008.96 14.17 0 90 0 
obj 19376 -1346.18 1000.19 14.2 0 90 0 
obj 19376 -1346.2 990.59 14.21 0 90 0 
obj 19376 -1346.23 981.03 14.2 0 90 0 
obj 19376 -1346.2 971.53 14.2 0 90 0 
obj 19376 -1346.23 961.96 14.2 0 90 0 
obj 19376 -1356.71 961.93 14.2 0 90 0 
obj 19376 -1356.69 971.46 14.2 0 90 0 
obj 19376 -1356.67 980.99 14.2 0 90 0 
obj 19376 -1356.55 990.49 14.2 0 90 0 
obj 19376 -1356.55 1000.06 14.2 0 90 0 
obj 19376 -1356.54 1009.01 14.2 0 90 0 
obj 19376 -1366.96 1009.04 14.2 0 90 0 
obj 19376 -1366.76 999.54 14.2 0 90 0 
obj 19376 -1366.77 990.13 14.2 0 90 0 
obj 19376 -1366.74 980.57 14.2 0 90 0 
obj 19376 -1366.78 971.08 14.2 0 90 0 
obj 19376 -1366.83 961.92 14.2 0 90 0 
obj 19376 -1377.31 961.92 14.2 0 90 0 
obj 19376 -1377.2 971.47 14.2 0 90 0 
obj 19376 -1377.08 981.05 14.2 0 90 0 
obj 19376 -1377.1 990.54 14.2 0 90 0 
obj 19376 -1377.1 1000.02 14.2 0 90 0 
obj 19376 -1377.05 1009 14.2 0 90 0 
obj 19376 -1386.43 1008.81 14.2 0 90 0 
obj 19376 -1386.4 999.2 14.2 0 90 0 
obj 19376 -1386.4 989.93 14.2 0 90 0 
obj 19376 -1386.39 980.42 14.2 0 90 0 
obj 19376 -1386.32 970.83 14.2 0 90 0 
obj 19376 -1386.32 961.94 14.2 0 90 0 
obj 1893 -1359.71 970.1 14.11 0 0 0 
obj 1893 -1358.79 972.74 14.11 0 0 0 
obj 1893 -1378.44 964.99 14.17 0 0 0 
obj 2259 -1374.27 1004.71 11.67 0 0 180.26 
obj 2259 -1376.11 1004.71 11.67 0 0 180.26 
obj 19376 -1331.06 1008.88 2.65 0 90 359.89 
obj 1775 -1388.61 992.15 8.7 0 0 178.56 
obj 1775 -1384.89 992.12 8.7 0 0 178.56 
obj 10009 -1332.56 1007.63 4.34 0 0 177.99 
obj 19325 -1339.47 1007.44 7.56 0 90 360 
obj 19376 -1320.65 1008.81 2.65 0 90 359.89 
obj 19376 -1331.2 1018.09 2.65 0 90 359.89 
obj 19376 -1310.37 1008.85 2.65 0 90 359.89 
obj 19376 -1310.41 1018.38 2.65 0 90 359.89 
obj 19376 -1310.37 1027.67 2.65 0 90 359.89 
obj 19376 -1320.57 1027.65 2.65 0 90 359.89 
obj 19376 -1331.06 1027.68 2.65 0 90 359.89 
obj 19376 -1321.48 1013.5 -2.53 0 0 269.94 
obj 19376 -1320.27 1013.47 -2.53 0 0 269.94 
obj 19376 -1315.59 1016.82 -2.53 0 0 180.14 
obj 19376 -1315.57 1018.22 -2.53 0 0 180.14 
obj 19376 -1318.26 1022.94 -2.53 0 0 269.11 
obj 19376 -1321.22 1022.95 -2.53 0 0 269.11 
obj 19376 -1326.16 1018.13 -2.53 0 0 180.43 
obj 19376 -1326.11 1018.85 -2.53 0 0 180.43 
obj 19376 -1320.85 1018.25 -7.56 0 90 359.89 
obj 19076 -1306.54 1005.71 2.72 0 0 0 
obj 19076 -1306.25 1029.9 2.72 0 0 0 
obj 19076 -1334.97 1031.93 2.72 0 0 0 
obj 19454 -1439.19 997.63 4.8 86 90 360 
obj 19076 -1447.22 1014.98 5.77 0 0 0 
obj 19076 -1426.63 1011.67 5.77 0 0 0 
obj 3425 -1308.05 1010.21 13.67 0 0 126.6 
obj 1709 -1320.88 1028.23 2.7 0 0 2.2 
obj 1709 -1331.21 1027.9 2.7 0 0 2.2 
obj 19429 -1324.48 1014.35 1.84 0 117 0 
obj 19429 -1321.46 1014.34 0.28 0 117 0 
obj 19429 -1318.46 1014.3 -1.23 0 117 0.1 
