sell 10825 5.9 -1410.28 2.07 89 0 -40 
changeobj 1506 7.63 -1410.51 1.08 0 0 145.62 1502
changeobj 1506 5.13 -1408.82 1.08 0 0 -34.68 1502
changeobj 1506 19.37 -1421.16 4.82 0 0 53.76 1502
obj 19378 8.82 -1408.9 1 0 90 -35.46 
obj 19378 17.36 -1414.98 1 0 90 -35.46 
obj 19378 14.41 -1401.06 1 0 90 -35.46 
obj 19378 22.91 -1407.12 1 0 90 -35.46 
obj 19325 16.14 -1419.93 6.47 0 0 54.66 
obj 19454 16.6 -1416.79 2.84 0 0 55.08 
obj 3498 20.56 -1419.45 3.7 0 0 55.08 
obj 19454 24.55 -1413.76 2.84 0 0 144.6 
obj 19325 22.43 -1416.82 2.52 0 0 -34.98 
obj 19379 27.13 -1410.14 -4.17 0 0 -35.34 
obj 19379 21.59 -1417.96 -4.17 0 0 -35.34 
obj 19325 28.01 -1408.99 2.52 0 0 -35.28 
obj 3498 29.94 -1406.44 3.7 0 0 55.08 
obj 19435 19.8 -1420.47 1.08 91 0 -35.32 
obj 19435 22.77 -1416.23 1.08 91 0 -35.32 
obj 19435 17.47 -1420.87 1.08 91 0 -125.56 
obj 19379 26.03 -1403.52 -4.17 0 0 54.48 
obj 19379 18.19 -1397.94 -4.17 0 0 54.48 
obj 19379 16.84 -1396.93 -4.17 0 0 54.48 
obj 19379 14.99 -1419.12 -4.17 0 0 54.48 
obj 19435 14.64 -1418.86 1.08 91 0 -125.56 
obj 19379 5.24 -1405.02 -4.17 0 0 -35.34 
obj 19379 10.18 -1398.05 -4.17 0 0 -35.34 
obj 19435 4.51 -1408.35 2.84 0 0 54.9 
obj 19435 4.01 -1407.99 2.84 0 0 54.9 
obj 19325 5.23 -1404.91 2.52 0 0 -35.28 
obj 3498 7.37 -1402.16 3.7 0 0 55.08 
obj 19454 10.17 -1398.06 2.84 0 0 144.6 
obj 19325 15.86 -1396.2 2.52 0 0 54.66 
obj 3498 3.5 -1407.55 3.7 0 0 55.08 
obj 3498 12.96 -1394.15 3.7 0 0 55.08 
obj 19325 21.48 -1400.21 2.52 0 0 55.02 
obj 3498 18.6 -1398.28 3.7 0 0 55.08 
obj 19454 26.09 -1403.53 2.84 0 0 54.9 
obj 3498 24.82 -1402.77 3.7 0 0 55.08 
obj 19454 13.52 -1408.8 2.84 0 0 144.6 
obj 19425 6.57 -1409.32 1.08 0 0 -36.24 
obj 19325 13.71 -1403.15 2.52 0 0 55.08 
obj 3498 16.28 -1405 0.2 0 0 55.08 
obj 19391 10.15 -1400.71 2.84 0 0 54.96 
obj 3498 10.84 -1412.57 0.2 0 0 55.08 
obj 1491 9.57 -1400.29 1.08 0 0 -36.36 
obj 19454 21.07 -1410.54 2.84 0 0 55.08 
obj 3498 24.88 -1413.21 3.7 0 0 55.08 
obj 19391 16.47 -1407.32 2.84 0 0 54.96 
obj 1491 15.84 -1406.77 1.08 0 0 -36.36 
obj 14455 14.2 -1414.93 2.68 0 0 -34.86 
obj 14455 12.72 -1409.73 2.68 0 0 54.78 
obj 14455 23.83 -1412.72 2.68 0 0 145.02 
obj 14455 29.19 -1405.85 2.68 0 0 145.02 
obj 14455 12.09 -1395.58 2.68 0 0 234.54 
obj 1725 21.24 -1412.15 1.08 0 0 -125.22 
obj 2131 22.59 -1415.67 1.08 0 0 -124.8 
obj 1758 19.81 -1415.43 1.09 0 0 19.62 
obj 2231 20.29 -1418.58 1.08 0 0 -172.44 
obj 2231 19.8 -1418.64 1.08 0 0 -172.44 
obj 1750 20.15 -1418.62 1.93 0 0 -173.82 
obj 1999 12.65 -1413.33 1.08 0 0 -218.52 
obj 1806 12.78 -1412.08 1.09 0 0 126.84 
obj 2827 12.44 -1413.33 1.89 0 0 0 
obj 1726 14.52 -1400.55 1.08 0 0 144.54 
obj 1727 12.45 -1397.36 1.08 0 0 52.08 
obj 1727 17.15 -1399.39 1.08 0 0 -123.54 
obj 2311 14.24 -1397.85 1.08 0 0 -33.6 
obj 2826 14.58 -1398.22 1.58 0 0 0 
obj 2825 15.32 -1398.58 1.58 0 0 0 
obj 1717 15.12 -1396.66 1.08 0 0 -80.22 
obj 19325 24.84 -1407.53 2.52 0 0 55.08 
obj 3498 27.53 -1409.56 3.7 0 0 55.08 
obj 1710 24.85 -1403.91 1.08 0 0 -34.62 
obj 3498 22.19 -1405.75 0.2 0 0 55.08 
obj 19454 19.36 -1409.66 2.84 0 0 144.6 
obj 1710 18.49 -1409.69 1.08 0 0 -125.22 
obj 1609 25.22 -1410.51 2.25 -324 0 0 
obj 1609 23.26 -1409.22 2.25 -42 1 0 
obj 19377 8.84 -1408.93 4.49 0 90 -35.46 
obj 19377 14.41 -1401.06 4.49 0 90 -35.46 
obj 19377 17.33 -1414.95 4.49 0 90 -35.46 
obj 19377 22.91 -1407.12 4.49 0 90 -35.46 
obj 19379 14.4 -1401.07 4.74 0 90 -35.46 
obj 19377 14.41 -1401.06 4.49 0 90 -35.46 
obj 19379 8.82 -1408.9 4.61 0 90 -35.46 
obj 19379 17.37 -1414.97 4.61 0 90 -35.46 
obj 19379 22.91 -1407.12 4.61 0 90 -35.46 
obj 19379 22.91 -1407.12 4.74 0 90 -35.46 
obj 19379 17.38 -1414.95 4.74 0 90 -35.46 
obj 19379 8.83 -1408.92 4.74 0 90 -35.46 
obj 12839 18.13 -1423.73 2.09 0 0 -216.42 
obj 19454 24.87 -1413.42 6.34 0 0 144.48 
obj 19325 22.57 -1416.61 6.25 0 0 -35.52 
obj 19391 19.74 -1420.58 6.34 0 0 -36.18 
obj 19325 27.98 -1408.87 6.47 0 0 -35.52 
obj 19454 26.07 -1403.53 6.34 0 0 54.9 
obj 19325 10.34 -1412.37 2.52 0 0 55.08 
obj 3498 18.81 -1421.76 3.7 0 0 55.08 
obj 3498 13.37 -1417.91 3.7 0 0 55.08 
obj 19325 10.39 -1415.81 6.49 0 0 54.66 
obj 19454 5.78 -1412.46 6.34 0 0 54.9 
obj 3498 7.95 -1413.97 3.7 0 0 55.08 
obj 3498 1.77 -1409.68 3.7 0 0 55.08 
obj 19454 10.23 -1398.29 6.34 0 0 144.48 
obj 19325 3.84 -1406.93 6.47 0 0 -35.52 
obj 3498 5.96 -1404.13 3.7 0 0 55.08 
obj 19325 8.03 -1401.24 6.33 0 0 -35.52 
obj 19325 21.29 -1400.08 6.49 0 0 54.96 
obj 19325 15.84 -1396.23 6.49 0 0 54.96 
obj 19454 11.14 -1404.73 6.34 0 0 54.9 
obj 19325 13.12 -1410.19 6.49 0 0 -35.52 
obj 19391 10.54 -1413.71 6.34 0 0 -36.18 
obj 1491 10.09 -1414.31 4.82 0 0 53.76 
obj 14720 3.78 -1408.8 4.81 0 0 -34.92 
obj 14632 18.92 -1413.56 6.32 0 0 -34.86 
obj 19325 16.96 -1404.76 6.49 0 0 -35.52 
obj 19391 19.76 -1400.81 6.34 0 0 -36.18 
obj 3498 20.7 -1399.59 3.7 0 0 55.08 
obj 1491 19.36 -1401.42 4.82 0 0 53.76 
obj 14455 10.83 -1397.81 6.27 0 0 -125.34 
obj 1709 11.13 -1400.29 4.82 0 0 55.38 
obj 1709 15.29 -1411.15 4.82 0 0 55.38 
obj 1710 18.41 -1415.21 4.82 0 0 147.42 
obj 1709 22.55 -1410.95 4.82 0 0 235.02 
obj 1709 19 -1407.27 4.82 0 0 -31.8 
obj 1717 19.76 -1411.44 4.82 0 0 105 
obj 2311 19.23 -1409.54 4.82 0 0 -34.02 
obj 2311 20.73 -1411.63 4.82 0 0 -124.68 
obj 2311 17.35 -1412.45 4.82 0 0 -34.02 
obj 2311 18.08 -1409.82 4.82 0 0 -124.68 
obj 2827 20.48 -1411.99 5.31 0 0 0 
obj 2826 17.92 -1412.81 5.31 0 0 0 
obj 2825 17.57 -1410.6 5.31 0 0 0 
obj 2824 19.52 -1409.83 5.31 0 0 -35.04 
obj 2529 9.71 -1404.36 4.82 0 0 -35.52 
obj 2530 10.5 -1404.94 4.82 0 0 -35.52 
obj 2531 11.28 -1405.54 4.82 0 0 -35.52 
obj 2534 12.06 -1406.09 4.82 0 0 -35.52 
obj 1516 6.6 -1408.03 4.83 0 0 -35.16 
obj 1516 7.56 -1408.68 4.83 0 0 -35.16 
obj 1516 8.51 -1409.32 4.83 0 0 -35.16 
obj 2124 9.09 -1408.48 5.68 0 0 54.12 
obj 2124 8.19 -1407.81 5.68 0 0 54.12 
obj 2124 7.11 -1407.08 5.68 0 0 54.12 
obj 2124 5.94 -1408.92 5.68 0 0 234.48 
obj 2124 6.96 -1409.63 5.68 0 0 234.48 
obj 2124 7.91 -1410.31 5.68 0 0 234.48 
obj 2124 9.7 -1410.14 5.68 0 0 326.4 
obj 2124 5.54 -1407.33 5.68 0 0 147.9 
obj 19377 8.84 -1408.93 8.01 0 90 -35.46 
obj 19377 14.4 -1401.07 8.01 0 90 -35.46 
obj 19377 17.38 -1414.95 8.01 0 90 -35.46 
obj 19377 22.93 -1407.14 8.01 0 90 -35.46 
obj 19376 17.33 -1415.04 8.12 0 90 -35.46 
obj 19376 8.78 -1408.96 8.12 0 90 -35.46 
obj 19376 22.91 -1407.14 8.12 0 90 -35.46 
obj 19376 14.38 -1401.07 8.12 0 90 -35.46 
obj 19376 8.97 -1408.82 8.24 0 90 -35.46 
obj 19376 8.82 -1409.1 8.36 0 90 -35.46 
obj 19376 8.7 -1408.99 8.48 0 90 -35.46 
obj 19376 14.4 -1401.07 8.24 0 90 -35.46 
obj 19376 14.4 -1401.07 8.36 0 90 -35.46 
obj 19376 14.4 -1401.07 8.48 0 90 -35.46 
obj 19376 22.93 -1407.14 8.24 0 90 -35.46 
obj 19376 22.93 -1407.14 8.36 0 90 -35.46 
obj 19376 22.93 -1407.14 8.48 0 90 -35.46 
obj 19376 17.38 -1414.95 8.24 0 90 -35.46 
obj 19376 17.23 -1415.11 8.36 0 90 -35.46 
obj 19376 17.28 -1415.05 8.46 0 90 -35.46 
obj 19377 22.81 -1428.41 2.14 0 90 33 
obj 19377 28.06 -1436.46 2.14 0 90 33 
obj 19377 30.84 -1440.31 2.14 -91 90 33 
obj 19377 21.37 -1423.55 2.14 -91 90 33 
obj 19377 23.92 -1427.45 7.02 0 90 33 
obj 19377 36.79 -1430.59 2.14 0 90 33 
obj 19377 31.61 -1422.5 2.14 0 90 33 
obj 19377 28.95 -1418.36 2.14 -91 90 33 
obj 19377 39.48 -1434.68 2.14 -91 90 33 
obj 19377 31.54 -1422.47 7 0 90 33 
obj 19377 36.82 -1430.54 7 0 90 33 
obj 19377 29.03 -1435.62 7.02 0 90 33 
obj 19377 42.62 -1426.65 1.98 0 -18 33 
obj 19377 38.26 -1429.57 2.12 0 90 33 
obj 19325 42.8 -1432.45 0.86 18 0 -56 
obj 19325 41.89 -1433.03 4.12 18 0 -56 
obj 19377 32.98 -1421.57 2.12 0 90 33 
obj 19377 37.31 -1418.63 1.98 0 -18 33 
obj 19325 32.13 -1416.34 0.86 18 0 -56 
obj 19325 31.32 -1416.98 4.12 18 0 -56 
obj 1697 13.48 -1400.77 10.3 0 0 0 
obj 1697 23.54 -1407 10.3 0 0 0 
