sell 10825 -2823.2300 1296.7700 7.0900
changeobj 1506 -2815.27 1302.51 6.12 0 0 0 1502
changeobj 1506 -2833.59 1314.44 9.53 0 0 -90 1502
obj 19378 -2828.18 1307.32 6.05 0 90 0 
obj 19378 -2818.15 1307.32 6.05 0 90 0 
obj 19378 -2817.94 1316.92 6.05 0 90 0 
obj 19378 -2828.21 1316.9 6.05 0 90 0 
obj 19454 -2833.47 1307.31 7.83 0 0 0 
obj 19454 -2827.27 1307.37 7.83 0 0 0 
obj 19454 -2820.88 1302.56 7.83 0 0 90 
obj 19454 -2812.81 1307.33 7.83 0 0 0 
obj 19454 -2812.7 1316.81 7.83 0 0 0 
obj 19454 -2833.52 1316.8 7.83 0 0 0 
obj 19454 -2828.71 1321.58 7.83 0 0 90 
obj 19454 -2817.3 1321.67 7.83 0 0 90 
obj 19325 -2822.26 1321.63 7.51 0 0 90 
obj 19435 -2826.44 1302.6 7.84 0 0 88 
obj 19462 -2812.9 1316.76 7.83 0 0 0 
obj 19443 -2813.52 1320.37 7.81 0 0 89 
obj 19443 -2813.59 1313.61 7.81 0 0 89 
obj 19443 -2813.51 1318.66 6.69 0 90 89 
obj 19443 -2813.57 1315.35 6.69 0 90 89 
obj 19443 -2814.22 1318.72 5.87 88 90 89 
obj 19443 -2814.29 1315.39 5.87 88 90 89 
obj 19325 -2814.13 1316.88 7.51 0 0 178 
obj 2229 -2813.76 1320.69 6.13 0 0 -90 
obj 2229 -2813.83 1312.81 6.13 0 0 -90 
obj 1728 -2821.13 1315.98 6.13 0 0 91 
obj 1729 -2819.34 1314.25 6.13 0 0 178 
obj 1729 -2819.13 1319.55 6.13 0 0 -2 
obj 2311 -2819.75 1316.12 6.13 0 0 91 
obj 2311 -2818.81 1316.16 6.13 0 0 91 
obj 1551 -2820.03 1317.21 6.88 0 0 0 
obj 1551 -2820 1316.74 6.88 0 0 0 
obj 1551 -2819.59 1317.63 6.88 0 0 0 
obj 1551 -2819.47 1317.23 6.88 0 0 0 
obj 2839 -2819.37 1316.8 6.64 0 0 0 
obj 2827 -2819.54 1316.38 6.64 0 0 0 
obj 2829 -2818.89 1316.02 6.64 0 0 0 
obj 1551 -2819.85 1317.69 6.88 0 0 0 
obj 1551 -2818.79 1317.11 6.88 0 0 0 
obj 2826 -2819.11 1317.52 6.64 0 0 0 
obj 19454 -2828.52 1315.71 7.83 0 0 91 
obj 14535 -2829.07 1318.56 8.13 0 0 -90 
obj 19454 -2816.06 1307.32 7.83 0 0 0 
obj 19325 -2819.35 1312.2 7.51 0 0 270 
obj 19325 -2821.38 1312.16 7.51 0 0 270 
obj 19391 -2825.56 1312.13 7.83 0 0 90 
obj 19128 -2818.17 1310.17 6.14 0 0 0 
obj 19128 -2825.36 1310.17 6.14 0 0 0 
obj 19128 -2825.18 1304.63 6.14 0 0 0 
obj 19128 -2818.06 1304.69 6.14 0 0 0 
obj 2099 -2827.09 1307.13 6.14 0 0 92 
obj 2099 -2816.18 1307.49 6.14 0 0 272 
obj 2099 -2821.5 1302.62 6.14 0 0 182 
obj 1491 -2826.42 1312.15 6.13 0 0 0 
obj 19378 -2818 1316.91 9.53 0 90 0 
obj 19378 -2828.48 1316.92 9.53 0 90 0 
obj 19378 -2828.47 1307.37 9.53 0 90 0 
obj 19378 -2818.03 1307.33 9.53 0 90 0 
obj 13011 -2834.33 1309.55 6.1 0 0 0 
obj 19391 -2814.5 1302.58 7.83 0 0 90 
obj 19391 -2833.52 1313.66 11.15 0 0 0 
obj 19454 -2833.54 1307.38 11.17 0 0 0 
obj 19454 -2828.77 1302.61 11.17 0 0 90 
obj 19454 -2814.52 1307.36 11.15 0 0 179 
obj 19454 -2814.36 1316.72 11.15 0 0 179 
obj 19454 -2819.07 1321.5 11.15 0 0 269 
obj 19325 -2826.92 1321.6 10.91 0 0 90 
obj 19325 -2830.28 1321.6 10.91 0 0 90 
obj 19325 -2833.59 1318.31 10.91 0 0 180 
obj 19454 -2819.23 1309.2 11.17 0 0 90 
obj 19454 -2824.09 1313.82 11.17 0 0 0 
obj 19391 -2824.09 1320.06 11.15 0 0 0 
obj 14446 -2815.98 1319.39 9.79 0 0 0 
obj 14446 -2819.93 1319.66 9.79 0 0 0 
obj 2576 -2814.9 1317.66 9.61 0 0 -92 
obj 2313 -2817.27 1309.78 9.62 0 0 181 
obj 1786 -2817.86 1309.37 10.11 0 0 -179 
obj 2024 -2818.64 1311.44 9.62 0 0 0 
obj 1723 -2819.19 1313.86 9.61 0 0 0 
obj 1723 -2829.74 1320.57 9.61 0 0 0 
obj 2314 -2829.45 1318.24 9.67 0 0 0 
obj 1723 -2827.6 1317 9.61 0 0 -178 
obj 1723 -2826.11 1319.71 9.61 0 0 -90 
obj 2314 -2829.45 1319.06 9.67 0 0 0 
obj 2826 -2829.09 1318.39 10.18 0 0 0 
obj 2826 -2828.41 1318.48 10.18 0 0 33 
obj 2826 -2828.18 1318.97 10.18 0 0 33 
obj 970 -2816.86 1302.7 10.15 0 0 0 
obj 970 -2821 1302.7 10.15 0 0 0 
obj 970 -2825.12 1302.67 10.15 0 0 0 
obj 1723 -2822.77 1306.76 9.61 0 0 0 
obj 1723 -2819.8 1306.79 9.61 0 0 0 
obj 19454 -2830.39 1307.56 11.21 0 0 0 
obj 19391 -2831.93 1309.32 11.15 0 0 90 
obj 2516 -2832.27 1303.24 9.62 0 0 0 
obj 2523 -2832.91 1305.21 9.62 0 0 92 
obj 2738 -2830.83 1308.54 10.22 0 0 -90 
obj 2387 -2831.48 1305.15 9.61 0 0 0 
obj 2387 -2831.51 1306.65 9.61 0 0 0 
obj 1502 -2824.06 1319.32 9.56 0 0 -271 
obj 19378 -2828.48 1316.92 12.93 0 90 0 
obj 19378 -2817.99 1316.89 12.93 0 90 0 
obj 19378 -2817.99 1307.41 12.93 0 90 0 
obj 19378 -2828.51 1307.4 12.93 0 90 0 
