sell 10825 999.07 1577.12 10.5 0 0 0 
changeobj 1506 967.55 1567.59 10 0 0 90 1502
changeobj 1506 967.52 1570.7 10 0 0 270 1502
changeobj 1506 990.01 1571.5 13.4 0 0 90 1502
changeobj 1506 985.14 1573.91 13.4 0 0 0 1502
changeobj 1506 983.18 1573.94 13.4 0 0 0 1502
changeobj 1506 967.53 1566.75 10 0 0 270 1502
changeobj 1506 997.28 1576.37 10 0 0 270 1502
changeobj 1506 997.3 1579.59 10 0 0 270 1502
changeobj 1506 980.57 1563.64 16.9 0 0 90 1502
changeobj 1506 980.57 1555.62 16.9 0 0 90 1502
obj 3586 984.88 1580.23 10.3 0 0 0 
obj 19378 992.14 1578.82 9.8 0 90 0 
obj 19378 992.14 1569.19 13.3 0 90 0 
obj 19377 981.62 1559.56 9.8 0 90 0 
obj 19377 971.14 1559.56 9.8 0 90 0 
obj 19354 997.3 1582.03 11.63 0 0 0 
obj 19384 997.3 1578.82 11.63 0 0 0 
obj 19384 997.3 1575.61 11.63 0 0 0 
obj 19400 997.3 1572.4 11.63 0 0 0 
obj 19400 997.29 1569.19 11.63 0 0 0 
obj 19354 997.29 1565.98 11.63 0 0 0 
obj 19325 997.3 1570.56 11.3 0 0 0 
obj 19325 993.99 1564.41 11.3 0 0 90 
obj 19354 988.5 1564.46 11.63 0 0 90 
obj 19427 990.9 1564.46 11.63 0 0 90 
obj 19325 994.01 1583.58 11.3 0 0 90 
obj 19325 990.23 1583.58 11.3 0 0 90 
obj 19325 986.91 1580.27 11.3 0 0 0 
obj 19354 986.98 1575.61 11.63 0 0 0 
obj 19354 986.98 1572.4 11.63 0 0 0 
obj 19354 986.98 1569.19 11.63 0 0 0 
obj 19384 986.98 1565.98 11.63 0 0 0 
obj 19354 986.98 1562.77 11.63 0 0 0 
obj 19354 986.98 1559.56 11.63 0 0 0 
obj 19354 986.98 1556.35 11.63 0 0 0 
obj 1723 995.87 1567.8 10 0 0 270 
obj 19325 990.23 1576.95 11.3 0 0 90 
obj 19325 993.54 1580.27 11.3 0 0 0 
obj 1723 995.86 1570.94 10 0 0 270 
obj 1822 994.81 1569.45 10 0 0 90 
obj 1723 992.86 1568.92 10 0 0 90 
obj 1723 992.83 1565.81 10 0 0 90 
obj 2420 996.48 1583.19 10 0 0 0 
obj 1721 995.17 1581.2 10 0 0 90 
obj 1721 995.06 1579.27 10 0 0 90 
obj 1721 994.88 1577.38 10 0 0 90 
obj 1601 990.43 1579 12 0 0 90 
obj 1601 991.5 1579.05 12 0 0 90 
obj 1605 990.26 1579.24 12 0 0 90 
obj 830 989.45 1581.3 10 0 0 270 
obj 1609 991.76 1581.37 10.3 0 0 0 
obj 1609 991.84 1580.1 11 55 0 0 
obj 817 989.78 1579.23 10 0 0 270 
obj 817 991.26 1582.41 10 0 0 270 
obj 817 991.17 1578.65 10 0 0 270 
obj 1605 990.14 1580.52 12 0 0 0 
obj 1605 990.14 1580.52 12 0 0 0 
obj 16151 988.18 1570.63 10.2 0 0 180 
obj 1822 994.81 1566.28 10 0 0 90 
obj 2195 994.06 1583.09 10.5 0 0 0 
obj 2195 996.77 1565.01 10.5 0 0 0 
obj 2195 996.79 1573.43 10.5 0 0 0 
obj 2195 987.66 1576.35 10.5 0 0 0 
obj 2194 994.31 1569.93 10.77 0 0 0 
obj 2194 994.32 1566.76 10.77 0 0 0 
obj 2254 989.9 1564.57 12.2 0 0 180 
obj 2256 987.09 1572.76 12.2 0 0 90 
obj 2257 997.16 1566.2 12 0 0 270 
obj 2262 996.71 1570.75 12 0 0 270 
obj 2261 996.71 1574 12 0 0 270 
obj 2260 996.73 1581.08 12 0 0 270 
obj 19354 985.28 1554.85 11.63 0 0 90 
obj 19354 982.08 1554.83 11.63 0 0 90 
obj 19354 978.87 1554.83 11.63 0 0 90 
obj 19354 975.66 1554.83 11.63 0 0 90 
obj 19354 972.45 1554.83 11.63 0 0 90 
obj 19354 969.24 1554.83 11.63 0 0 90 
obj 19354 967.55 1556.34 11.63 0 0 0 
obj 19354 967.55 1559.55 11.63 0 0 0 
obj 19354 967.55 1562.76 15.13 0 0 0 
obj 19384 967.55 1565.97 11.63 0 0 0 
obj 19354 967.55 1572.39 11.63 0 0 0 
obj 19354 969.24 1573.9 11.63 0 0 90 
obj 19354 972.45 1573.9 11.63 0 0 90 
obj 19354 975.66 1573.9 11.63 0 0 90 
obj 19354 978.87 1573.9 11.63 0 0 90 
obj 19354 981.26 1573.89 15.13 0 0 90 
obj 19354 985.29 1573.9 11.63 0 0 90 
obj 19378 992.14 1578.82 13.3 0 90 0 
obj 19378 992.14 1569.19 9.8 0 90 0 
obj 19354 969.24 1564.28 11.63 0 0 90 
obj 19384 972.45 1564.27 11.63 0 0 90 
obj 19354 975.66 1564.27 11.63 0 0 90 
obj 19354 978.86 1564.27 11.63 0 0 90 
obj 19384 982.07 1564.27 11.63 0 0 90 
obj 19354 985.28 1564.27 11.63 0 0 90 
obj 19354 977.26 1562.58 11.63 0 0 0 
obj 19354 977.26 1559.37 11.63 0 0 0 
obj 19354 977.26 1556.46 11.63 0 0 0 
obj 19354 969.24 1567.49 11.63 0 0 90 
obj 19354 972.45 1567.49 11.63 0 0 90 
obj 19427 974.86 1567.49 11.63 0 0 90 
obj 19354 975.75 1569 11.63 0 0 0 
obj 19427 975.75 1571.41 11.63 0 0 0 
obj 19427 975.75 1573.01 11.63 0 0 0 
obj 19427 974.86 1572.12 11.63 0 0 90 
obj 19354 972.45 1572.12 11.63 0 0 90 
obj 19354 969.24 1572.12 11.63 0 0 90 
obj 14832 966.57 1551.92 11.4 0 0 0 
obj 14832 976.3 1551.94 11.4 0 0 0 
obj 19128 981.83 1558.43 9.9 0 0 0 
obj 19128 971.59 1558.23 9.9 0 0 0 
obj 19377 981.64 1569.19 9.8 0 90 0 
obj 19377 971.14 1569.19 9.8 0 90 0 
obj 14434 984.22 1564.86 12.8 0 0 270 
obj 19377 981.64 1559.56 13.3 0 90 0 
obj 19377 971.14 1559.73 13.3 0 90 0 
obj 14455 986.2 1573.61 11.4 0 0 180 
obj 14455 986.65 1568.66 11.4 0 0 90 
obj 14455 975.99 1572.51 11.4 0 0 270 
obj 14446 978.62 1572.06 10.4 0 0 0 
obj 2637 982.52 1568.77 10.4 0 0 0 
obj 2123 982.52 1570.38 10.4 0 0 90 
obj 2123 982.53 1567.34 10.4 0 0 270 
obj 11665 985.1 1556.55 10.6 0 0 270 
obj 11665 975.39 1556.53 10.6 0 0 270 
obj 1670 981.82 1568.81 10.84 0 0 90 
obj 2812 982.62 1568.76 10.84 0 0 90 
obj 2096 984.24 1571.92 10 0 0 113 
obj 633 986.43 1564.74 10.8 0 0 270 
obj 633 986.49 1567.33 10.8 0 0 270 
obj 633 980.85 1564.72 10.8 0 0 270 
obj 633 968.04 1564.76 10.8 0 0 270 
obj 2195 980.77 1573.44 10.5 0 0 0 
obj 2195 976.43 1573.39 10.5 0 0 0 
obj 2001 984.34 1571.14 10 0 0 113 
obj 2256 978.71 1573.78 12 0 0 0 
obj 2258 984.31 1564.39 12 0 0 180 
obj 2261 978.17 1564.86 11.8 0 0 180 
obj 2264 970.76 1564.86 11.5 0 0 180 
obj 2267 970.67 1567.37 12 0 0 0 
obj 19377 971.14 1569.19 13.3 0 90 0 
obj 19377 981.64 1569.19 13.3 0 90 0 
obj 19354 986.98 1556.35 15.13 0 0 0 
obj 19354 986.98 1559.56 15.13 0 0 0 
obj 19354 986.98 1562.77 15.13 0 0 0 
obj 19354 985.29 1554.83 15.13 0 0 90 
obj 19354 982.08 1554.83 15.13 0 0 90 
obj 19354 978.87 1554.83 15.13 0 0 90 
obj 19354 988.5 1564.46 15.13 0 0 90 
obj 19354 975.66 1554.83 15.13 0 0 90 
obj 19354 972.45 1554.83 15.13 0 0 90 
obj 19354 969.24 1554.83 15.13 0 0 90 
obj 19325 967.63 1558.1 14.8 0 0 0 
obj 19354 967.55 1562.76 11.63 0 0 0 
obj 19354 967.55 1565.97 15.13 0 0 0 
obj 19354 967.55 1569.18 15.13 0 0 0 
obj 19354 969.24 1573.9 15.13 0 0 90 
obj 19354 967.55 1572.39 15.13 0 0 0 
obj 19325 974.09 1573.91 14.8 0 0 90 
obj 19354 982.08 1573.9 11.63 0 0 90 
obj 19354 978.87 1573.9 15.13 0 0 90 
obj 19354 988.5 1573.92 15.13 0 0 90 
obj 19384 990.01 1572.23 15.13 0 0 0 
obj 19325 990.01 1567.77 15.3 0 0 0 
obj 19384 985.28 1564.27 15.13 0 0 90 
obj 19354 982.07 1564.27 15.13 0 0 90 
obj 19384 978.86 1564.27 15.13 0 0 90 
obj 19354 975.65 1564.27 15.13 0 0 90 
obj 19354 972.44 1564.27 15.13 0 0 90 
obj 19354 969.23 1564.27 15.13 0 0 90 
obj 19354 980.56 1562.58 15.13 0 0 0 
obj 19384 980.56 1559.37 15.13 0 0 0 
obj 19354 980.56 1556.36 15.13 0 0 0 
obj 1419 995.24 1583.61 13.9 0 0 0 
obj 1419 991.14 1583.61 13.9 0 0 0 
obj 1419 988.92 1583.61 13.9 0 0 0 
obj 1419 986.91 1581.52 13.9 0 0 90 
obj 1419 986.91 1577.43 13.9 0 0 90 
obj 1419 997.31 1581.56 13.9 0 0 90 
obj 1419 997.31 1577.46 13.9 0 0 90 
obj 1419 997.31 1573.36 13.9 0 0 90 
obj 1419 997.31 1569.26 13.9 0 0 90 
obj 1419 997.31 1566.41 13.9 0 0 90 
obj 1419 995.23 1564.39 13.9 0 0 0 
obj 14449 992.16 1580.91 14.66 0 0 90 
obj 2808 996.32 1580.6 14 0 0 90 
obj 2747 994.82 1580.6 13.8 0 0 90 
obj 2808 993.32 1580.6 14 0 0 270 
obj 2808 990.56 1580.6 14 0 0 90 
obj 2747 988.97 1580.6 13.8 0 0 90 
obj 2808 987.49 1580.6 14 0 0 270 
obj 955 988.79 1574.48 14 0 0 180 
obj 2451 994.94 1566.51 13.3 0 0 0 
obj 1811 995.31 1565.19 14 0 0 270 
obj 2805 996.84 1566.3 14 0 0 180 
obj 2803 996.6 1565.07 14 0 0 180 
obj 2804 995.4 1566.63 14.3 0 0 180 
obj 2804 995.75 1566.61 14.3 0 0 180 
obj 2804 996.08 1566.59 14.3 0 0 180 
obj 19346 994.63 1566.49 14.3 353 0 180 
obj 19346 994.73 1566.48 14.3 353 0 180 
obj 19346 994.85 1566.49 14.3 353 0 180 
obj 19346 994.96 1566.48 14.3 353 0 180 
obj 2222 995.03 1580.39 14.3 0 0 180 
obj 2222 994.59 1580.68 14.3 0 0 180 
obj 2221 989.19 1580.77 14.3 0 0 180 
obj 2221 988.75 1580.43 14.3 0 0 180 
obj 14535 983.81 1559.1 15.5 0 0 0 
obj 2451 993.05 1566.51 13.3 0 0 0 
obj 1811 993.52 1565.2 14 0 0 270 
obj 19346 992.76 1566.56 14.3 353 0 180 
obj 19346 992.87 1566.56 14.3 353 0 180 
obj 19346 992.98 1566.53 14.3 353 0 180 
obj 19346 993.09 1566.55 14.3 353 0 180 
obj 2804 993.47 1566.63 14.3 0 0 180 
obj 2804 994.12 1566.55 14.3 0 0 180 
obj 2804 993.78 1566.6 14.3 0 0 180 
obj 1984 995.61 1571.35 13.4 0 0 90 
obj 1811 996.84 1572.34 14 0 0 0 
obj 632 991.08 1565.86 13.8 0 0 90 
obj 632 996.81 1571.02 13.8 0 0 90 
obj 632 996.72 1578.93 13.8 0 0 90 
obj 632 987.78 1579.23 13.8 0 0 90 
obj 632 997 1584.04 13.8 0 0 90 
obj 632 987.39 1584.15 13.8 0 0 90 
obj 2181 980 1556.4 13.4 0 0 270 
obj 14446 969.55 1562.44 14.1 0 0 0 
obj 2007 979.97 1557.74 13.4 0 0 270 
obj 2755 971.67 1562.55 15.1 0 0 270 
obj 2565 972.32 1561.69 13.9 0 0 0 
obj 1828 978.76 1561.82 13.4 0 0 270 
obj 1828 971.35 1569.51 13.4 0 0 270 
obj 1828 969.98 1558.14 13.4 0 0 270 
obj 2224 969.39 1555.61 13.4 0 0 90 
obj 2225 968.31 1555.42 13.4 0 0 0 
obj 2233 967.6 1556.8 13.4 0 0 90 
obj 2233 968.86 1555.03 13.4 0 0 180 
obj 2627 971.88 1556 13.4 0 0 180 
obj 2627 972.81 1556.02 13.4 0 0 180 
obj 2628 973.95 1555.99 13.4 0 0 180 
obj 2629 975.87 1555.71 13.4 0 0 270 
obj 2630 975.98 1557.09 13.4 0 0 270 
obj 2631 973.53 1558.51 13.4 0 0 0 
obj 2635 989.43 1565.13 13.8 0 0 0 
obj 2635 989.44 1567.29 13.8 0 0 0 
obj 2636 988.46 1567.3 13.9 0 0 180 
obj 2636 988.47 1565.21 13.9 0 0 180 
obj 2223 989.45 1567.35 14.3 0 0 180 
obj 2223 989.41 1565.13 14.3 0 0 180 
obj 2296 967.92 1568.95 13.5 0 0 90 
obj 2636 978.71 1556.04 13.9 0 0 180 
obj 1742 977.83 1573.94 13.4 0 0 0 
obj 1742 979.27 1573.93 13.4 0 0 0 
obj 1742 980.71 1573.94 13.4 0 0 0 
obj 1746 978.24 1571.85 13.4 0 0 0 
obj 1746 980.3 1571.88 13.4 0 0 0 
obj 1746 973.63 1572.31 13.4 0 0 0 
obj 1746 973.79 1566.72 13.4 0 0 0 
obj 2681 977.36 1564.86 13.4 0 0 180 
obj 2690 976.63 1564.43 15 0 0 180 
obj 3811 974.92 1564.72 15 0 0 90 
obj 3811 971.06 1564.73 15 0 0 90 
obj 1523 980.58 1558.63 13.4 0 0 90 
obj 1492 984.5 1564.26 13.4 0 0 0 
obj 1491 978.08 1564.27 13.4 0 0 0 
obj 1828 984.02 1568.99 13.4 0 0 270 
obj 632 986.32 1565.62 13.8 0 0 90 
obj 632 989.55 1574.3 13.8 0 0 90 
obj 632 981.22 1564.86 13.8 0 0 90 
obj 632 982.24 1574.12 13.8 0 0 90 
obj 632 968.54 1573.88 13.8 0 0 90 
obj 632 968.2 1567.65 13.8 0 0 90 
obj 632 980.13 1564.53 13.8 0 0 90 
obj 632 977.38 1556.19 13.8 0 0 90 
obj 632 968.33 1560.52 13.8 0 0 90 
obj 1502 986.94 1566.77 10 0 0 270 
obj 1494 981.3 1564.29 10 0 0 0 
obj 1494 971.67 1564.27 10 0 0 0 
obj 19377 981.64 1569.19 16.9 0 90 0 
obj 19377 971.14 1569.19 16.9 0 90 0 
obj 19377 981.64 1559.56 16.9 0 90 0 
obj 19377 971.14 1559.73 16.9 0 90 0 
obj 19377 984.85 1569.19 16.9 0 90 0 
obj 3276 993.95 1588.22 11 0 0 0 
obj 3276 982.12 1588.33 11 0 0 0 
obj 3276 970.4 1588.36 11 0 0 0 
obj 3276 958.72 1588.37 11 0 0 0 
obj 3276 952.7 1582.34 11 0 0 90 
obj 3276 952.67 1570.73 11 0 0 90 
obj 3276 958.58 1564.95 11 0 0 0 
obj 623 953.44 1565.96 9 0 0 0 
obj 622 958.13 1572.48 9 0 0 0 
obj 621 954.6 1565.8 9 0 0 0 
obj 621 978.33 1577.93 9 0 0 0 
obj 621 991.83 1557.33 9 0 0 0 
obj 14791 973.74 1577.28 11 0 0 270 
obj 2024 972.47 1568.99 13.5 0 0 90 
obj 1723 974.07 1570.41 13.4 0 0 270 
obj 1724 972.46 1567.36 13.4 0 0 222 
obj 1724 971.81 1572.29 13.4 0 0 -55 
obj 3471 998.55 1574.1 11 0 0 0 
obj 3471 998.48 1580.32 11 0 0 0 
obj 3498 997.2 1583.62 9 0 0 0 
obj 3498 966.31 1573.59 13 0 0 0 
obj 3498 966.27 1555.3 13 0 0 0 
obj 3498 986.88 1554.93 13 0 0 0 
obj 3498 997.23 1564.45 9 0 0 0 
obj 3525 993.75 1566.52 13.6 0 18 180 
obj 3525 995.72 1566.51 13.6 0 18 180 
obj 3524 1000.03 1583.01 11 0 0 90 
obj 3524 999.78 1567.85 11 0 0 90 
obj 1419 991.15 1564.39 13.9 0 0 0 
obj 1597 960.87 1586.67 11.9 0 0 270 
obj 1597 967.42 1586.6 11.9 0 0 270 
obj 3660 954.29 1577.55 11.9 0 0 270 
obj 869 957.62 1582.76 10.2 0 0 270 
obj 870 960.09 1583.25 10.2 0 0 270 
obj 871 958.16 1581.23 10.2 0 0 270 
obj 868 956.71 1583.75 10.2 0 0 360 
obj 877 959.86 1582.1 10.2 0 0 360 
obj 10009 992.01 1557.7 13.8 0 0 180 
obj 19446 978.36 1554.84 18.63 0 0 90 
obj 19384 980.56 1556.36 18.63 0 0 0 
obj 19354 980.56 1559.56 18.63 0 0 0 
obj 15039 977 1558.39 16.8 0 0 90 
obj 19427 980.56 1561.97 18.63 0 0 0 
obj 19446 978.36 1561.83 18.63 0 0 90 
obj 15039 977 1565.45 16.8 0 0 90 
obj 19446 978.36 1568.96 18.63 0 0 90 
obj 19384 980.56 1564.38 18.63 0 0 0 
obj 19354 980.56 1567.41 18.63 0 0 0 
obj 19325 973.56 1558.08 18.9 0 0 0 
obj 19325 973.56 1564.71 18.9 0 0 0 
obj 19427 973.63 1568.07 18.63 0 0 0 
obj 19377 978.36 1563.79 20.3 0 90 90 
obj 19454 978.36 1556.8 20.3 0 90 90 
obj 19454 978.36 1556.5 20.3 0 90 90 
obj 16409 990.19 1546.14 9.8 0 0 -179 
