sell 10825 258.16 2938.83 1.63 75 0 0 
changeobj 1506 257.4 2939.33 0.73 0 0 -2.88 1502
changeobj 1506 267.13 2940.95 9.95 0 0 -4.56 1502
obj 19386 258.17 2939.29 2.55 0 0 89.58 
obj 19375 264.44 2938.96 6.05 0 0 -93.84 
obj 19375 251.93 2939.69 6.05 0 0 -93.84 
obj 19433 257.49 2939.22 5.96 0 0 -94.62 
obj 19433 257.52 2939.32 9.51 0 0 -92.28 
obj 19433 257.5 2939.36 9.37 0 0 -92.76 
obj 19433 258.87 2939.14 5.96 0 0 -92.4 
obj 19433 258.91 2939.22 9.39 0 0 -92.7 
obj 19433 258.87 2939.32 9.5 0 0 -93.9 
obj 19375 252.61 2944.31 0.98 2 -90 -4.2 
obj 19375 262.91 2943.59 0.98 2 -90 -4.2 
obj 19375 264.34 2943.53 0.98 2 -90 -4.2 
obj 19375 247.58 2944.52 6.03 2 0 -4.38 
obj 19375 253.22 2953.52 1.34 2 -90 -4.2 
obj 19375 263.63 2952.75 1.3 2 -90 -4.2 
obj 19375 265.04 2952.7 1.3 2 -90 -4.2 
obj 19375 248.24 2953.76 6.25 2 0 -4.38 
obj 19375 269.41 2943.41 5.97 2 0 -4.38 
obj 19375 270.06 2952.17 6.25 2 0 -4.38 
obj 19375 265.6 2957.3 6.58 0 0 -93.84 
obj 19375 256.26 2957.79 6.46 0 0 -93.84 
obj 19375 253.33 2957.94 6.37 0 0 -93.84 
obj 14877 249.79 2953.14 3.25 0 0 85.92 
obj 19452 265.91 2952.52 3.02 2 0 -4.2 
obj 1502 265.43 2946.23 1.2 0 -2 86.16 
obj 19433 267.09 2946.08 1.79 90 6 -100.02 
obj 19433 267.87 2946.03 1.79 90 6 -100.02 
obj 19433 267.87 2946.03 3.33 90 6 -100.02 
obj 19433 267.09 2946.08 3.33 90 6 -100.02 
obj 1799 266.76 2955.44 1.45 0 0 -94.62 
obj 2574 269.54 2953.53 1.25 0 0 -95.34 
obj 2296 265.95 2948.29 1.26 0 0 86.76 
obj 1758 269.25 2949.18 1.21 0 0 -94.02 
obj 19433 267.09 2946.08 3.87 90 6 -100.02 
obj 19433 267.87 2946.03 3.85 90 6 -100.02 
obj 19433 250.55 2954.52 3.07 1 0 -3.9 
obj 19433 250.53 2954.52 3.35 1 0 -3.9 
obj 1502 250.86 2958.1 1.59 0 1 264.78 
obj 19433 250.62 2955.78 3.51 1 0 -3.9 
obj 19433 250.62 2955.78 3.09 1 0 -3.9 
obj 19433 249.06 2953.87 3.07 1 0 -93.36 
obj 19433 249.74 2953.81 3.07 1 0 -93.36 
obj 19433 249.74 2953.81 3.3 1 0 -93.36 
obj 19433 249.06 2953.87 3.24 1 0 -93.36 
obj 2525 249.29 2954.46 1.44 0 0 183.06 
obj 2517 250.96 2955.93 1.5 0 0 85.38 
obj 2524 249.1 2957.26 1.59 0 0 87.12 
obj 1502 263.84 2947.64 1.24 0 0 -3 
obj 19452 259.15 2947.88 2.69 0 0 86.76 
obj 19452 254.68 2953.07 2.97 2 0 -3.66 
obj 19452 254.74 2952.65 3.02 2 0 -3.66 
obj 14791 258.16 2954.55 3.31 1 0 -3.9 
obj 1502 259.16 2939.27 0.94 0 0 84.78 
obj 19452 259.58 2945.52 3.02 2 0 -4.2 
obj 19452 259.61 2946.14 3.02 2 0 -4.2 
obj 1723 258.43 2949.43 1.27 0 0 177.18 
obj 1723 263.34 2954.83 1.27 0 0 266.52 
obj 1723 262.78 2941.94 1.01 0 0 85.92 
obj 1723 264.32 2945.06 1.01 0 0 -3.66 
obj 1723 266.05 2940.55 1.01 0 0 175.62 
obj 2296 269.08 2943.14 1.26 0 0 264.84 
obj 1516 265.31 2942.81 1.09 0 0 -4.38 
obj 2251 265.28 2942.76 2.43 0 0 0 
obj 16152 253.15 2940.63 0.94 0 0 86.4 
obj 19375 256.48 2953.07 5.09 0 -91 -3.96 
obj 19375 264.77 2952.52 5.25 0 -91 -4.26 
obj 19375 264.25 2943.74 5.25 0 -91 -4.26 
obj 19375 255.87 2944.27 5.25 0 -91 -4.26 
obj 19375 252.67 2943.9 5.25 0 -91 -4.26 
obj 1502 258.05 2956.01 5.4 0 0 87.3 
obj 19452 257.8 2951.25 6.97 0 0 -3.24 
obj 19452 262.26 2946.11 6.97 0 0 -94.32 
obj 19452 264.82 2945.9 6.97 0 0 -94.32 
obj 19452 264.82 2945.9 9.27 0 0 -94.32 
obj 19452 262.26 2946.11 9.27 0 0 -94.32 
obj 19452 257.8 2951.25 9.26 0 0 -3.24 
obj 19452 257.9 2952.75 9.58 0 0 -3.24 
obj 19452 257.8 2951.25 9.6 0 0 -3.24 
obj 19452 262.26 2946.11 9.5 0 0 -94.32 
obj 19452 264.82 2945.9 9.47 0 0 -94.32 
obj 14720 269.76 2955.36 5.35 0 0 175.56 
obj 1594 263.81 2952.02 5.8 0 0 -4.02 
obj 1594 259.64 2952.28 5.8 0 0 -4.02 
obj 1594 259.26 2948 5.8 0 0 -4.02 
obj 1594 263.55 2947.6 5.8 0 0 -4.02 
obj 1594 263.55 2947.6 5.8 0 0 -4.02 
obj 1594 268.39 2951.63 5.8 0 0 -4.02 
obj 1594 267.96 2947.17 5.8 0 0 -4.02 
obj 16151 251.52 2940.85 5.72 0 0 -94.62 
obj 3399 261.87 2940.35 7.71 0 0 -3.66 
obj 19375 269.14 2943.46 5.97 2 0 -4.38 
obj 19375 269.32 2943.47 5.97 2 0 -4.38 
obj 19452 267.51 2945.57 11.14 14 -89 -4.44 
obj 19452 265.83 2945.28 12.58 15 -179 -4.44 
obj 19452 267.51 2944.76 14.2 15 -269 -4.8 
obj 19433 266.35 2941.06 11.49 0 0 -95.04 
obj 19433 266.23 2941.13 11.49 0 0 -95.04 
obj 19452 269.25 2945.17 12.58 15 -179 -4.44 
obj 19375 264.9 2952.65 11.52 0 -91 -4.26 
obj 19375 255.15 2953.14 11.38 0 -91 -4.26 
obj 19375 253.55 2953.17 11.38 0 -91 -4.26 
obj 19375 256.25 2944.26 11.38 0 -91 -4.26 
obj 19375 252.78 2944.45 11.38 0 -91 -4.26 
obj 19375 252.76 2944.43 11.38 0 -91 -4.26 
obj 19375 260.96 2946.14 11.52 0 -91 -4.26 
obj 19433 261.13 2939.96 13.17 0 0 -3.78 
obj 19433 261.16 2940.6 13.17 0 0 -3.78 
obj 19433 262.01 2941.29 13.17 0 0 -94.26 
obj 19433 263.57 2941.15 13.17 0 0 -94.26 
obj 19433 264.69 2941.08 13.17 0 0 -94.26 
obj 19433 262.86 2939.86 14.83 0 -90 -3.84 
obj 19433 262.88 2940.48 14.83 0 -90 -3.84 
obj 19433 266.21 2939.6 14.83 0 -90 -3.84 
obj 19433 267.48 2939.52 14.83 0 -90 -3.84 
obj 19433 266.22 2940.23 14.83 0 -90 -3.84 
obj 19433 267.51 2940.12 14.83 0 -90 -3.84 
obj 19433 269.22 2939.41 13.17 0 0 -3.78 
obj 19433 269.22 2939.41 13.17 0 0 -3.78 
obj 19433 269.01 2939.45 12.49 0 0 -3.78 
obj 19433 269.24 2939.99 13.17 0 0 -3.78 
obj 19433 269.02 2940.04 12.63 0 0 -3.78 
obj 19433 267.48 2940.87 14 -87 -93 -6.96 
obj 19433 267.24 2940.9 14 -87 -93 -6.96 
obj 19433 261.97 2939.17 13.17 0 0 -94.26 
obj 19433 261.97 2939.17 12.88 0 0 -94.26 
obj 19433 263.5 2939.07 13.17 0 0 -94.26 
obj 19433 263.5 2939.07 12.85 0 0 -94.26 
obj 19433 265.03 2939.04 12.85 0 0 -94.26 
obj 19433 265.03 2939.04 13.14 0 0 -94.26 
obj 19433 266.51 2938.95 13.14 0 0 -94.26 
obj 19433 266.51 2938.95 12.68 0 0 -94.26 
obj 19433 268 2938.86 13.14 0 0 -94.26 
obj 19433 268 2938.86 12.79 0 0 -94.26 
obj 19433 268.42 2938.86 12.79 0 0 -94.26 
obj 19433 268.42 2938.86 12.98 0 0 -94.26 
obj 19433 267.93 2950.98 12.16 -10 -90 -4.2 
obj 19433 268.04 2952.43 11.88 -10 -90 -4.2 
obj 19433 268.07 2953.75 11.64 -10 -90 -4.2 
obj 1646 262.12 2955.71 11.74 0 0 -183.84 
obj 1646 259.61 2955.88 11.74 0 0 -183.84 
obj 1646 257.26 2956.02 11.74 0 0 -183.84 
obj 1646 254.85 2956.23 11.74 0 0 -183.84 
obj 1646 252.34 2956.45 11.74 0 0 -183.84 
obj 1646 249.61 2956.63 11.74 0 0 -183.84 
obj 1646 261.81 2951.05 11.74 0 0 -183.84 
obj 1646 259.24 2951.25 11.74 0 0 -183.84 
obj 1646 256.99 2951.41 11.74 0 0 -183.84 
obj 1646 254.45 2951.47 11.74 0 0 -183.84 
obj 1646 251.77 2951.59 11.74 0 0 -183.84 
obj 1646 249.12 2951.85 11.74 0 0 -183.84 
obj 1281 260.74 2946.35 12.26 0 0 -4.62 
obj 1281 255.49 2946.72 12.26 0 0 -4.62 
obj 1281 250.24 2947.11 12.26 0 0 -4.62 
obj 1281 255.09 2941.58 12.26 0 0 -4.62 
obj 1281 249.87 2941.83 12.26 0 0 -4.62 
obj 19375 252.59 2932.32 0.66 0 -90 -1.38 
obj 19425 248.05 2929.65 0.74 0 0 -91.2 
obj 19425 252.38 2929.43 0.74 0 0 -91.2 
obj 19425 256.74 2929.3 0.74 0 0 -91.2 
obj 19425 248.1 2932.89 0.74 0 0 -91.2 
obj 19425 252.45 2932.64 0.74 0 0 -91.2 
obj 19425 256.79 2932.52 0.74 0 0 -91.2 
obj 19425 256.81 2935.46 0.74 0 0 -91.2 
obj 19425 252.52 2935.53 0.74 0 0 -91.2 
obj 19425 248.18 2935.67 0.74 0 0 -91.2 
obj 19452 252.14 2927.65 2.35 0 0 -91.32 
obj 19452 247.49 2932.44 2.35 0 0 -181.68 
obj 19452 252.38 2937.01 2.35 0 0 -91.32 
