sell 10825 -192.06 -823.16 1.46 88 -72 0 
changeobj 1506 -194.21 -806.81 4.1 0 0 -164 1502
changeobj 1506 -177.11 -811.49 4.1 0 0 -162 1502
changeobj 1506 -191.35 -821.36 0.47 0 0 -74 1502
changeobj 1506 -190.45 -824.23 0.47 0 0 -253 1502
changeobj 1506 -176.71 -831.49 0.48 0 0 105 1502
changeobj 1506 -187.67 -833.18 7.57 0 0 -74 1502
obj 19376 -190.6 -820.66 0.46 0 -90 17 
obj 19376 -193.38 -811.55 0.46 0 -90 17 
obj 19376 -187.93 -829.9 0.46 0 -90 17 
obj 19380 -178.41 -807.05 -4.78 0 0 17 
obj 19380 -175.59 -816.28 -4.78 0 0 17 
obj 19380 -172.78 -825.45 -4.78 0 0 17 
obj 19380 -175.98 -831.25 -4.78 0 0 -74 
obj 19380 -185.2 -833.97 -4.78 0 0 -74 
obj 19380 -184.35 -803.76 -4.78 0 0 -73 
obj 19380 -193.51 -806.65 -4.78 0 0 -72 
obj 19376 -183.58 -808.54 0.46 0 -90 17 
obj 19376 -180.77 -817.64 0.46 0 -90 17 
obj 19376 -177.92 -826.85 0.46 0 -90 17 
obj 19405 -182.49 -803.28 2.2 0 0 -73 
obj 19466 -182.46 -803.3 2.24 0 0 -73 
obj 19451 -187.96 -804.96 2.22 0 0 -73 
obj 19451 -176.02 -831.36 2.22 0 0 -73 
obj 19451 -172.81 -825.45 2.22 0 0 17 
obj 19451 -175.58 -816.23 2.22 0 0 17 
obj 19451 -178.45 -807.06 2.22 0 0 17 
obj 19451 -194.1 -811.9 2.22 0 0 17 
obj 19451 -192.65 -816.77 2.22 0 0 16 
obj 19432 -181.4 -832.99 2.24 0 0 -73 
obj 19432 -181.94 -833.14 2.22 0 0 -73 
obj 19432 -180.59 -802.69 2.16 0 0 -73 
obj 14407 -177.7 -819.96 0.62 0 0 108 
obj 19379 -183.48 -808.62 4.04 0 -90 17 
obj 19379 -189.17 -810.3 4.02 0 -90 17 
obj 19379 -177.9 -826.92 4.04 0 -90 17 
obj 19379 -183.57 -828.68 4.02 0 -90 17 
obj 19379 -181.75 -814.21 4.02 0 -90 17 
obj 19379 -186.36 -819.55 4 0 -90 17 
obj 19451 -178.45 -807.06 5.76 0 0 17 
obj 19451 -175.58 -816.23 5.74 0 0 17 
obj 19451 -172.77 -825.35 5.68 0 0 17 
obj 19451 -176.02 -831.36 5.68 0 0 -73 
obj 19451 -182.87 -833.44 5.68 0 0 -73 
obj 19451 -184.47 -803.86 5.68 0 0 -73 
obj 19451 -189.64 -805.45 5.68 0 0 -73 
obj 19451 -194.3 -811.86 5.76 0 0 17 
obj 19466 -178.21 -811.66 1.08 0 0 -73 
obj 19451 -186.89 -799.56 2.22 0 0 17 
obj 19451 -192.84 -796.44 2.22 0 0 -73 
obj 19451 -193.78 -796.71 2.2 0 0 -73 
obj 19376 -191.96 -801.18 0.54 0 -90 17 
obj 19379 -191.94 -801.24 4.02 0 -90 17 
obj 16375 -194.13 -825.94 3.8 2 0 -68 
obj 19451 -188.7 -830.12 5.68 0 0 17 
obj 970 -180.94 -820.8 4.55 0 0 -73 
obj 970 -179.56 -818.19 4.55 0 0 -164 
obj 970 -178.32 -822.16 4.55 0 0 -164 
obj 19451 -188.21 -814.9 5.7 0 0 -73 
obj 19451 -183.18 -813.37 5.7 0 0 -73 
obj 19451 -188.7 -830.01 2.18 0 0 17 
obj 19451 -182.75 -833.44 2.2 0 0 -73 
obj 19451 -191.52 -820.89 5.68 0 0 17 
obj 19377 -177.8 -826.88 7.51 0 -90 17 
obj 19377 -180.64 -817.7 7.53 0 -90 17 
obj 19377 -183.49 -808.51 7.53 0 -90 17 
obj 19377 -189.28 -810.45 7.51 0 -90 17 
obj 19377 -186.53 -819.6 7.49 0 -90 17 
obj 19377 -183.76 -828.71 7.49 0 -90 17 
obj 3361 -195 -795.89 2.1 0 0 -162 
obj 3802 -196.4 -807.42 7.19 0 0 -175 
obj 3802 -196.4 -807.42 7.19 0 0 -175 
obj 3802 -187.83 -834.83 7.19 0 0 -159 
obj 1568 -198.08 -798.41 4.11 0 0 0 
obj 1568 -188.45 -795.43 4.11 0 0 0 
obj 1568 -185.99 -803.63 4.11 0 0 0 
obj 19376 -194.58 -791.83 0.54 0 -90 17 
obj 19376 -204.53 -794.88 0.54 0 -90 17 
obj 19376 -201.97 -804.17 0.54 0 -90 17 
obj 19376 -181.84 -797.85 0.52 0 -90 17 
obj 19376 -184.58 -788.77 0.54 0 -90 17 
obj 970 -178.05 -801.65 1.12 0 0 16 
obj 970 -177.4 -801.45 1.12 0 0 16 
obj 970 -176.05 -798.88 1.12 0 0 -73 
obj 970 -177.26 -794.91 1.12 0 0 -73 
obj 970 -177.26 -794.91 1.12 0 0 -73 
obj 970 -178.46 -790.93 1.12 0 0 -73 
obj 970 -179.66 -787 1.12 0 0 -73 
obj 970 -180.38 -784.66 1.12 0 0 -73 
obj 970 -182.99 -783.3 1.12 0 0 17 
obj 970 -186.97 -784.5 1.12 0 0 17 
obj 970 -190.91 -785.7 1.12 0 0 17 
obj 970 -194.84 -786.89 1.12 0 0 17 
obj 970 -198.76 -788.1 1.12 0 0 17 
obj 970 -202.69 -789.31 1.12 0 0 17 
obj 970 -206.63 -790.52 1.12 0 0 17 
obj 970 -208.9 -791.22 1.12 0 0 17 
obj 1724 -179.25 -799.48 0.62 0 0 107 
obj 1724 -180.18 -796.6 0.62 0 0 107 
obj 2081 -179.37 -797.96 0.63 0 0 107 
obj 1667 -179.89 -797.88 1.23 0 0 0 
obj 1667 -179.98 -797.34 1.23 0 0 0 
obj 1667 -180.24 -797.69 1.23 0 0 0 
obj 1951 -179.98 -797.62 1.31 0 0 0 
obj 1724 -181.23 -798.62 0.62 0 0 107 
obj 1724 -180.75 -794.78 0.62 0 0 107 
obj 2081 -180.86 -793.03 0.63 0 0 107 
obj 1724 -181.76 -791.36 0.62 0 0 107 
obj 1724 -182.91 -793.63 0.62 0 0 107 
obj 1667 -181.38 -792.33 1.23 0 0 0 
obj 1667 -181.27 -792.88 1.23 0 0 0 
obj 1951 -181.34 -792.66 1.31 0 0 0 
obj 1667 -181.72 -792.76 1.23 0 0 0 
obj 14791 -185.35 -807.69 2.19 0 0 18 
obj 1646 -183.41 -785.27 0.98 0 0 194 
obj 1646 -185.71 -786.02 0.98 0 0 194 
obj 2311 -184.7 -785 0.63 0 0 -76 
obj 2221 -184.35 -786.32 1.21 0 0 0 
obj 2221 -184.69 -785.21 1.21 0 0 0 
obj 1646 -188.29 -786.88 0.98 0 0 194 
obj 2311 -189.72 -786.64 0.63 0 0 -76 
obj 1646 -190.98 -787.8 0.98 0 0 194 
obj 2221 -189.52 -787.87 1.21 0 0 0 
obj 2221 -189.66 -786.94 1.21 0 0 0 
obj 2160 -186.73 -799.19 0.6 0 0 107 
obj 2160 -187.46 -796.7 0.61 0 0 107 
obj 2427 -187.71 -796.24 1.66 0 0 107 
obj 2425 -187.06 -798.48 1.65 0 0 107 
obj 1568 -184.66 -802.23 0.53 0 0 0 
obj 1568 -175.95 -800.69 0.53 0 0 0 
obj 1568 -181.08 -783.37 0.53 0 0 0 
obj 1568 -210.46 -792.36 0.53 0 0 0 
obj 19325 -196.44 -804.13 1.92 0 0 16 
obj 19325 -197.25 -801.33 1.92 0 0 16 
obj 19389 -193.87 -806.98 2.23 0 0 -74 
obj 1491 -194.58 -807.18 0.5 0 0 16 
obj 2311 -194.67 -801.93 0.54 0 0 18 
obj 1726 -192.29 -802.91 0.63 0 0 196 
obj 1726 -195.2 -800.38 0.63 0 0 17 
obj 19443 -187.19 -798.78 1.03 0 0 16 
obj 19443 -186.78 -800.31 1.03 0 0 16 
obj 19466 -187.21 -799.53 1.75 0 0 16 
obj 2229 -186.68 -801.19 0.63 0 0 -74 
obj 2229 -187.46 -798.5 0.63 0 0 -74 
obj 19443 -187.01 -799.56 0.55 0 -90 -73 
obj 19443 -187.01 -799.56 0.79 0 -90 -73 
obj 19443 -187.29 -801.35 1.03 0 0 -76 
obj 19443 -188.25 -798.14 1.03 0 0 -76 
obj 19466 -187.71 -799.74 1.75 0 0 16 
obj 19443 -187.72 -799.77 0.55 0 -90 -73 
obj 19325 -188.82 -808.89 2.05 0 0 18 
obj 19325 -188.14 -810.96 2.05 0 0 18 
obj 19325 -183.9 -813.27 2.05 0 0 105 
obj 1491 -180.74 -812.36 0.51 0 0 16 
obj 19466 -178.21 -811.66 3 0 0 -73 
obj 2630 -181.23 -803.93 0.55 0 0 107 
obj 2630 -180.86 -805.18 0.55 0 0 107 
obj 2628 -178.28 -810.22 0.55 0 0 -164 
obj 2628 -181.61 -811.25 0.55 0 0 -164 
obj 2628 -184.12 -812.19 0.55 0 0 -164 
obj 2627 -180.48 -806.76 0.55 0 0 -72 
obj 2627 -179.97 -808.17 0.55 0 0 -72 
obj 19433 -180.07 -818.61 2.29 0 0 -74 
obj 19433 -178.54 -818.17 2.27 0 0 -74 
obj 19433 -177.06 -817.74 2.25 0 0 -74 
obj 19433 -176.22 -817.51 2.25 0 0 -74 
obj 19433 -174.9 -821.27 2.25 0 0 -74 
obj 19433 -176.38 -821.7 2.25 0 0 -74 
obj 19433 -177.89 -822.17 2.27 0 0 -74 
obj 19433 -178.9 -822.46 2.27 0 0 -74 
obj 970 -174.69 -826.56 4.55 0 0 17 
obj 970 -176.06 -829.13 4.55 0 0 -73 
obj 2632 -174.36 -827.6 4.13 0 0 16 
obj 2632 -173.8 -829.55 4.13 0 0 16 
obj 681 -174.41 -827.41 4.18 0 0 0 
obj 681 -173.79 -829.38 4.18 0 0 0 
obj 970 -186.43 -830.08 4.55 0 0 17 
obj 970 -183.84 -831.43 4.55 0 0 -73 
obj 2632 -186.14 -831.18 4.13 0 0 16 
obj 2632 -185.56 -833.25 4.13 0 0 16 
obj 681 -185.59 -833.09 4.18 0 0 0 
obj 681 -186 -831.17 4.18 0 0 0 
obj 970 -188.33 -817.1 4.55 0 0 -73 
obj 970 -189.7 -819.71 4.55 0 0 17 
obj 2632 -190.02 -818.65 4.13 0 0 16 
obj 2632 -190.65 -816.67 4.13 0 0 16 
obj 681 -190.76 -816.91 4.18 0 0 0 
obj 681 -190.16 -818.83 4.18 0 0 0 
obj 19325 -178.17 -826.9 2.05 0 0 18 
obj 19466 -179.21 -823.66 1.06 0 0 18 
obj 19466 -179.21 -823.66 2.98 0 0 18 
obj 1799 -177.11 -825.68 0.55 0 0 16 
obj 1799 -174.65 -824.89 0.55 0 0 16 
obj 1661 -175.67 -826.11 3.55 0 0 0 
obj 2296 -173.28 -830.12 0.55 0 0 -162 
obj 1481 -196.61 -788.98 1.09 0 0 16 
obj 1481 -197.84 -789.62 1.09 0 0 36 
obj 1481 -195.44 -788.88 1.09 0 0 -8 
obj 2103 -187.97 -829.87 4.1 0 0 156 
obj 2103 -173.36 -825.69 4.1 0 0 244 
obj 2103 -188.15 -816.27 4.1 0 0 47 
obj 3383 -182.55 -805.41 4.11 0 0 -162 
obj 3383 -187.42 -806.95 4.11 0 0 -162 
obj 3383 -180.85 -808.61 4.11 0 0 18 
obj 1728 -178.41 -831.22 4.09 0 0 -162 
obj 1728 -181.61 -831.19 4.09 0 0 -257 
obj 1728 -177.93 -828.19 4.09 0 0 -76 
obj 2311 -180.49 -830.31 4.13 0 0 13 
obj 2311 -180.69 -829.41 4.13 0 0 13 
obj 2251 -179.39 -829.55 5.49 0 0 0 
obj 2251 -180.62 -829.55 5.49 0 0 0 
obj 1728 -188.39 -826.88 4.09 0 0 -257 
obj 1728 -185.42 -827.36 4.09 0 0 -162 
obj 2311 -187.24 -826.28 4.13 0 0 105 
obj 2311 -186.37 -826.06 4.13 0 0 105 
obj 1728 -188.76 -823.5 4.09 0 0 -345 
obj 19432 -184.97 -824.01 2.24 0 0 -73 
obj 19451 -183.07 -828.39 2.2 0 0 -166 
obj 19432 -189.15 -825.22 2.24 0 0 -73 
obj 19451 -189.04 -828.79 2.18 0 0 17 
obj 19389 -186.98 -824.6 2.23 0 0 -74 
obj 1491 -186.24 -824.33 0.55 0 0 -164 
obj 2518 -184.44 -825.56 0.55 0 0 -74 
obj 2518 -184.21 -826.61 0.55 0 0 -74 
obj 2518 -183.95 -827.49 0.55 0 0 -74 
obj 2526 -183.62 -831.12 0.55 0 0 -163 
obj 2526 -185.11 -830.04 0.55 0 0 -163 
obj 2526 -186.64 -828.83 0.55 0 0 -163 
obj 2602 -188.7 -828.23 1.09 0 0 111 
obj 2602 -189.33 -826.15 1.09 0 0 111 
obj 2602 -188.98 -827.2 1.09 0 0 111 
obj 2604 -189.03 -821.2 4.73 0 0 18 
obj 2784 -184.11 -814.25 5.37 0 0 16 
obj 2217 -183.48 -814.41 4.94 -26 23 -4 
obj 2217 -182.9 -814.24 4.94 -26 23 -4 
obj 2217 -182.36 -814.1 4.94 -26 23 -4 
obj 2217 -181.82 -813.95 4.94 -26 23 -4 
obj 2217 -181.12 -813.77 4.94 -26 23 -4 
obj 2217 -184.19 -814.57 4.94 -26 23 -4 
obj 2217 -184.83 -814.77 4.94 -26 23 -4 
obj 2217 -185.5 -814.84 4.94 -26 23 -4 
obj 2217 -186.34 -815.13 4.94 -26 23 -4 
obj 2217 -187.18 -815.32 4.94 -26 23 -4 
obj 1808 -175.79 -816.55 0.54 0 0 -73 
obj 1432 -179.27 -815.15 0.67 0 0 0 
obj 1432 -182.12 -817.88 0.67 0 0 0 
obj 1432 -183.19 -815.61 0.67 0 0 0 
obj 1726 -192.51 -814.74 0.51 0 0 109 
obj 1726 -193.14 -812.43 0.51 0 0 109 
obj 1310 -187.97 -807.16 5.28 0 0 -62 
obj 1310 -186.56 -806.71 5.28 0 0 -62 
obj 1310 -181.73 -808.69 5.28 0 0 -62 
obj 1310 -180.15 -808.19 5.28 0 0 -62 
obj 1310 -181.59 -805.11 5.28 0 0 -62 
obj 1310 -182.84 -805.42 5.28 0 0 -62 
obj 19451 -191.15 -806.02 9.22 0 0 -73 
obj 19451 -184.43 -803.96 9.22 0 0 -73 
obj 19451 -178.45 -807.06 9.18 0 0 17 
obj 19451 -172.77 -825.35 9.14 0 0 17 
obj 19451 -175.64 -816.24 9.16 0 0 17 
obj 19451 -176.02 -831.36 9.12 0 0 -73 
obj 19451 -182.87 -833.44 9.1 0 0 -73 
obj 19451 -189.06 -828.58 9.14 0 0 17 
obj 19451 -191.4 -820.96 9.14 0 0 17 
obj 19451 -194.08 -812 9.14 0 0 17 
obj 19325 -180.69 -806.44 10.87 0 -90 16 
obj 19325 -184.62 -807.53 10.87 0 -90 16 
obj 19325 -188.56 -808.63 10.87 0 -90 16 
obj 19325 -192.51 -809.72 10.87 0 -90 16 
obj 19325 -178.84 -812.82 10.87 0 -90 16 
obj 19325 -182.8 -813.9 10.87 0 -90 16 
obj 19325 -186.73 -814.99 10.87 0 -90 16 
obj 19325 -190.6 -816.08 10.87 0 -90 16 
obj 19325 -188.79 -822.44 10.87 0 -90 16 
obj 19325 -184.81 -821.35 10.87 0 -90 16 
obj 19325 -180.88 -820.18 10.87 0 -90 16 
obj 19325 -177 -819.12 10.87 0 -90 16 
obj 19325 -175.04 -825.4 10.87 0 -90 16 
obj 19325 -179 -826.53 10.87 0 -90 16 
obj 19325 -174.52 -827.3 10.85 0 -90 16 
obj 19325 -182.94 -827.67 10.87 0 -90 16 
obj 19325 -186.91 -828.75 10.87 0 -90 16 
obj 19325 -178.42 -828.62 10.85 0 -90 16 
obj 19325 -182.39 -829.77 10.85 0 -90 16 
obj 19325 -186.16 -830.99 10.85 0 -90 16 
obj 3361 -189.8 -830.57 5.23 0 0 106 
obj 3361 -194.67 -827.53 1.21 0 0 196 
obj 2224 -194.26 -808.8 7.6 0 0 14 
obj 2898 -192.37 -809.23 7.6 0 0 17 
obj 2898 -187.95 -807.93 7.6 0 0 17 
obj 2224 -189.89 -808.04 7.6 0 0 0 
obj 2224 -192.35 -811.77 7.6 0 0 91 
obj 2224 -187.9 -810.49 7.6 0 0 91 
obj 2224 -192.27 -807.1 7.6 0 0 -53 
obj 2224 -190.35 -809.96 7.6 0 0 -156 
obj 2224 -185.93 -808.67 7.6 0 0 -156 
obj 2224 -187.84 -806.23 7.6 0 0 -53 
obj 2898 -183.31 -806.53 7.6 0 0 17 
obj 2224 -183.2 -804.42 7.6 0 0 -53 
obj 2224 -181.28 -807 7.6 0 0 -156 
obj 2224 -185.68 -805.92 7.6 0 0 0 
obj 2224 -183.31 -809.07 7.6 0 0 91 
obj 1709 -191.68 -816.04 7.6 0 0 16 
obj 1709 -186.29 -816.64 7.6 0 0 -161 
obj 2311 -189.19 -816.98 7.58 0 0 18 
obj 2311 -189.5 -816.07 7.58 0 0 18 
obj 2311 -190.46 -816 7.58 0 0 -72 
obj 2311 -187.24 -815.17 7.58 0 0 -72 
obj 1768 -184.41 -814.35 7.62 0 0 105 
obj 1768 -183.57 -817.81 7.62 0 0 105 
obj 1768 -182.82 -820.94 7.62 0 0 105 
obj 2311 -183.82 -812.08 7.58 0 0 -74 
obj 2311 -182.78 -815.69 7.58 0 0 -74 
obj 2311 -181.93 -818.75 7.58 0 0 -74 
obj 2251 -181.57 -819.88 8.94 0 0 0 
obj 2251 -182.71 -816.05 8.94 0 0 0 
obj 2251 -183.78 -812.62 8.94 0 0 0 
obj 2855 -182.31 -816.97 8.08 0 0 0 
obj 2855 -182.33 -817.03 7.64 0 0 0 
obj 2855 -182.61 -816.14 7.64 0 0 0 
obj 2251 -183.33 -813.53 8.94 0 0 0 
obj 2224 -182.66 -818.72 8.08 0 0 -98 
obj 2898 -174.5 -827.66 7.6 0 0 16 
obj 2898 -176.14 -822.11 7.6 0 0 16 
obj 2898 -178.99 -829.07 7.6 0 0 16 
obj 2898 -180.64 -823.3 7.6 0 0 16 
obj 2898 -185.43 -824.66 7.6 0 0 16 
obj 2898 -183.68 -830.42 7.6 0 0 16 
obj 2630 -173.33 -827.36 7.62 0 0 16 
obj 2630 -174.3 -827.74 7.62 0 0 16 
obj 2630 -175.32 -828.05 7.62 0 0 16 
obj 2630 -176.37 -823.6 7.62 0 0 16 
obj 2630 -175.46 -823.29 7.62 0 0 16 
obj 2630 -174.59 -823.01 7.62 0 0 16 
obj 2627 -178.09 -828.79 7.62 0 0 -164 
obj 2627 -180.06 -829.54 7.62 0 0 -164 
obj 2627 -179.27 -823.95 7.62 0 0 -164 
obj 2627 -181.21 -824.75 7.62 0 0 -164 
obj 2628 -182.61 -830.67 7.62 0 0 -165 
obj 2628 -184.1 -831.09 7.62 0 0 -165 
obj 2628 -184.16 -824.85 7.62 0 0 -165 
obj 2628 -185.45 -825.22 7.62 0 0 -165 
obj 18368 -164.41 -830.91 -3.47 0 0 100 
obj 18368 -165.01 -841.39 -3.47 0 0 -80 
obj 19376 -151.32 -833.19 0.84 0 -90 17 
obj 19376 -161.56 -835.73 -3.6 0 -90 17 
obj 19376 -171.55 -839.01 0.84 0 -90 17 
obj 19376 -181.9 -841.08 0.84 0 -90 17 
obj 19376 -156 -834.01 -4.28 0 -187 17 
obj 19376 -166.07 -836.53 -4.28 0 -187 17 
obj 19376 -162.97 -831.93 -4.28 0 -187 -74 
obj 19376 -161.23 -831.45 -4.28 0 -187 -74 
obj 19376 -160.75 -839.91 -4.28 0 -187 -74 
obj 19376 -157.86 -839.02 -4.28 0 -187 -74 
obj 1432 -151.65 -837.61 1.44 0 0 0 
obj 1432 -154.53 -825.66 1.44 0 0 0 
