sell 10825 -714.66 520.98 1372.12 0 0 0 
changeobj 1506 -716.7 564.34 1371 0 0 90 1502
changeobj 1506 -716.71 567.36 1371 0 0 270 1502
changeobj 1506 -688.41 514.26 1375.28 0 0 90 1502
changeobj 1506 -688.43 517.27 1375.28 0 0 270 1502
obj 14853 -686.82 539.31 1376.28 0 0 270 
obj 14858 -686.26 559.46 1376.28 0 0 270 
obj 14855 -691.05 573.07 1375.62 0 0 -90 
obj 2208 -691.61 573.39 1371.12 0 0 0 
obj 1806 -691.29 574.27 1371.13 0 0 171 
obj 1806 -689.21 574.62 1371.13 0 0 171 
obj 14887 -687.44 576.19 1373.15 0 0 -90 
obj 14902 -686.13 559.51 1376.28 0 0 -90 
obj 0 -686.54 559.54 1376.28 0 0 -90 
obj 14854 -670.75 508.23 1377.7 0 0 -90 
obj 1722 -665.76 518.17 1375.28 0 0 90 
obj 1722 -665.78 517.35 1375.28 0 0 90 
obj 1722 -665.77 516.42 1375.28 0 0 90 
obj 1722 -665.73 518.89 1375.28 0 0 90 
obj 1722 -665.77 519.64 1375.28 0 0 90 
obj 2208 -670.95 507.07 1375.28 0 0 68 
obj 1806 -668.76 508.61 1375.28 0 0 68 
obj 1806 -669.26 506.92 1375.28 0 0 68 
obj 2198 -668.69 554.1 1376.27 0 0 0 
obj 2198 -670.62 554.1 1376.27 0 0 0 
obj 2198 -667.68 555.12 1376.27 0 0 180 
obj 2198 -669.58 555.08 1376.27 0 0 180 
obj 2198 -670.67 561.1 1376.27 0 0 0 
obj 2198 -668.77 561.09 1376.27 0 0 0 
obj 2198 -669.67 550.02 1376.27 0 0 180 
obj 2198 -670.67 549.05 1376.27 0 0 0 
obj 2198 -667.75 550.05 1376.27 0 0 180 
obj 2198 -668.8 549.09 1376.27 0 0 0 
obj 2198 -670.76 543.75 1376.27 0 0 0 
obj 2198 -669.71 544.76 1376.27 0 0 180 
obj 2198 -668.82 543.73 1376.27 0 0 0 
obj 2198 -667.83 544.75 1376.27 0 0 180 
obj 2198 -669.62 540.14 1376.27 0 0 180 
obj 2198 -667.66 540.13 1376.27 0 0 180 
obj 2172 -661.91 554.55 1376.28 0 0 270 
obj 2172 -661.94 550.75 1376.28 0 0 270 
obj 2172 -661.92 552.65 1376.28 0 0 270 
obj 1806 -663.15 553.84 1376.28 0 0 -76 
obj 1806 -663.15 552.18 1376.28 0 0 -76 
obj 1806 -663.1 550.19 1376.28 0 0 -76 
obj 1806 -668.04 552.88 1376.28 0 0 6 
obj 1806 -669.9 552.87 1376.28 0 0 6 
obj 1806 -668.12 551.43 1376.28 0 0 171 
obj 1806 -668.4 556.05 1376.28 0 0 171 
obj 1806 -669.95 559.81 1376.28 0 0 6 
obj 1806 -668.22 559.86 1376.28 0 0 6 
obj 1806 -670.02 547.93 1376.28 0 0 6 
obj 1806 -668.07 548.04 1376.28 0 0 6 
obj 1806 -669.86 556.05 1376.28 0 0 171 
obj 1806 -669.84 551.42 1376.28 0 0 171 
obj 2162 -664.56 561.55 1376.28 0 0 0 
obj 2162 -662.77 561.53 1376.28 0 0 0 
obj 2197 -666.58 556.27 1376.28 0 0 180 
obj 2197 -666.93 560.01 1376.28 0 0 0 
obj 2197 -666.61 553.29 1376.28 0 0 0 
obj 2197 -666.58 542.78 1376.28 0 0 0 
obj 2197 -666.47 548.03 1376.28 0 0 0 
obj 2197 -666.43 550.98 1376.28 0 0 180 
obj 2197 -666.5 545.78 1376.28 0 0 180 
obj 1722 -666.15 533.63 1376.28 0 0 0 
obj 1722 -667 533.64 1376.28 0 0 0 
obj 1722 -667.81 533.64 1376.28 0 0 0 
obj 1722 -669.4 533.58 1376.28 0 0 0 
obj 1722 -670.23 533.62 1376.28 0 0 0 
obj 1722 -656.82 540.18 1376.28 0 0 90 
obj 1722 -656.81 549.23 1376.28 0 0 90 
obj 1722 -656.84 541.1 1376.28 0 0 90 
obj 1722 -656.86 541.92 1376.28 0 0 90 
obj 1722 -669.83 577.64 1371.14 0 0 90 
obj 1722 -656.8 550.19 1376.28 0 0 90 
obj 1722 -656.8 556.45 1376.28 0 0 90 
obj 1722 -656.94 557.93 1376.28 0 0 90 
obj 1722 -656.89 557.16 1376.28 0 0 90 
obj 2172 -692.13 587.26 1371.12 0 0 0 
obj 2172 -691.1 588.23 1371.12 0 0 180 
obj 2172 -690.18 587.26 1371.12 0 0 0 
obj 2172 -688.21 587.27 1371.12 0 0 0 
obj 2172 -685.44 587.32 1371.12 0 0 0 
obj 2172 -683.48 587.32 1371.12 0 0 0 
obj 2172 -681.55 587.34 1371.12 0 0 0 
obj 2172 -689.17 588.23 1371.12 0 0 180 
obj 2172 -687.22 588.24 1371.12 0 0 180 
obj 2172 -684.41 588.28 1371.12 0 0 180 
obj 2172 -682.5 588.29 1371.12 0 0 180 
obj 2172 -680.55 588.31 1371.12 0 0 180 
obj 2193 -694.05 593.29 1371.12 0 0 0 
obj 2193 -692.16 593.29 1371.12 0 0 0 
obj 2193 -687.77 593.28 1371.12 0 0 0 
obj 2193 -689.69 593.27 1371.12 0 0 0 
obj 2193 -685.44 593.25 1371.12 0 0 0 
obj 2193 -683.54 593.26 1371.12 0 0 0 
obj 2193 -681.37 593.31 1371.12 0 0 0 
obj 2193 -679.46 593.27 1371.12 0 0 0 
obj 2193 -692.94 582.27 1371.12 0 0 180 
obj 2193 -691.01 582.23 1371.12 0 0 180 
obj 2193 -688.84 582.21 1371.12 0 0 180 
obj 2193 -686.97 582.19 1371.12 0 0 180 
obj 2193 -684.56 582.31 1371.12 0 0 180 
obj 2193 -682.68 582.3 1371.12 0 0 180 
obj 2193 -678.33 582.22 1371.12 0 0 180 
obj 2193 -680.27 582.27 1371.12 0 0 180 
obj 1806 -693.14 593.13 1371.13 0 0 0 
obj 1806 -691.3 593.21 1371.13 0 0 0 
obj 1806 -688.88 593.3 1371.13 0 0 0 
obj 1806 -686.81 593.24 1371.13 0 0 0 
obj 1806 -684.65 593.31 1371.13 0 0 0 
obj 1806 -682.71 593.26 1371.13 0 0 0 
obj 1806 -680.56 593.16 1371.13 0 0 0 
obj 1806 -678.61 593.18 1371.13 0 0 0 
obj 1806 -680.92 586.41 1371.13 0 0 0 
obj 1806 -682.78 586.28 1371.13 0 0 0 
obj 1806 -684.84 586.18 1371.13 0 0 0 
obj 1806 -687.42 586.14 1371.13 0 0 0 
obj 1806 -689.38 586.13 1371.13 0 0 0 
obj 1806 -691.34 586.18 1371.13 0 0 0 
obj 1806 -693.85 582.55 1371.13 0 0 180 
obj 1806 -691.91 582.43 1371.13 0 0 180 
obj 1806 -689.76 582.38 1371.13 0 0 180 
obj 1806 -687.27 606.51 1371.13 0 0 180 
obj 1806 -685.5 582.51 1371.13 0 0 180 
obj 14856 -686.18 606 1373 0 0 270 
obj 2166 -687.99 605 1371.13 0 0 90 
obj 2166 -684.09 606.02 1371.13 0 0 180 
obj 2165 -686.02 605 1371.13 0 0 180 
obj 1806 -687.77 582.34 1371.13 0 0 180 
obj 1806 -685.81 606.49 1371.13 0 0 180 
obj 1806 -681.14 589.75 1371.13 0 0 180 
obj 1806 -684.81 589.66 1371.13 0 0 180 
obj 1806 -683.11 589.76 1371.13 0 0 180 
obj 1806 -687.4 589.73 1371.13 0 0 180 
obj 1806 -689.53 589.61 1371.13 0 0 180 
obj 1806 -691.25 589.63 1371.13 0 0 180 
obj 1771 -692.93 607.34 1371.6 0 0 90 
obj 1771 -692.71 611.76 1371.6 0 0 90 
obj 1771 -692.49 616.02 1371.6 0 0 90 
obj 2206 -705.61 593.82 1371.12 0 0 90 
obj 1715 -707.3 595.47 1371.12 0 0 90 
obj 1715 -707.24 594.26 1371.12 0 0 90 
obj 2184 -705.63 584.42 1371.12 0 0 270 
obj 1715 -707.15 584.33 1371.12 0 0 90 
obj 1715 -707.27 582.61 1371.12 0 0 90 
obj 1715 -703.98 583.36 1371.12 0 0 270 
obj 1715 -703.61 594.33 1371.12 0 0 270 
obj 2206 -706.37 587.92 1371.12 0 0 90 
obj 1715 -669.99 588.08 1371.12 0 0 90 
obj 1715 -703.95 587.86 1371.12 0 0 270 
obj 1715 -666.43 587.98 1371.12 0 0 270 
obj 1722 -712.5 576.4 1371.12 0 0 0 
obj 1722 -713.2 576.48 1371.12 0 0 0 
obj 1722 -711.6 576.48 1371.12 0 0 0 
obj 1722 -710.58 576.41 1371.12 0 0 0 
obj 1722 -709.67 576.41 1371.12 0 0 0 
obj 1808 -708.71 576.61 1371.12 0 0 0 
obj 2165 -667.7 587.71 1371.13 0 0 90 
obj 2165 -668.57 588.77 1371.13 0 0 270 
obj 2165 -668.54 586.8 1371.13 0 0 270 
obj 2165 -667.62 585.8 1371.13 0 0 90 
obj 1715 -704.01 589.63 1371.12 0 0 270 
obj 1715 -708.17 588.91 1371.12 0 0 90 
obj 1715 -669.94 586.33 1371.12 0 0 90 
obj 1715 -666.44 586.58 1371.12 0 0 270 
obj 2165 -669.52 594.95 1371.13 0 0 270 
obj 2165 -669.36 593.05 1371.13 0 0 270 
obj 1715 -670.85 593.99 1371.12 0 0 90 
obj 1715 -670.75 592.79 1371.12 0 0 90 
obj 1715 -667.5 592.62 1371.12 0 0 270 
obj 1715 -667.38 593.85 1371.12 0 0 270 
obj 2165 -668.47 593.8 1371.13 0 0 90 
obj 2165 -668.22 591.97 1371.13 0 0 90 
obj 2165 -668.3 581.42 1371.13 0 0 90 
obj 1715 -666.85 581.71 1371.12 0 0 270 
obj 1715 -670.14 581.98 1371.12 0 0 90 
obj 1771 -681.04 613.8 1371.6 0 0 90 
obj 1771 -680.89 605.56 1371.6 0 0 90 
obj 1771 -680.94 609.69 1371.6 0 0 90 
obj 1722 -656.81 548.27 1376.28 0 0 90 
obj 1722 -669.88 574.02 1371.14 0 0 90 
obj 1722 -669.89 573.31 1371.14 0 0 90 
obj 1722 -669.82 578.29 1371.14 0 0 90 
obj 1722 -670.59 539.1 1376.28 0 0 180 
obj 1722 -669.67 539.05 1376.28 0 0 180 
obj 1722 -666.99 539.14 1376.28 0 0 180 
obj 1722 -668.13 539.15 1376.28 0 0 180 
obj 19377 -715.58 574.79 1376.2 0 0 0 
obj 19377 -715.32 556.76 1376.2 0 0 0 
obj 19377 -686.12 549.54 1376.2 0 0 0 
obj 19377 -686.13 539.9 1376.2 0 0 0 
obj 19377 -686.13 530.28 1376.2 0 0 0 
obj 19377 -686.15 524.63 1376.2 0 0 0 
obj 19377 -685.18 506.68 1376.2 0 0 0 
obj 19377 -661.92 507.01 1376.2 0 0 0 
obj 19377 -661.89 516.6 1376.2 0 0 0 
obj 19377 -661.87 526.1 1376.2 0 0 0 
obj 19377 -661.87 531.02 1376.2 0 0 0 
obj 19377 -656.67 540.83 1376.2 0 0 0 
obj 19377 -656.65 550.4 1376.2 0 0 0 
obj 19377 -656.65 559.99 1376.2 0 0 0 
obj 19377 -656.71 564.17 1376.2 0 0 0 
obj 19377 -665.6 578.82 1376.2 0 0 0 
obj 19377 -665.62 588.44 1376.2 0 0 0 
obj 19377 -673.83 600.67 1376.2 0 0 0 
obj 19377 -673.78 610.2 1376.2 0 0 0 
obj 19377 -669.09 595.87 1376.2 0 0 90 
obj 19377 -657.18 535.97 1376.2 0 0 90 
obj 19377 -666.62 502.23 1376.2 0 0 90 
obj 19377 -674.85 502.22 1376.2 0 0 90 
obj 19377 -680.4 502.22 1376.2 0 0 90 
obj 19377 -691.17 552.18 1376.2 0 0 90 
obj 19377 -700.84 552.09 1376.2 0 0 90 
obj 19377 -710.47 552.06 1376.2 0 0 90 
obj 19377 -710.9 597.32 1376.2 0 0 90 
obj 19377 -715.62 584.33 1376.2 0 0 0 
obj 19377 -715.64 593.16 1376.2 0 0 0 
obj 19377 -703.49 597.32 1376.2 0 0 90 
obj 19377 -686.72 608.86 1376.2 0 0 90 
obj 19377 -693.55 616.78 1376.2 0 0 90 
obj 19377 -690.88 613.48 1376.2 0 0 0 
obj 19377 -682.49 613.6 1376.2 0 0 0 
obj 19377 -678.67 616.71 1376.2 0 0 90 
obj 19377 -661.68 568.33 1376.2 0 0 90 
obj 19377 -665.56 573.25 1376.2 0 0 0 
obj 19377 -698.49 611.94 1376.2 0 0 0 
obj 19377 -698.58 602.2 1376.2 0 0 0 
obj 19454 -673.76 615.13 1376.64 90 0 0 
obj 19454 -665.61 594.03 1376.64 90 0 0 
obj 19377 -679.17 602.45 1381.42 0 90 0 
obj 19377 -679.13 612.14 1381.42 0 90 0 
obj 19377 -679.12 592.91 1381.42 0 90 0 
obj 19377 -670.85 591 1381.42 0 90 0 
obj 19377 -670.85 581.45 1381.42 0 90 0 
obj 19377 -670.77 571.91 1381.42 0 90 0 
obj 19377 -681.3 583.33 1381.42 0 90 0 
obj 19377 -691.77 583.4 1381.42 0 90 0 
obj 19377 -689.61 592.94 1381.42 0 90 0 
obj 19377 -689.61 612.21 1381.42 0 90 0 
obj 19377 -689.66 602.51 1381.42 0 90 0 
obj 19377 -702.26 583.44 1381.42 0 90 0 
obj 19377 -700.03 592.88 1381.42 0 90 0 
obj 19377 -710.54 592.93 1381.42 0 90 0 
obj 19377 -710.53 583.45 1381.42 0 90 0 
obj 19377 -710.52 573.83 1381.42 0 90 0 
obj 19377 -710.49 564.16 1381.42 0 90 0 
obj 19377 -710.18 556.84 1381.42 0 90 0 
obj 19377 -699.92 558.99 1381.42 0 90 0 
obj 19377 -699.98 574.89 1381.42 0 90 0 
obj 19377 -700.03 568.42 1381.42 0 90 0 
obj 19377 -689.53 574 1381.42 0 90 0 
obj 19377 -689.51 565.83 1381.42 0 90 0 
obj 19377 -690.06 557.06 1381.42 0 90 0 
obj 19377 -680.17 573.73 1381.42 0 90 0 
obj 19377 -680.24 564.34 1381.42 0 90 0 
obj 19377 -670.41 563.61 1381.42 0 90 0 
obj 19377 -661.99 563.42 1381.42 0 90 0 
obj 19377 -670.41 554.15 1381.42 0 90 0 
obj 19377 -680.92 554.9 1381.42 0 90 0 
obj 19377 -680.9 546.05 1381.42 0 90 0 
obj 19377 -680.83 536.48 1381.42 0 90 0 
obj 19377 -670.34 534.95 1381.42 0 90 0 
obj 19377 -670.32 544.56 1381.42 0 90 0 
obj 19377 -670.38 525.42 1381.42 0 90 0 
obj 19377 -680.79 526.96 1381.42 0 90 0 
obj 19377 -680.77 517.45 1381.42 0 90 0 
obj 19377 -670.45 516.29 1381.42 0 90 0 
obj 19377 -670.49 507.07 1381.42 0 90 0 
obj 19377 -680.6 507.52 1381.42 0 90 90 
obj 19377 -662 553.83 1381.42 0 90 0 
obj 19377 -662.07 544.28 1381.42 0 90 0 
obj 19454 -661.44 537.65 1381.42 0 90 90 
obj 19454 -663.7 531.12 1381.42 0 90 0 
obj 19454 -663.71 521.47 1381.42 0 90 0 
obj 19454 -663.74 511.89 1381.42 0 90 0 
obj 19454 -663.7 507.02 1381.42 0 90 0 
obj 19454 -696.68 602.62 1381.42 0 90 0 
obj 19454 -686.67 510.84 1376.6 90 90 0 
obj 19454 -686.65 520.73 1376.6 90 90 0 
obj 19454 -688.29 519.04 1376.6 90 90 90 
obj 19454 -688.32 512.5 1376.6 90 90 90 
obj 19454 -688.27 515.63 1373.5 0 0 0 
obj 19377 -693.39 516.17 1374.26 0 80 0 
obj 19454 -688.27 515.63 1379.54 0 0 0 
obj 19377 -703.55 516.17 1372.46 0 80 0 
obj 19377 -713.89 516.18 1370.64 0 80 0 
obj 8357 -710.55 610.11 1371.01 0 0 0 
obj 8357 -671.45 588.26 1371.01 0 0 0 
obj 8357 -601.02 566.25 1371.01 0 0 0 
obj 8357 -837.04 611.7 1371.01 0 0 90 
obj 19454 -718.29 566.11 1380.58 0 90 0 
obj 19454 -696.61 612.13 1381.42 0 90 0 
obj 19454 -715.23 565.72 1379.5 0 0 0 
obj 19454 -700.15 553.85 1381.42 0 90 90 
obj 19454 -716.69 562.57 1375.74 90 90 90 
obj 19454 -717.1 561.03 1375.74 90 90 0 
obj 19454 -716.7 569.11 1375.74 90 90 90 
obj 19454 -717.57 570.91 1375.74 90 90 0 
obj 19454 -687.03 515.83 1381.42 0 90 0 
obj 19454 -716.66 565.99 1378.86 0 0 0 
obj 19454 -716.63 566.01 1375.4 0 0 0 
obj 13608 -765.36 805.82 1370.97 0 0 0 
obj 13602 -825.36 876.9 1364.97 0 0 0 
obj 13622 -776.28 807.69 1367.98 0 0 0 
obj 13623 -765.73 805.67 1371 0 0 0 
obj 13607 -765.63 805.9 1369.9 0 0 0 
obj 19454 -817.31 793.9 1361.8 20 90 285 
obj 19454 -809.36 796 1364.8 20 90 285 
obj 19454 -825.39 791.79 1358.8 20 90 285 
obj 19454 -700.66 787.65 1356.58 20 90 80 
obj 19454 -714.73 790.07 1361.68 20 90 80 
obj 19454 -722.99 791.57 1364.8 20 90 80 
obj 19454 -706.25 788.53 1358.58 20 90 80 
obj 19454 -831.46 790.16 1356.5 20 90 285 
obj 8357 -631.77 588.17 1371.01 0 0 0 
obj 8357 -624.64 488.99 1371.01 0 0 90 
obj 8357 -750.34 608.44 1371.01 0 0 0 
obj 19377 -714.16 714.74 1373.66 20 90 13 
obj 19377 -686.24 699.46 1370.9 0 90 0 
obj 19377 -706.35 715.71 1370.92 0 90 10 
obj 19377 -716.38 713.89 1370.92 0 90 9 
obj 19377 -726.72 712.4 1370.92 0 90 9 
obj 19377 -733.2 712 1373.66 20 90 7 
obj 19377 -722.37 704.54 1370.48 20 90 8 
obj 19377 -702.9 708.68 1370.56 20 90 16 
obj 19377 -695.26 720.22 1373.74 20 90 18 
obj 0 -713.35 714.71 1373 20 90 13 
obj 19377 -713.05 706.07 1370.46 20 90 13 
obj 19377 -722.83 713.31 1373.68 20 90 8 
obj 19377 -732.51 703.01 1370.4 20 90 7 
obj 19377 -705.12 716.96 1373.68 20 90 15.98 
obj 19377 -692.99 711.56 1370.46 20 90 18 
obj 19377 -699.08 717.5 1370.78 0 90 19 
obj 19377 -686.26 709.12 1370.9 0 90 0 
obj 19377 -770.33 662.26 1374.9 90 90 90 
obj 19377 -690.27 719.88 1370.9 90 90 107 
obj 19377 -666.85 694.21 1370.9 90 90 0 
obj 19377 -681.26 708.71 1370.9 90 90 90 
obj 19377 -681.28 699.63 1370.9 90 90 90 
obj 19377 -770.16 693.94 1374.9 90 90 90 
obj 19377 -770.24 683.4 1374.9 90 90 90 
obj 19377 -770.21 672.91 1374.9 90 90 90 
obj 19377 -770.36 641.22 1374.9 90 90 90 
obj 19377 -770.44 651.49 1374.9 90 90 90 
obj 19377 -683.88 714.4 1370.9 90 90 0 
obj 19377 -676.03 694.23 1370.9 90 90 0 
