sell 10825 -933.18 -536.93 26.25 90 0 0 
changeobj 1506 -931.3 -537.54 25.47 0 0 90 1502
obj 19371 -927.92 -536.8 27.24 0 0 0 
obj 19417 -927.92 -533.6 27.24 0 0 0 
obj 19417 -927.92 -540 27.24 0 0 0 
obj 19417 -929.61 -541.51 27.24 0 0 90 
obj 19417 -931.3 -540 27.24 0 0 0 
obj 19398 -931.3 -536.8 27.24 0 0 0 
obj 19417 -931.3 -533.6 27.24 0 0 0 
obj 19366 -929.61 -539.75 25.59 0 90 90 
obj 19366 -929.61 -536.27 25.59 0 90 90 
obj 19366 -929.61 -533.77 25.58 0 90 90 
obj 19466 -931.34 -533.54 27.3 0 0 0 
obj 19466 -927.93 -533.68 27.3 0 0 0 
obj 19466 -927.94 -540.02 27.3 0 0 0 
obj 19466 -931.32 -539.97 27.3 0 0 0 
obj 19466 -929.74 -541.49 27.3 0 0 90 
obj 1796 -930.49 -537.94 25.59 0 0 180 
obj 2315 -928.5 -540.98 25.65 0 0 90 
obj 2320 -928.51 -540.9 26.37 0 0 -98 
obj 2828 -928.54 -539.79 26.14 0 0 90 
obj 2854 -928.48 -540.65 25.7 0 0 90 
obj 2855 -928.63 -539.75 25.7 0 0 90 
obj 2145 -928.21 -538.25 25.59 0 0 -90 
obj 2154 -928.22 -536.85 25.57 0 0 -90 
obj 2170 -928.47 -535.99 25.61 0 0 -90 
obj 2195 -930.81 -535.6 26.29 0 0 -90 
obj 2195 -930.77 -537.96 26.31 0 0 -90 
obj 2525 -928.38 -532.67 25.66 0 0 0 
obj 19417 -929.61 -532.09 27.24 0 0 90 
obj 2518 -930.05 -532.7 25.5 0 0 0 
obj 2517 -930.7 -533.67 25.5 0 0 0 
obj 19398 -929.61 -535.01 27.42 0 0 90 
obj 1491 -930.39 -535.03 25.67 0 0 0 
obj 19454 -929.61 -536.81 28.92 0 90 0 
obj 1084 -931.25 -538.14 25.44 0 0 180 
obj 1084 -931.25 -539.16 25.44 0 0 180 
obj 1084 -927.96 -538.14 25.44 0 0 0 
obj 1084 -927.96 -539.16 25.44 0 0 0 
obj 1134 -928.66 -531.38 25.6 6 69 -135 
obj 19435 -929.87 -536.8 25.4 0 90 0 
obj 19435 -930.37 -536.8 25.22 0 90 0 
obj 19435 -930.79 -536.8 25.04 0 90 0 
obj 1695 -929.71 -533.93 29.48 0 0 0 
obj 1691 -929.75 -538.74 29.42 0 0 0 
obj 19466 -929.5 -532.08 27.3 0 0 90 
obj 19435 -929.59 -531.47 28.27 -40 90 0 
obj 1144 -928.92 -539.32 29 0 0 180 
obj 1144 -930.56 -539.35 29 0 0 180 
obj 1024 -930.4 -532.03 26.13 0 0 0 
obj 1024 -928.86 -532.03 26.13 0 0 0 
obj 1134 -930.4 -531.43 25.6 6 69 135 
obj 1025 -929.53 -530.68 25.44 0 0 0 
obj 1025 -929.57 -530.68 25.44 0 0 180 
obj 1370 -931.67 -531.8 25.51 357 0 3.14 
obj 1451 -932.01 -542.9 25.63 0 0 -156 
obj 1463 -934.06 -541.13 25.29 0 0 -76 
obj 1481 -934 -531.05 25.67 0 0 -178 
obj 1582 -936.8 -530.45 25.87 0 0 -178 
obj 1594 -936.83 -530.56 25.43 0 0 -178 
obj 1604 -934.04 -531.03 25.79 0 75 -84 
obj 1281 -941.03 -531.32 25.75 0 0 -76 
obj 1271 -933.49 -529.69 25.3 0 0 -76 
obj 1271 -933.52 -528.84 25.3 0 0 40 
obj 1271 -933.61 -529.19 25.98 0 0 -4 
obj 1734 -929.66 -539.2 28.83 0 0 0 
obj 1734 -929.66 -536.56 28.83 0 0 0 
obj 1734 -929.66 -533.5 28.83 0 0 0 
obj 1731 -931.06 -541.12 26.88 0 0 180 
