sell 5000000 307.3307 -1898.3843 1.3784
area 319.7700, -1911.8300, 4.7000 25.0
changeobj 1506 309.0200 -1905.8800 0.3800 0.0000 0.0000 -94.3800 1502
changeobj 1506 322.8000 -1899.7200 0.3800 0.0000 0.0000 -3.6600 1502
obj 19379 313.71 -1904.18 0.14 0.00 90.00 85.86
obj 19379 312.92 -1914.64 0.15 0.00 90.00 85.86
obj 19379 322.49 -1915.33 0.15 0.00 90.00 85.86
obj 19447 328.04 -1904.81 2.14 0.00 0.00 -4.02
obj 19379 323.27 -1904.90 0.31 0.00 90.00 85.86
obj 19447 322.30 -1918.74 2.14 0.00 0.00 85.56
obj 19447 312.71 -1918.02 2.14 0.00 0.00 85.68
obj 19447 322.61 -1913.90 2.14 0.00 0.00 85.56
obj 19447 323.22 -1905.72 2.12 0.00 0.00 85.56
obj 19401 327.60 -1911.19 2.14 0.00 0.00 -3.78
obj 19401 327.12 -1917.45 2.14 0.00 0.00 -3.66
obj 19355 327.36 -1914.29 2.14 0.00 0.00 -4.80
obj 19355 326.68 -1899.98 2.14 0.00 0.00 86.10
obj 19385 323.54 -1899.76 2.15 0.00 0.00 -93.80
obj 19385 318.28 -1908.65 2.13 0.00 0.00 -184.16
obj 19355 318.04 -1911.85 2.14 0.00 0.00 -4.80
obj 19428 318.46 -1906.25 2.13 0.00 0.00 -4.50
obj 19355 311.42 -1916.37 2.14 0.00 0.00 -4.80
obj 19385 310.18 -1911.53 2.13 0.00 0.00 84.54
obj 19355 311.70 -1913.19 2.14 0.00 0.00 -4.80
obj 19401 308.12 -1915.98 2.14 0.00 0.00 -3.78
obj 19466 308.13 -1915.99 2.50 0.00 0.00 -4.26
obj 19355 308.36 -1912.91 2.14 0.00 0.00 -4.80
obj 19379 304.12 -1903.47 0.31 0.00 90.00 85.86
obj 19385 308.94 -1906.63 2.13 0.00 0.00 -184.64
obj 19355 319.87 -1909.88 2.14 0.00 0.00 87.66
obj 19355 309.34 -1903.65 2.14 0.00 0.00 -4.80
obj 19401 309.57 -1900.46 2.14 0.00 0.00 -3.78
obj 19447 314.26 -1899.12 2.14 0.00 0.00 85.68
obj 19401 320.51 -1899.57 2.14 0.00 0.00 86.46
obj 19385 317.79 -1915.19 2.13 0.00 0.00 -184.16
obj 19428 317.60 -1917.58 2.13 0.00 0.00 -184.64
obj 19385 316.83 -1905.23 2.13 0.00 0.00 -94.34
obj 19401 310.77 -1904.77 2.14 0.00 0.00 86.46
obj 1797 323.68 -1914.50 0.39 0.00 0.00 -93.84
obj 1768 324.11 -1914.40 0.40 0.00 0.00 -454.20
obj 2314 321.13 -1915.86 0.40 0.00 0.00 86.40
obj 1749 321.04 -1914.89 0.90 0.00 0.00 86.22
obj 2330 319.16 -1917.88 0.39 0.00 0.00 85.50
obj 2819 318.84 -1917.94 0.40 0.00 0.00 0.00
obj 2009 326.56 -1917.45 0.40 0.00 0.00 -184.26
obj 1721 325.61 -1917.12 0.40 0.00 0.00 -182.52
obj 2852 326.62 -1918.36 1.21 0.00 0.00 -179.40
obj 1828 314.03 -1909.37 0.22 0.00 0.00 0.00
obj 19385 313.75 -1904.98 2.13 0.00 0.00 -94.28
obj 19355 315.44 -1900.73 2.14 0.00 0.00 -4.44
obj 19466 327.68 -1911.24 2.50 0.00 0.00 -3.78
obj 19466 309.53 -1900.34 2.50 0.00 0.00 -3.72
obj 19466 327.08 -1917.40 2.50 0.00 0.00 -3.78
obj 19466 320.51 -1899.56 2.13 0.00 0.00 85.50
obj 19466 310.98 -1904.78 2.13 0.00 0.00 86.40
obj 14384 321.85 -1910.25 1.80 0.00 0.00 -184.08
obj 19355 325.58 -1912.44 2.14 0.00 0.00 -3.24
obj 19385 326.68 -1909.54 2.15 0.00 0.00 -217.46
obj 2336 326.14 -1913.62 0.40 0.00 0.00 -274.92
obj 19428 323.72 -1913.18 3.23 0.00 90.00 -3.84
obj 19428 318.89 -1911.94 3.23 0.00 90.00 85.68
obj 19355 315.21 -1903.55 2.14 0.00 0.00 -4.44
obj 19172 317.92 -1911.74 2.08 0.00 0.00 -95.04
obj 633 312.02 -1917.25 1.26 0.00 0.00 0.00
obj 633 316.81 -1917.68 1.26 0.00 0.00 0.00
obj 633 317.98 -1906.00 1.26 0.00 0.00 0.00
obj 1778 326.15 -1911.90 0.44 0.00 0.00 -96.18
obj 19466 314.35 -1918.05 2.28 0.00 0.00 -94.26
obj 19466 314.36 -1917.97 2.28 0.00 0.00 -94.26
obj 2314 313.57 -1917.59 0.40 0.00 0.00 -5.58
obj 2233 314.85 -1918.00 0.29 0.00 0.00 -183.06
obj 2233 313.05 -1917.83 0.29 0.00 0.00 -183.06
obj 2816 314.25 -1917.63 0.90 0.00 0.00 0.00
obj 2747 324.35 -1906.44 0.79 0.00 0.00 -4.86
obj 2747 322.78 -1906.31 0.79 0.00 0.00 -4.26
obj 1721 323.47 -1907.78 0.40 0.00 0.00 0.00
obj 1721 324.70 -1907.81 0.40 0.00 0.00 -1.62
obj 1721 322.31 -1907.72 0.40 0.00 0.00 0.00
obj 1721 320.97 -1906.19 0.40 0.00 0.00 -106.20
obj 2233 320.63 -1915.09 0.29 0.00 0.00 -275.46
obj 2233 320.67 -1914.26 0.29 0.00 0.00 -275.46
obj 2822 323.64 -1913.40 1.41 0.00 0.00 -101.40
obj 2829 322.41 -1906.13 1.21 0.00 0.00 0.00
obj 2829 324.67 -1906.47 1.21 0.00 0.00 28.44
obj 2829 323.51 -1906.36 1.21 0.00 0.00 -95.70
obj 1757 313.64 -1915.61 0.40 0.00 0.00 -3.90
obj 2028 321.28 -1914.24 0.96 0.00 0.00 34.20
obj 2018 314.97 -1899.74 0.40 0.00 0.00 -4.32
obj 1757 309.78 -1904.23 0.40 0.00 0.00 86.04
obj 1827 311.73 -1903.33 0.34 0.00 0.00 0.00
obj 2855 311.59 -1903.49 0.77 0.00 0.00 0.00
obj 2018 313.99 -1899.67 0.40 0.00 0.00 -4.32
obj 19428 313.38 -1899.94 0.97 0.00 0.00 -3.90
obj 2267 309.35 -1903.26 2.16 0.00 0.00 86.16
obj 2371 310.02 -1900.71 0.40 0.00 0.00 -3.36
obj 1885 313.93 -1899.68 1.15 0.00 0.00 0.00
obj 2528 310.95 -1917.31 0.40 0.00 0.00 -183.54
obj 2527 308.88 -1916.08 0.40 0.00 0.00 -182.70
obj 2526 311.21 -1913.45 0.40 0.00 0.00 -274.50
obj 2013 311.87 -1899.49 0.40 0.00 0.00 -3.78
obj 19428 311.31 -1899.75 0.97 0.00 0.00 -3.90
obj 2523 308.89 -1913.78 0.40 0.00 0.00 86.64
obj 2818 310.47 -1913.27 0.40 0.00 0.00 85.44
obj 2818 309.73 -1915.50 0.40 0.00 0.00 176.04
obj 2319 312.28 -1912.65 0.40 0.00 0.00 -94.08
obj 1670 312.03 -1914.12 0.92 0.00 0.00 -101.70
obj 19428 319.89 -1913.22 0.41 90.00 9.00 77.52
obj 19428 322.88 -1913.07 0.41 90.00 9.00 77.46
obj 19428 324.65 -1913.44 0.20 90.00 9.00 -13.08
obj 19428 321.74 -1912.97 0.41 90.00 9.00 77.52
obj 19428 318.83 -1911.78 0.41 90.00 9.00 -14.76
obj 19355 308.66 -1909.80 2.04 0.00 0.00 -5.34
obj 19173 319.38 -1909.76 2.43 0.00 0.00 0.00
obj 19428 324.74 -1911.24 -0.32 0.00 0.00 85.32
obj 1360 315.68 -1898.57 0.40 0.00 0.00 -94.92
obj 1360 320.84 -1898.90 0.40 0.00 0.00 -94.92
obj 1360 318.23 -1898.72 0.40 0.00 0.00 -94.92
obj 1360 313.12 -1898.36 0.40 0.00 0.00 -94.92
obj 19421 326.58 -1917.65 1.21 0.00 0.00 0.00
obj 19424 321.32 -1915.93 0.90 0.00 0.00 0.00
obj 19513 326.75 -1917.39 1.21 0.00 0.00 0.00
obj 330 317.82 -1913.82 1.87 0.00 0.00 -265.26
obj 1492 316.09 -1905.16 0.38 0.00 0.00 -3.90
obj 1492 313.00 -1904.95 0.36 0.00 0.00 -2.94
obj 1492 309.38 -1911.48 0.38 0.00 0.00 -5.22
obj 1492 318.31 -1907.90 0.36 0.00 0.00 -93.66
obj 1492 317.82 -1914.45 0.36 0.00 0.00 -93.66
obj 19462 328.96 -1916.21 0.30 0.00 90.00 -3.60
obj 19462 329.56 -1906.60 0.31 0.00 90.00 -3.60
obj 19443 329.32 -1900.04 0.01 0.00 80.00 -93.66
obj 19443 330.92 -1900.15 0.01 0.00 80.00 -93.66
obj 970 330.85 -1904.50 0.84 0.00 0.00 86.64
obj 970 330.62 -1908.62 0.84 0.00 0.00 86.64
obj 970 330.36 -1912.75 0.84 0.00 0.00 86.64
obj 970 330.12 -1916.88 0.84 0.00 0.00 86.64
obj 19462 328.35 -1925.80 0.30 0.00 90.00 -3.60
obj 19462 315.55 -1927.92 0.30 0.00 90.00 86.46
obj 19462 309.18 -1924.46 0.30 0.00 90.00 -3.60
obj 19443 321.13 -1928.25 0.31 0.00 90.00 86.94
obj 19443 322.73 -1928.32 0.31 0.00 90.00 86.94
obj 19443 324.34 -1928.42 0.31 0.00 90.00 86.94
obj 19443 325.95 -1928.51 0.31 0.00 90.00 87.24
obj 1598 321.20 -1923.25 0.03 0.00 0.00 0.00
obj 2406 308.83 -1909.30 1.62 0.00 0.00 88.98
obj 970 329.88 -1920.99 0.84 0.00 0.00 86.64
obj 970 329.62 -1925.09 0.84 0.00 0.00 86.16
obj 970 324.41 -1929.95 0.84 0.00 0.00 -3.12
obj 970 320.30 -1929.72 0.84 0.00 0.00 -3.12
obj 970 312.01 -1929.27 0.84 0.00 0.00 -3.06
obj 970 316.18 -1929.50 0.84 0.00 0.00 -3.12
obj 970 307.81 -1919.75 0.84 0.00 0.00 -94.02
obj 970 307.51 -1923.86 0.84 0.00 0.00 -94.02
obj 970 308.65 -1927.55 0.84 0.00 0.00 -51.78
obj 970 328.01 -1928.62 0.84 0.00 0.00 43.80
obj 641 300.80 -1889.27 -1.51 0.00 0.00 0.00
obj 641 311.60 -1889.85 -1.45 0.00 0.00 0.00
obj 641 323.25 -1890.38 -1.53 0.00 0.00 0.00
obj 641 334.77 -1891.43 -1.56 0.00 0.00 0.00
obj 1360 326.47 -1905.31 0.40 0.00 0.00 -94.92
obj 1409 327.46 -1899.51 0.45 0.00 0.00 0.00
obj 3459 299.32 -1907.90 -1.05 180.00 0.00 0.00
obj 3459 308.05 -1908.48 -1.05 180.00 0.00 0.00
obj 3459 300.06 -1898.44 -1.05 180.00 0.00 0.00
obj 3459 308.86 -1899.12 -1.05 180.00 0.00 0.00
obj 19379 304.12 -1903.47 6.38 0.00 90.00 85.86
obj 970 301.65 -1908.10 0.84 0.00 0.00 -3.12
obj 970 305.80 -1908.36 0.84 0.00 0.00 -3.60
obj 970 299.50 -1905.66 0.84 0.00 0.00 85.50
obj 970 299.88 -1900.73 0.84 0.00 0.00 85.50
obj 19122 299.76 -1902.97 0.83 0.00 0.00 0.00
obj 19122 299.71 -1903.51 0.83 0.00 0.00 0.00
obj 19379 323.25 -1904.96 3.81 0.00 90.00 85.86
obj 19379 322.51 -1915.35 3.83 0.00 90.00 85.86
obj 19379 312.92 -1914.64 3.80 0.00 90.00 85.86
obj 19379 313.71 -1904.28 3.81 0.00 90.00 85.86
obj 1360 310.45 -1898.09 0.40 0.00 0.00 -94.92
obj 1696 324.85 -1902.62 4.90 0.00 0.00 85.98
obj 1696 324.46 -1907.64 4.90 0.00 0.00 85.98
obj 1696 324.07 -1912.73 4.90 0.00 0.00 85.98
obj 1696 323.71 -1917.80 4.90 0.00 0.00 85.98
obj 1696 312.55 -1901.18 4.90 0.00 0.00 266.04
obj 1696 312.19 -1906.26 4.90 0.00 0.00 266.04
obj 1696 311.83 -1911.33 4.90 0.00 0.00 266.04
obj 1696 311.47 -1916.41 4.90 0.00 0.00 266.04
obj 14409 314.81 -1922.52 0.69 0.00 0.00 -183.84
obj 970 320.87 -1899.76 4.36 0.00 0.00 -4.62
obj 970 316.76 -1899.43 4.36 0.00 0.00 -4.98
obj 970 319.40 -1919.70 4.36 0.00 0.00 -4.98
obj 1692 318.31 -1902.23 4.71 0.00 0.00 -5.28
obj 1757 325.55 -1900.46 0.34 0.00 0.00 -2.10
obj 1757 327.24 -1903.93 0.34 0.00 0.00 -183.48
obj 1757 320.83 -1902.33 0.34 0.00 0.00 -364.86
obj 1516 326.41 -1902.11 0.40 0.00 0.00 -2.94
obj 1670 326.33 -1902.07 0.94 0.00 0.00 -101.70
obj 19466 321.37 -1905.46 2.31 0.00 0.00 -94.38
obj 2069 315.60 -1904.65 0.42 0.00 0.00 0.00
obj 2069 324.80 -1905.39 0.42 0.00 0.00 0.00
obj 2069 311.96 -1915.57 0.41 0.00 0.00 0.00
obj 2069 324.68 -1918.44 0.41 0.00 0.00 0.00
obj 2069 308.87 -1911.70 0.40 0.00 0.00 0.00
obj 1687 319.45 -1916.12 4.70 0.00 0.00 -6.96
obj 1687 319.77 -1911.83 4.70 0.00 0.00 -7.62
obj 2319 320.65 -1905.01 0.34 0.00 0.00 -4.20
obj 2233 321.92 -1905.37 0.16 0.00 0.00 -186.06
obj 2233 320.11 -1905.22 0.16 0.00 0.00 -186.06
obj 19466 321.37 -1905.48 2.31 0.00 0.00 -94.38
obj 2855 312.23 -1903.10 0.77 0.00 0.00 0.00
obj 2915 324.20 -1918.36 0.51 0.00 0.00 13.86
obj 1646 308.65 -1923.24 0.62 0.00 0.00 -0.66
obj 1646 308.63 -1925.84 0.62 0.00 0.00 -0.66
