sell 10825 -806.96 2239.32 41.8 90 0 90 
changeobj 1506 -735.61 2262.33 86.1 0 0 90 1502
changeobj 1506 -735.64 2265.35 86.1 0 0 -90 1502
changeobj 1506 -728.94 2277.65 90.3 0 0 -90 1502
obj 19378 -730.38 2272.97 86 0 90 0 
obj 19378 -719.98 2273 86 0 90 0 
obj 19378 -709.48 2273.01 86 0 90 0 
obj 19378 -719.93 2263.38 86 0 90 0 
obj 0 -730.36 2263.38 86 0 90 0 
obj 19378 -709.47 2263.39 86 0 90 0 
obj 19378 -735.61 2265.7 850.8 0 0 90 
obj 19378 -724.08 2258.68 89 0 0 90 
obj 3498 -735.52 2258.62 81.58 0 0 0 
obj 3498 -704.35 2258.72 81.58 0 0 0 
obj 19378 -709.48 2263.43 77.15 0 90 0 
obj 19378 -719.92 2263.43 77.15 0 90 0 
obj 19378 -730.38 2263.43 77.15 0 90 0 
obj 19378 -730.39 2272.93 77.15 0 90 0 
obj 3498 -735.52 2258.62 89.77 0 0 0 
obj 19325 -732.14 2258.6 88.1 0 0 90 
obj 3498 -735.46 2277.62 81.58 0 0 0 
obj 19325 -732.28 2277.68 88.1 0 0 90 
obj 19325 -716.09 2258.63 88.1 0 0 90 
obj 3361 -750.45 2255.65 76 0 0 180 
obj 3361 -746.6 2260 80 0 0 -90 
obj 3361 -742.22 2263.81 84 0 0 180 
obj 3361 -754.96 2255.63 73 0 0 180 
obj 19378 -709.04 2258.7 89 0 0 90 
obj 19325 -734.12 2263.75 86.06 0 90 90 
obj 19325 -704.25 2262.09 88.1 0 0 0 
obj 3498 -704.35 2258.72 89.73 0 0 0 
obj 19378 -740.37 2263.65 75.3 0 70 0 
obj 1502 -710.5 2272.82 86.1 0 0 90 
obj 19439 -735.62 2260.59 88.4 90 0 0 
obj 19439 -735.62 2260.59 86.8 90 0 0 
obj 19439 -735.62 2260.59 89.3 90 0 0 
obj 19439 -735.62 2263.58 89.4 90 0 0 
obj 19325 -735.59 2274.45 88.1 0 0 0 
obj 3498 -735.46 2277.62 89.77 0 0 0 
obj 19325 -735.61 2268.47 88.1 0 0 0 
obj 19443 -711.85 2276.03 86.3 0 90 90 
obj 19443 -710.81 2276.05 86.6 0 90 90 
obj 19443 -710.28 2276.06 86.9 0 90 90 
obj 19443 -709.5 2276.05 87.1 0 90 90 
obj 19443 -708.6 2276.04 87.4 0 90 90 
obj 19443 -707.85 2275.94 87.7 0 90 90 
obj 19443 -706.79 2275.98 88 0 90 90 
obj 19378 -704.34 2270.23 89 0 0 0 
obj 19325 -704.25 2262.09 92.2 0 0 0 
obj 19443 -705.78 2275.98 88.3 0 90 90 
obj 19443 -705.21 2276.03 88.3 0 90 90 
obj 19378 -704.42 2273.02 89 0 0 0 
obj 19378 -709.27 2277.75 89 0 0 90 
obj 19443 -706.11 2273.64 88.5 0 90 0 
obj 19378 -718.7 2277.71 89 0 0 90 
obj 19378 -724.17 2277.74 89 0 0 90 
obj 19325 -716.11 2258.62 92.2 0 0 90 
obj 19378 -740.37 2273.27 75.3 0 70 0 
obj 19443 -706.12 2273.02 88.7 0 90 0 
obj 19443 -706.14 2272.52 88.9 0 90 0 
obj 19443 -706.13 2272.17 89.1 0 90 0 
obj 19443 -706.09 2271.7 89.3 0 90 0 
obj 19443 -706.07 2270.98 89.5 0 90 0 
obj 19443 -706.05 2270.57 89.7 0 90 0 
obj 19443 -706.23 2268.44 89.9 0 90 0 
obj 19378 -709.5 2263.4 90.2 0 90 0 
obj 19378 -719.92 2263.39 90.2 0 90 0 
obj 19443 -706.23 2269.52 89.9 0 90 0 
obj 19378 -730.42 2263.36 86 0 90 0 
obj 19378 -710.53 2263.37 89 0 0 0 
obj 1502 -710.54 2268.21 90.34 0 0 90 
obj 19439 -710.51 2272.6 89.4 90 0 0 
obj 19325 -710.58 2269.54 88.1 0 0 0 
obj 19325 -707.27 2274.32 86.5 0 0 90 
obj 1417 -710.17 2264.31 86.4 0 0 90 
obj 2204 -710.45 2265.75 86.09 0 0 90 
obj 2199 -704.61 2271.07 86.09 0 0 -90 
obj 1742 -704.38 2268.76 86.09 0 0 -90 
obj 2082 -707.29 2264.68 86.1 0 0 0 
obj 1743 -712.08 2260.18 90.29 0 0 -90 
obj 19439 -705.22 2259.54 87.8 0 0 0 
obj 19439 -705.99 2259.55 86.7 0 90 0 
obj 19439 -705.99 2259.55 89.5 0 90 0 
obj 19439 -709.71 2259.54 87.8 0 0 0 
obj 19439 -708.85 2259.55 89.5 0 90 0 
obj 19439 -708.85 2259.55 86.7 0 90 0 
obj 19435 -706.9 2260.24 87.5 90 0 90 
obj 19435 -707.86 2260.26 87.5 90 0 90 
obj 19435 -707.86 2260.26 88.7 90 0 90 
obj 19435 -706.9 2260.24 88.7 90 0 90 
obj 2082 -708.25 2264.68 86.1 0 0 0 
obj 19443 -709.01 2268.94 90.2 0 90 0 
obj 1726 -708.2 2267.19 86 0 0 0 
obj 1708 -705.26 2265.65 86 0 0 -90 
obj 1708 -709.12 2264.42 86 0 0 90 
obj 19378 -721.07 2272.89 89 0 0 0 
obj 19378 -715.72 2272.96 90.2 0 90 0 
obj 19325 -710.51 2274.32 92.2 0 0 0 
obj 19439 -710.56 2269.37 93.6 90 0 0 
obj 19439 -709.04 2269.77 90.9 90 0 90 
obj 19439 -710.51 2270.5 92 0 0 0 
obj 19378 -725.09 2263.57 89 0 0 0 
obj 2737 -710.38 2260.63 92.3 0 0 90 
obj 1723 -708.68 2261.48 90.28 0 0 90 
obj 1724 -706.6 2259.89 90.28 0 0 180 
obj 1724 -707.67 2265.35 90.28 0 0 0 
obj 2311 -707.06 2261.89 90.28 0 0 90 
obj 2573 -709.94 2263.39 90.28 0 0 90 
obj 19378 -720.26 2266.47 89 0 0 90 
obj 1742 -712.53 2258.7 90.28 0 0 180 
obj 14446 -717.24 2264.62 90.8 0 0 0 
obj 14446 -722.42 2264.63 90.8 0 0 0 
obj 1742 -720.4 2258.63 90.29 0 0 180 
obj 2204 -722.35 2258.83 90.3 0 0 180 
obj 2630 -11444.38 3116.16 90 0 0 0 
obj 2630 -723.28 2261.62 90.28 0 0 90 
obj 19325 -715.4 2266.55 92.2 0 0 90 
obj 1502 -712.13 2266.57 90.33 0 0 0 
obj 2785 -711.06 2263.04 91.1 0 0 -90 
obj 19378 -730.38 2272.97 90.2 0 90 0 
obj 19378 -730.38 2263.36 90.2 0 90 0 
obj 19378 -725.73 2272.97 90.19 0 90 0 
obj 19325 -728.89 2261.9 92.2 0 0 0 
obj 19325 -728.89 2268.52 92.2 0 0 0 
obj 1502 -720.99 2266.56 90.3 0 0 90 
obj 19325 -728.89 2272.87 92.2 0 0 0 
obj 19439 -728.82 2276.06 93.6 90 0 0 
obj 1762 -728.84 2264.61 86.1 0 0 0 
obj 2274 -725.7 2264.27 88 0 0 -90 
obj 1761 -726.73 2263.45 86.1 0 0 -90 
obj 2257 -725.25 2261.91 88.87 0 0 -90 
obj 2256 -725.21 2266.25 88 0 0 -90 
obj 1762 -727.79 2260.1 86.1 0 0 180 
obj 14399 -732.57 2274.64 86 0 0 180 
obj 2082 -728.85 2262.5 86.1 0 0 0 
obj 2082 -728.86 2261.54 86.1 0 0 0 
obj 1761 -730.07 2261.44 86.1 0 0 90 
obj 1726 -717.66 2261.25 90.2 0 0 0 
obj 1727 -718.81 2259.31 90.2 0 0 90 
obj 1727 -714.31 2260.23 90.2 0 0 -90 
obj 2311 -717.4 2259.73 90.3 0 0 0 
obj 2260 -726.98 2259.25 88.4 0 0 180 
obj 2261 -709.94 2262.82 88.2 0 0 90 
obj 2262 -709.88 2265.05 88.42 0 0 90 
obj 2263 -706.79 2259.29 92.4 0 0 180 
obj 2264 -708.57 2259.35 92.35 0 0 180 
obj 2264 -711.11 2263.33 92.64 0 0 -90 
obj 2265 -711.34 2259.33 92.29 0 0 180 
obj 2266 -724.51 2260.39 92.81 0 0 90 
obj 2267 -724.98 2261.66 92.14 0 0 90 
obj 2268 -724.51 2263.48 93.02 0 0 90 
obj 2269 -724.52 2264.81 92.03 0 0 90 
obj 2270 -723.54 2265.89 92.59 0 0 0 
obj 2271 -721.37 2265.9 92.5 0 0 0 
obj 2273 -719.77 2265.89 91.86 0 0 0 
obj 2274 -718.49 2265.89 93.16 0 0 0 
obj 2275 -717.02 2265.81 92.67 0 0 0 
obj 19439 -712.19 2266.56 93.6 90 0 90 
obj 19429 -713.18 2276.83 90.4 0 90 0 
obj 19429 -716.49 2276.85 90.4 0 90 0 
obj 19429 -718.7 2276.8 90.4 0 90 0 
obj 19429 -719.44 2276.8 92.2 0 0 0 
obj 19429 -712.42 2276.83 92.2 0 0 0 
obj 19429 -718.72 2276.8 91.2 0 90 0 
obj 19429 -716.49 2276.85 91.2 0 90 0 
obj 19429 -713.18 2276.83 91.2 0 90 0 
obj 19429 -718.71 2276.84 94 0 90 0 
obj 19429 -716.49 2276.85 94 0 90 0 
obj 19429 -713.18 2276.83 94 0 90 0 
obj 19435 -717.7 2276.12 92.1 90 0 90 
obj 19435 -714.24 2276.12 92.1 90 0 90 
obj 19435 -717.71 2276.14 93.28 90 0 90 
obj 19435 -714.24 2276.14 93.28 90 0 90 
obj 1761 -718.58 2270.46 90.28 0 0 180 
obj 1761 -715.81 2270.46 90.28 0 0 180 
obj 1761 -720.44 2270.37 90.28 0 0 90 
obj 2311 -719.18 2272.13 90.3 0 0 0 
obj 2311 -716.76 2272.13 90.3 0 0 0 
obj 1761 -713.01 2270.46 90.28 0 0 180 
obj 2311 -714.39 2272.13 90.3 0 0 0 
obj 1742 -721.11 2274.33 90.28 0 0 90 
obj 2260 -720.45 2269.11 93 0 0 90 
obj 2262 -720.43 2270.18 92.67 0 0 90 
obj 2265 -720.49 2271.86 92.32 0 0 90 
obj 2275 -720.47 2273.57 93.16 0 0 90 
obj 14446 -726.97 2260.52 90.8 0 0 180 
obj 1502 -721.04 2266.55 86.1 0 0 90 
obj 19439 -721.11 2268.15 89.4 90 0 0 
obj 2385 -735.52 2260.3 86.09 0 0 90 
obj 2278 -735.01 2259.4 89.12 0 0 90 
obj 2280 -735.04 2261.1 88.32 0 0 90 
obj 19429 -721.01 2268.32 93.6 90 0 0 
obj 2573 -725.68 2265.89 90.29 0 0 -90 
obj 2263 -727.34 2259.34 92.7 0 0 180 
obj 2267 -726.13 2258.82 92.64 0 0 180 
obj 2274 -725.68 2262.42 93.08 0 0 -90 
obj 2281 -725.68 2261.04 92.35 0 0 -90 
obj 2284 -721.95 2267.11 92.12 0 0 180 
obj 2286 -724 2266.6 93.28 0 0 180 
obj 2288 -724.51 2267.37 92.35 0 0 90 
obj 1761 -711.09 2272.5 90.28 0 0 -90 
obj 1726 -725.63 2275.01 90.2 0 0 0 
obj 1727 -726.75 2273.12 90.2 0 0 90 
obj 2311 -725.32 2273.61 90.3 0 0 0 
obj 1727 -722.45 2274.09 90.2 0 0 -90 
obj 1726 -723.63 2272.16 90.2 0 0 180 
obj 3525 -727.01 2277.51 92.4 0 0 0 
obj 3525 -723.23 2277.47 92.4 0 0 0 
obj 3525 -721.3 2274.96 92.4 0 0 -90 
obj 2413 -724.75 2259.7 86.09 0 0 90 
obj 2604 -711.04 2261.43 86.89 0 0 -90 
obj 2608 -712.53 2259.06 86.8 0 0 180 
obj 2576 -719.35 2259.22 86.09 0 0 180 
obj 2379 -723.65 2264.92 86.09 0 0 0 
obj 2375 -718.47 2266.37 86.09 0 0 0 
obj 2204 -724.79 2261.87 86.09 0 0 90 
obj 1758 -718.51 2261.76 86.08 0 0 90 
obj 1758 -714.95 2262.77 86.08 0 0 -90 
obj 1758 -716.21 2260.94 86.08 0 0 180 
obj 1758 -717.08 2263.53 86.07 0 0 0 
obj 2082 -717.17 2261.74 86.1 0 0 0 
obj 19375 -730.42 2263.37 94.3 0 90 0 
obj 19375 -730.41 2272.97 94.3 0 90 0 
obj 19375 -719.93 2263.38 94.3 0 90 0 
obj 19375 -719.98 2273 94.3 0 90 0 
obj 19375 -709.47 2263.39 94.3 0 90 0 
obj 19375 -709.48 2273.01 94.3 0 90 0 
