sell 10825 -1568.22 -1554.36 37.66 90 0 90 
changeobj 1506 -1604.13 -1571.82 37.29 0 0 86 1502
changeobj 1506 -1603.96 -1568.8 37.29 0 0 266 1502
changeobj 1506 -1603.92 -1568.82 37.29 0 0 86 1502
changeobj 1506 -1585.55 -1583.01 36.95 0 0 -94 1502
changeobj 1506 -1596.01 -1592.81 36.76 0 0 -94 1502
changeobj 1506 -1573.46 -1539.29 36.54 0 0 87 1502
changeobj 1506 -1573.29 -1536.3 36.54 0 0 266 1502
changeobj 1506 -1573.24 -1536.32 36.54 0 0 87 1502
obj 12855 -1603.3 -1557.73 43.03 0 0 -4 
obj 12929 -1611.87 -1569.24 37.29 0 0 176 
obj 11389 -1583.06 -1548.14 39.68 0 0 -4 
obj 11387 -1574.83 -1564.76 39.9 0 0 -4 
obj 12928 -1611.87 -1569.24 37.29 0 0 176 
obj 19425 -1609.85 -1582.16 37.41 0 0 85 
obj 19425 -1609.57 -1578.86 37.41 0 0 85 
obj 19425 -1609.29 -1575.64 37.41 0 0 85 
obj 3037 -1609.7 -1579.54 43.18 0 0 -4 
obj 19425 -1604.26 -1569.71 37.3 0 0 86 
obj 11327 -1614.59 -1565.02 39.22 0 0 86 
obj 11391 -1591.68 -1555.72 37.78 0 0 -4 
obj 11388 -1583.04 -1547.93 42.98 0 0 -4 
obj 11390 -1583.25 -1548.02 40.95 0 0 -4 
obj 11393 -1578.81 -1553.78 38.02 0 0 -4 
obj 3037 -1573.73 -1545.35 38.57 0 0 -4 
obj 12844 -1590.77 -1588.34 38.93 0 0 86 
obj 12845 -1591.07 -1588.36 39.05 0 0 86 
obj 1514 -1591.84 -1587.77 38.11 0 0 86 
obj 12843 -1590.57 -1585.38 36.95 0 0 86 
obj 7311 -1613.08 -1568.98 39.65 0 0 -4 
obj 7311 -1613.08 -1569.44 38.94 90 0 -4 
obj 19451 -1586.07 -1590.62 35.2 0 0 -4 
obj 19451 -1585.71 -1585.5 35.2 0 0 -4 
obj 19451 -1590.21 -1580.42 35.2 0 0 86 
obj 19451 -1595.44 -1584.83 35.2 0 0 -4 
obj 19451 -1595.9 -1590.39 35.2 0 0 -4 
obj 19444 -1585.68 -1585.29 37.74 0 0 -4 
obj 1676 -1562.14 -1558.54 38.26 0 0 84 
obj 1676 -1562.34 -1560.66 38.26 0 0 84 
obj 1702 -1595.04 -1592.18 36.96 0 0 86 
obj 11417 -1570.9 -1530.52 41.37 0 0 108 
obj 19377 -1622.19 -1524.64 32.8 90 0 -4 
obj 19377 -1622.98 -1535.1 32.8 90 0 -4 
obj 19377 -1623.68 -1545.59 32.8 90 0 -4 
obj 19377 -1624.4 -1556.08 32.8 90 0 -4 
obj 19377 -1624.4 -1557.07 32.8 90 0 -4 
obj 19377 -1619.48 -1562.72 32.8 90 0 86 
obj 19377 -1619.83 -1567.95 32.8 90 0 -4 
obj 19377 -1620.59 -1578.39 32.8 90 0 -4 
obj 19377 -1621.33 -1588.86 32.8 90 0 -4 
obj 19377 -1616.37 -1593.94 32.8 90 0 86 
obj 19377 -1605.94 -1594.62 32.8 90 0 86 
obj 19377 -1595.47 -1595.38 32.8 90 0 86 
obj 19377 -1584.98 -1596.14 33.2 90 0 86 
obj 3037 -1586.97 -1564.13 38.71 0 0 -94 
obj 2904 -1573.13 -1533.57 37.95 0 0 -95 
