sell 66666 659.82 -1911.01 3.17
changeobj 1506 662.36 -1954.16 6.61 0 0 0 1502
changeobj 1506 661.6 -1925.25 3.12 0 0 0 1502
changeobj 1506 657.55 -1944.39 3.09 0 0 0 1502
obj 19377 658.77 -1920.41 3 0 90 0
obj 19381 679.77 -1920.41 3 0 90 0
obj 19377 669.27 -1920.39 3 0 90 0
obj 19381 690.27 -1920.41 3 0 90 0
obj 19377 690.27 -1930.05 3 0 90 0
obj 19381 679.77 -1930.05 3 0 90 0
obj 19381 695.43 -1920.41 -2.18 0 0 0
obj 19381 690.27 -1915.66 -1.74 90 0 90
obj 19381 679.77 -1915.66 -1.74 90 0 90
obj 19377 669.27 -1910.91 2.09 -11 90 0
obj 19377 658.76 -1910.89 2.08 -11 90 0
obj 19377 674.44 -1914.72 -2 -11 0 0
obj 19377 653.6 -1914.72 -2 -11 0 0
obj 19378 653.59 -1920.41 -2.18 0 0 0
obj 19377 690.27 -1939.68 3 0 90 0
obj 19378 695.43 -1930.05 -2.18 0 0 0
obj 19378 695.43 -1939.68 -2.18 0 0 0
obj 19381 669.27 -1930.05 3 0 90 0
obj 19378 658.77 -1930.05 3 0 90 0
obj 19378 653.59 -1930.05 -2.18 0 0 0
obj 19378 658.77 -1939.68 3 0 90 0
obj 19378 653.59 -1939.68 -2.18 0 0 0
obj 19377 679.77 -1939.68 3 0 90 0
obj 19377 669.27 -1939.68 3 0 90 0
obj 3857 685.02 -1930.29 1.34 0 0 -45
obj 19390 662.39 -1925.32 4.82 0 0 90
obj 19378 658.77 -1949.31 3 0 90 0
obj 19378 653.59 -1949.31 -2.18 0 0 0
obj 1479 665.56 -1930.24 4.5 0 0 90
obj 14394 691.41 -1945.43 2.26 0 0 90
obj 19378 669.27 -1949.31 3 0 90 0
obj 19378 684.95 -1949.31 -2.18 0 0 0
obj 14394 683.43 -1945.43 2.26 0 0 90
obj 14394 691.41 -1947.64 0.72 0 0 90
obj 19378 695.43 -1949.29 -2.18 0 0 0
obj 19377 683.96 -1949.31 1.46 0 90 0
obj 19378 689.14 -1949.29 -3.7 0 0 0
obj 19378 684.39 -1954.06 -3.7 0 0 90
obj 19377 669.27 -1958.93 3 0 90 0
obj 19378 684.95 -1958.94 -2.18 0 0 0
obj 19377 690.27 -1963.67 -1.74 90 0 90
obj 19377 695.43 -1958.92 -2.18 0 0 0
obj 19378 690.73 -1948.67 -5.24 0 0 90
obj 19377 690.27 -1953.85 -3.24 0 90 0
obj 19377 690.27 -1958.83 -3.23 0 90 0
obj 19378 669.27 -1963.67 -1.74 90 0 90
obj 19378 679.77 -1963.67 -1.74 90 0 90
obj 18980 684.63 -1954.85 -2.42 0 0 0
obj 3857 684.43 -1959.05 1.34 0 0 -45
obj 3857 684.43 -1950.84 1.34 0 0 -45
obj 18980 684.62 -1963.27 -2.42 0 0 0
obj 19378 653.59 -1958.93 -2.18 0 0 0
obj 3857 691.53 -1963.71 1.34 0 0 45
obj 3857 691.53 -1963.71 7.16 0 0 45
obj 18980 695.43 -1963.27 -2.42 0 0 0
obj 3857 684.08 -1963.71 1.34 0 0 45
obj 3857 684.08 -1963.71 7.16 0 0 45
obj 3857 684.43 -1959.05 7.16 0 0 -45
obj 3857 684.43 -1950.84 7.16 0 0 -45
obj 18980 695.43 -1954.85 -2.42 0 0 0
obj 3857 695.47 -1959.05 1.34 0 0 -45
obj 3857 695.47 -1950.84 1.34 0 0 -45
obj 3857 695.47 -1959.05 7.16 0 0 -45
obj 3857 695.47 -1950.84 7.16 0 0 -45
obj 18980 684.63 -1934.39 -2.42 0 0 0
obj 18980 684.63 -1926.21 -2.42 0 0 0
obj 18980 695.43 -1926.21 -2.42 0 0 0
obj 18980 695.43 -1934.37 -2.42 0 0 0
obj 19325 692.94 -1926.15 6.76 90 0 90
obj 19325 687.51 -1926.15 8 0 0 90
obj 18980 690.39 -1926.07 -2.42 0 0 0
obj 3857 685.02 -1930.29 7.16 0 0 -45
obj 19325 687.51 -1926.15 3.88 0 0 90
obj 19325 692.94 -1926.15 0.12 90 0 90
obj 18980 695.43 -1944.56 -2.42 0 0 0
obj 3857 695.47 -1943.39 1.34 0 0 -45
obj 3857 695.47 -1943.39 7.16 0 0 -45
obj 19604 695.47 -1937.17 5.07 -90 0 90
obj 19604 695.47 -1932.37 5.07 -90 0 90
obj 19604 695.47 -1928.29 5.07 -90 0 90
obj 18980 695.43 -1930.31 -2.42 0 0 0
obj 18980 684.63 -1947.37 -2.42 0 0 0
obj 19325 692.16 -1961.64 10.07 0 90 90
obj 19325 686.48 -1960.37 10.07 0 90 0
obj 19325 692.16 -1957.52 10.07 0 90 90
obj 19325 692.16 -1953.4 10.07 0 90 90
obj 19325 692.16 -1949.26 10.07 0 90 90
obj 19325 692.16 -1945.13 10.07 0 90 90
obj 19408 690.09 -1961.96 9.99 0 90 90
obj 19408 690.09 -1958.45 9.99 0 90 90
obj 19325 686.48 -1953.74 10.07 0 90 0
obj 19325 686.48 -1947.11 10.07 0 90 0
obj 19408 690.09 -1954.95 10 0 90 90
obj 19377 690.27 -1949.31 9.99 0 90 0
obj 19378 690.27 -1939.68 9.99 0 90 0
obj 19378 690.27 -1930.05 9.99 0 90 0
obj 19381 679.77 -1939.68 9.99 0 90 0
obj 19381 669.27 -1920.41 6.52 0 90 0
obj 19381 658.77 -1920.41 6.52 0 90 0
obj 14416 661.96 -1941.89 3.38 0 0 180
obj 19379 669.27 -1949.31 6.52 0 90 0
obj 19379 658.77 -1949.31 6.52 0 90 0
obj 19377 664.04 -1939.68 4.82 0 0 0
obj 19377 660.04 -1939.68 1.34 0 0 0
obj 19381 669.27 -1939.68 9.99 0 90 0
obj 19379 658.77 -1958.93 6.52 0 90 0
obj 19390 658.34 -1944.4 4.82 0 0 90
obj 18980 669.03 -1935.31 -2.42 0 0 0
obj 3857 680.54 -1934.88 7.16 0 0 45
obj 3857 673.09 -1934.88 7.16 0 0 45
obj 3857 680.54 -1934.88 1.34 0 0 45
obj 3857 673.09 -1934.88 1.34 0 0 45
obj 19604 666.5 -1934.9 5.07 -90 0 0
obj 18980 663.83 -1934.39 -2.42 0 0 0
obj 18980 676.6 -1935.31 -2.42 0 0 0
obj 19377 679.77 -1958.93 9.99 0 90 0
obj 19377 669.27 -1958.93 9.99 0 90 0
obj 19377 658.77 -1958.93 9.99 0 90 0
obj 19378 679.77 -1949.31 9.99 0 90 0
obj 19378 669.27 -1949.31 9.99 0 90 0
obj 19378 658.77 -1949.31 9.99 0 90 0
obj 19377 658.77 -1939.68 9.99 0 90 0
obj 19377 658.77 -1930.05 9.99 0 90 0
obj 3857 663.87 -1930.29 7.16 0 0 -45
obj 3857 663.87 -1930.29 1.34 0 0 -45
obj 19378 658.77 -1930.05 6.52 0 90 0
obj 19462 655.27 -1939.68 6.52 0 90 0
obj 19361 663.91 -1926.89 4.82 0 0 0
obj 19361 663.91 -1926.89 8.32 0 0 0
obj 970 655.89 -1937.89 7.15 0 0 90
obj 970 655.89 -1942.15 7.11 0 0 90
obj 970 657.98 -1944.34 7.11 0 0 0
obj 970 657.83 -1934.99 7.15 0 0 22
obj 970 661.87 -1934.23 7.15 0 0 0
obj 19366 656.95 -1934.76 6.51 0 90 45
obj 19453 653.63 -1930.04 4.82 0 0 0
obj 19453 653.63 -1958.88 4.82 0 0 0
obj 19453 653.63 -1949.25 4.82 0 0 0
obj 19453 653.63 -1939.5 4.82 0 0 0
obj 3857 657.31 -1925.24 3.56 0 0 45
obj 638 656.47 -1942.31 7.31 0 0 0
obj 638 656.47 -1938.91 7.31 0 0 0
obj 638 657.32 -1936.12 7.31 0 0 -45
obj 1408 674.74 -1918.53 3.67 0 0 -90
obj 1408 671.67 -1925.34 3.69 0 0 180
obj 1408 666.86 -1925.36 3.69 0 0 180
obj 1408 674.74 -1922.54 3.69 0 0 -90
obj 1408 677.67 -1915.83 3.67 0 0 180
obj 1408 683.15 -1915.83 3.67 0 0 180
obj 1408 688.64 -1915.83 3.67 0 0 180
obj 1408 692.64 -1915.83 3.65 0 0 180
obj 1408 695.26 -1918.66 3.67 0 0 90
obj 1408 695.29 -1923.46 3.67 0 0 90
obj 19453 653.63 -1930.04 8.32 0 0 0
obj 19453 653.63 -1939.62 8.32 0 0 0
obj 19453 653.63 -1949.25 8.32 0 0 0
obj 19453 653.63 -1958.88 8.32 0 0 0
obj 19453 675.61 -1963.67 8.32 0 0 90
obj 3857 657.32 -1963.69 1.34 0 0 45
obj 3857 657.32 -1963.69 7.16 0 0 45
obj 3857 664.77 -1963.69 1.34 0 0 45
obj 3857 664.77 -1963.69 7.16 0 0 45
obj 3857 672.23 -1963.69 7.16 0 0 45
obj 3857 672.23 -1963.69 1.34 0 0 45
obj 19453 674.46 -1958.88 4.82 0 0 0
obj 983 677.5 -1963.75 3.77 0 0 90
obj 19453 674.46 -1958.88 8.32 0 0 0
obj 19453 674.46 -1949.25 4.82 0 0 0
obj 970 674.52 -1950.89 7.15 0 0 90
obj 970 674.52 -1946.65 7.15 0 0 90
obj 970 674.52 -1955.17 7.15 0 0 90
obj 970 672.25 -1944.6 7.15 0 0 0
obj 970 667.99 -1944.59 7.15 0 0 0
obj 970 666 -1944.6 7.15 0 0 0
obj 19379 679.77 -1958.93 3 0 90 0
obj 19379 679.77 -1949.31 3 0 90 0
obj 970 660.02 -1942.13 7.11 0 0 90
obj 970 659.99 -1937.51 7.11 0 0 90
obj 2755 666.76 -1944.76 4.78 0 0 0
obj 2755 674.4 -1942.91 4.78 0 0 90
obj 14455 674.23 -1949.83 4.64 0 0 90
obj 14455 674.24 -1954.15 4.64 0 0 90
obj 3278 678.86 -1963.66 7 0 90 0
obj 3278 677.43 -1963.65 7 0 90 0
obj 11665 682.54 -1960.43 3.79 0 0 229
obj 1468 677.17 -1957.24 4.25 0 0 0
obj 11686 654.17 -1927.78 6.61 0 0 -90
obj 14791 691.61 -1930.47 4.6 0 0 0
obj 14535 668.31 -1941.54 5.08 0 0 -90
obj 19453 663.95 -1944.41 4.82 0 0 90
obj 14455 664.29 -1944.65 4.64 0 0 180
obj 2755 669.96 -1944.63 4.78 0 0 0
obj 2755 655.75 -1944.62 4.78 0 0 0
obj 14455 653.86 -1946.47 4.64 0 0 -90
obj 19361 665.74 -1938.72 4.82 0 0 90
obj 19361 668.23 -1938.71 4.81 0 0 90
obj 15036 666.34 -1937.19 4.23 0 0 0
obj 1468 677.17 -1957.24 5.87 0 0 0
obj 1468 679.86 -1954.65 4.25 0 0 90
obj 1468 679.86 -1947.4 4.25 0 0 90
obj 1468 677.17 -1944.89 4.25 0 0 0
obj 1468 677.17 -1944.89 5.87 0 0 0
obj 1468 679.86 -1947.4 5.87 0 0 90
obj 1468 679.86 -1954.65 5.87 0 0 90
obj 3496 677.11 -1956.92 3.06 0 0 0
obj 1468 677.17 -1957.24 7.46 0 0 0
obj 1468 679.86 -1954.65 7.46 0 0 90
obj 1468 679.86 -1947.4 7.46 0 0 90
obj 1468 677.17 -1944.89 7.46 0 0 0
obj 3496 677.07 -1945.42 3.06 0 0 180
obj 16151 673.27 -1959 3.41 0 0 0
obj 19379 669.27 -1958.93 6.52 0 90 0
obj 14394 660.03 -1955.1 2.26 0 0 90
obj 19378 664.1 -1958.81 -2.18 0 0 0
obj 14394 662.98 -1955.79 2.26 0 0 0
obj 19378 658.77 -1963.67 -3.36 90 0 90
obj 14394 662.98 -1959.58 2.26 0 0 0
obj 19379 658.77 -1958.93 1.4 0 90 0
obj 19361 655.15 -1944.4 4.82 0 0 90
obj 19370 655.17 -1954.06 1.33 0 0 90
obj 19370 655.95 -1954.63 1.32 0 0 0
obj 19370 663.25 -1954.81 0.79 27 0 -45
obj 11725 654.8 -1954.5 1.88 0 0 0
obj 11724 654.82 -1954.41 2 0 0 0
obj 19632 654.86 -1954.44 1.68 0 0 0
obj 19370 663.45 -1963.58 1.32 0 0 90
obj 2945 661.78 -1925.36 7.94 0 0 180
obj 2945 658.04 -1925.36 7.94 0 0 180
obj 1742 659.15 -1952.73 2.7 0 0 0
obj 1742 669.14 -1949.07 3.08 0 0 0
obj 1742 670.57 -1949.07 3.08 0 0 0
obj 1742 671.03 -1949.31 3.08 0 0 180
obj 19429 655.4 -1952.78 3.14 0 90 0
obj 19429 660.73 -1952.78 3.04 0 0 0
obj 19429 658.89 -1952.78 4.7 0 90 0
obj 19429 657.06 -1952.77 3.88 0 0 0
obj 19429 655.4 -1952.78 5.56 0 90 0
obj 19429 658.89 -1952.78 3.82 90 0 90
obj 19429 655.4 -1952.8 4.16 0 90 0
obj 19429 653.81 -1952.77 3.88 0 0 0
obj 9131 660.66 -1952.85 5.31 0 0 0
obj 9131 660.66 -1952.85 3.04 0 0 0
obj 2477 657.77 -1953.03 3.63 0 0 8
obj 2472 655.78 -1952.91 4.25 0 0 0
obj 2473 655.86 -1953.01 3.25 0 0 0
obj 2484 658.08 -1952.25 5.62 0 0 180
obj 2464 654.64 -1952.75 4.39 0 0 0
obj 19466 657.21 -1952.75 3.27 0 0 90
obj 19466 654.98 -1952.75 3.27 0 0 90
obj 2474 654.9 -1952.76 3.23 0 0 180
obj 2510 655.86 -1952.31 5.91 0 4 164
obj 2945 667.98 -1954.15 4.35 0 0 0
obj 2945 665.89 -1955.78 4.35 0 0 90
obj 9131 665.93 -1957.51 5.31 0 0 0
obj 9131 669.91 -1954.2 5.31 0 0 0
obj 9131 669.91 -1954.2 3.04 0 0 0
obj 9131 665.93 -1957.51 3.04 0 0 0
obj 2898 658.66 -1948.26 3.08 0 0 0
obj 2898 690.21 -1940.48 3.08 0 0 0
obj 1742 669.62 -1949.31 3.08 0 0 180
obj 19609 660.66 -1927.61 6.61 0 0 171
obj 19056 658.19 -1927.58 7.25 0 0 0
obj 1702 665.96 -1949.23 3.09 0 0 0
obj 1702 663.24 -1949.26 3.09 0 0 0
obj 1753 676.81 -1960.15 3.09 0 0 0
obj 3850 689.15 -1952.31 2.01 0 0 0
obj 3850 687.15 -1954.01 2.01 0 0 90
obj 3850 689.15 -1948.69 2.01 0 0 0
obj 2960 666.36 -1941.61 6.9 90 0 0
obj 1709 686.6 -1933.15 3.09 0 0 90
obj 2164 658.38 -1952.45 2.8 0 0 180
obj 2135 654.15 -1956.88 1.46 0 0 90
obj 2137 654.15 -1955.91 1.46 0 0 90
obj 2140 654.15 -1957.88 1.46 0 0 90
obj 2313 654.14 -1961.16 1.47 0 0 90
obj 2140 654.15 -1962.95 1.46 0 0 90
obj 1280 680.2 -1954.59 3.49 0 0 180
obj 1280 680.17 -1947.03 3.49 0 0 180
obj 19128 668.63 -1956.9 3.05 0 0 0
obj 19128 668.63 -1961.57 3.05 0 0 0
obj 2627 683.59 -1937.13 3.09 0 0 0
obj 2628 681.37 -1937.2 3.09 0 0 0
obj 2629 678.98 -1937.32 3.07 0 0 0
obj 2629 678.46 -1943.42 3.07 0 0 180
obj 2630 676.04 -1943.11 3.09 0 0 180
obj 2631 679.76 -1940 3.07 0 0 0
obj 2632 684.13 -1940 3.07 0 0 0
obj 2915 677.75 -1943.18 3.21 0 0 0
obj 2913 678.57 -1936.76 4.06 0 90 0
obj 1255 686.92 -1951.8 2.11 0 0 0
obj 1255 686.98 -1949.63 2.11 0 0 0
obj 2631 687.14 -1947.53 1.54 0 0 0
obj 2286 674.35 -1961.51 5.37 0 0 -90
obj 19786 653.7 -1960.45 3.68 0 0 90
obj 2225 654.36 -1962.95 1.41 0 0 113
obj 2226 654.17 -1961.06 1.97 0 0 90
obj 2227 654.37 -1957.63 1.49 0 0 62
obj 2229 653.84 -1961.49 1.49 0 0 90
obj 2229 653.84 -1958.84 1.49 0 0 90
obj 2230 653.77 -1961.92 1.49 0 0 90
obj 2230 653.77 -1958.38 1.49 0 0 90
obj 2231 653.64 -1961.79 3 0 0 90
obj 2231 653.64 -1958.61 3 0 0 90
obj 2233 661.97 -1957.13 1.49 0 0 -47
obj 2233 661.45 -1963.59 1.49 0 0 -134
obj 2028 654.14 -1960 2.07 0 0 62
obj 2099 665.85 -1958.28 3.09 0 0 -62
obj 1744 653.53 -1960.96 2.26 0 0 90
obj 2828 653.79 -1961 2.59 0 0 -94
obj 1703 660.39 -1959.29 1.48 0 0 -90
obj 1703 657.12 -1958.31 1.48 0 0 0
obj 1703 659.28 -1962.13 1.48 0 0 180
obj 2311 657.37 -1960.65 1.49 0 0 0
obj 2311 657.37 -1959.71 1.49 0 0 0
obj 2253 658.1 -1960.15 2.27 0 0 0
obj 2824 657.79 -1959.7 1.99 0 0 0
obj 2825 657.97 -1960.63 1.99 0 0 0
obj 2827 658.68 -1959.77 1.99 0 0 0
obj 2855 656.32 -1952.43 4.25 0 0 180
obj 2841 656.08 -1960.8 1.49 0 0 90
obj 2863 671.43 -1941.14 3.84 0 0 0
obj 2867 671.43 -1942.37 3.88 0 0 0
obj 2864 671.64 -1940.55 3.85 0 0 0
obj 1433 686.01 -1934.84 3.27 0 0 0
obj 18869 686.1 -1934.55 3.77 0 0 84
obj 18870 686.08 -1934.94 3.77 0 0 127
obj 2135 654.21 -1931 6.61 0 0 90
obj 2136 654.21 -1932.98 6.61 0 0 90
obj 2137 654.21 -1933.97 6.61 0 0 90
obj 2139 654.21 -1934.96 6.61 0 0 90
obj 2138 654.21 -1935.94 6.61 0 0 90
obj 19128 660.19 -1931.58 6.57 0 0 0
obj 19166 653.73 -1927.68 8.8 90 0 90
obj 19453 669.56 -1954.16 8.32 0 0 90
obj 19390 663.14 -1954.16 8.32 0 0 90
obj 19407 659.93 -1954.16 8.32 0 0 90
obj 19466 659.91 -1954.15 8.5 0 0 90
obj 19361 656.72 -1954.16 8.32 0 0 90
obj 19361 654.38 -1955.51 8.32 0 0 -30
obj 19390 670.97 -1962.09 8.32 0 0 0
obj 19361 670.97 -1958.91 8.32 0 0 0
obj 19361 670.97 -1955.71 8.32 0 0 0
obj 14867 654.17 -1959.65 8.12 0 0 -90
obj 3934 669.59 -1920.4 6.6 0 0 0
obj 18980 664.17 -1915.76 -5 0 0 0
obj 18980 674.26 -1915.76 -5 0 0 0
obj 18980 653.78 -1915.76 -5 0 0 0
obj 4100 653.62 -1922.31 4.68 0 0 50
obj 19383 656.84 -1939.52 4.82 0 0 0
obj 19353 655.31 -1934.79 4.82 0 0 90
obj 19353 656.84 -1936.31 4.82 0 0 0
obj 19353 656.84 -1942.73 4.82 0 0 0
obj 2517 656 -1936.35 3.09 0 0 0
obj 2516 654.31 -1935.31 3.05 0 0 -90
obj 2523 656.27 -1940.84 3.09 0 0 -90
obj 2528 656.26 -1942.7 3.09 0 0 -90
obj 2139 654.18 -1942.2 3.05 0 0 90
obj 2140 654.27 -1943.82 2.93 0 0 180
obj 2140 655.26 -1943.82 2.93 0 0 180
obj 2140 656.23 -1943.82 2.93 0 0 180
obj 2387 654.28 -1938.19 3.09 0 0 0
obj 2257 653.74 -1940.2 5.17 0 0 90
obj 2390 655.09 -1935.09 4.6 0 0 0
obj 1523 656.88 -1940.27 3.07 0 0 90
obj 14867 654.2 -1930.41 4.6 0 0 -90
obj 14455 659.94 -1942.65 4.64 0 0 90
obj 2898 657.21 -1929.9 3.08 0 0 0
obj 19175 660.13 -1937.01 5.48 0 0 90
obj 1523 670.93 -1961.3 6.58 0 0 -90
obj 2136 671.64 -1954.75 6.61 0 0 0
obj 2140 673.69 -1954.75 6.61 0 0 0
obj 2204 673.1 -1954.03 6.61 0 0 180
obj 14446 667.06 -1956 7.19 0 0 0
obj 2387 671.57 -1958.13 6.6 0 0 0
obj 3515 672.62 -1929.44 2.76 0 0 0
obj 2708 673.3 -1963.29 6.61 0 0 180
obj 2381 672.52 -1963.15 8.4 0 0 0
obj 2708 656.77 -1954.54 6.61 0 0 0
obj 2394 657.45 -1954.69 8.39 0 0 0
obj 2654 657.49 -1954.58 7.28 0 0 -90
obj 1208 674.09 -1956.48 6.61 0 0 90
obj 2520 672.53 -1955.62 6.59 0 0 90
obj 2522 671.58 -1960.64 6.59 0 0 90
obj 2164 670.88 -1959.48 6.6 0 0 -90
obj 2163 670.88 -1959.48 8.45 0 0 -90
obj 2163 670.88 -1957.7 7.54 0 0 -90
obj 2163 670.88 -1957.7 6.61 0 0 -90
obj 2140 670.39 -1956.72 6.5 0 0 -90
obj 2137 669.34 -1954.8 6.5 0 0 0
obj 2167 661.79 -1954.27 8.2 0 0 0
obj 2305 670.34 -1954.8 6.5 0 0 0
obj 2139 670.39 -1955.76 6.48 0 0 -90
obj 19172 667 -1954.24 8.81 0 0 0
obj 2186 660.95 -1954.7 6.57 0 0 0
obj 18092 661.36 -1961.26 7.08 0 0 180
obj 19893 661.3 -1961.36 7.58 0 0 180
obj 19820 659.6 -1960.83 7.56 0 0 0
obj 19821 659.56 -1961.08 7.56 0 0 0
obj 19822 659.62 -1961.32 7.56 0 0 0
obj 19823 659.9 -1961.53 7.56 0 0 0
obj 19824 660.12 -1961.62 7.56 0 0 0
obj 19825 664.76 -1954.29 8.9 -0.02 0 0
obj 19818 660.16 -1961.3 7.66 0 0 0
obj 19619 660.87 -1961.17 7.02 0 0 180
obj 2755 668.94 -1953.86 8.28 0 0 0
obj 2755 665.76 -1953.86 8.28 0 0 0
obj 11705 663.28 -1961.12 7.56 0 0 244
obj 11743 663.06 -1961.59 7.56 0 0 207
obj 2223 662.06 -1961.42 7.65 0 0 -90
obj 19619 662.99 -1961.14 7.02 0 0 180
obj 2894 660.67 -1961.4 7.58 0 0 180
obj 1704 660.91 -1959.97 6.61 0 0 0
obj 1753 665.92 -1958.18 6.61 0 0 0
obj 1746 665.97 -1959.12 6.61 0 0 0
obj 1746 666.93 -1959.12 6.61 0 0 0
obj 1746 667.87 -1959.12 6.61 0 0 0
obj 2631 667.39 -1960.67 6.61 0 0 0
obj 2854 667.61 -1960.34 6.66 0 0 0
obj 2853 666.43 -1960.74 6.66 0 0 0
obj 2829 667.55 -1961 6.67 0 0 207
obj 19894 667.04 -1960.65 6.65 0 0 0
obj 2069 655.47 -1954.93 6.65 0 0 0
obj 2332 664.65 -1954.67 7.05 0 0 0
obj 2843 665.96 -1959.45 7.11 0 0 0
obj 2845 667.1 -1959.3 7.11 0 0 0
obj 2846 665.95 -1956.97 7.31 0 0 0
obj 2842 662.53 -1953.66 6.61 0 0 0
obj 1946 677.96 -1956.29 3.23 0 0 0
obj 1946 676.13 -1956.31 3.23 0 -55 -98
obj 2964 668.57 -1948.88 6.61 0 0 0
obj 2995 668.87 -1949.19 7.54 0 40 98
obj 2996 669.03 -1948.8 7.54 0 62 120
obj 2997 668.06 -1948.74 7.54 -62 0 0
obj 2998 668.19 -1949.07 7.54 0 0 0
obj 2999 667.94 -1949.02 7.54 0 105 120
obj 3000 669.27 -1949.05 7.54 0 -24 0
obj 3001 669.28 -1948.71 7.54 0 0 0
obj 3003 668.65 -1948.71 7.54 0 0 0
obj 2965 668.31 -1949.07 7.52 0 0 0
obj 338 667.36 -1948.38 7.62 -98 24 -113
obj 1702 666.4 -1945.36 6.61 0 0 0
obj 1702 669.84 -1945.36 6.61 0 0 0
obj 1706 658.28 -1947.54 6.61 0 0 0
obj 1706 659.26 -1951.58 6.61 0 0 180
obj 1706 656.6 -1949.88 6.61 0 0 90
obj 1706 660.76 -1949.04 6.61 0 0 -90
obj 2370 658.34 -1949.63 6.59 0 0 0
obj 3111 658.64 -1949.22 7.45 0 0 0
obj 19174 663.96 -1938.7 7.79 0 0 -90
obj 19173 663.95 -1938.66 6 0 0 90
obj 638 694.24 -1922.65 3.72 0 0 0
obj 638 694.29 -1919.13 3.72 0 0 0
obj 638 675.98 -1917.9 3.72 0 0 0
obj 638 676.07 -1922.04 3.72 0 0 0
obj 638 669.04 -1926.17 3.72 0 0 90
obj 782 684.18 -1920.39 3.02 0 0 0
obj 834 691.19 -1920.55 3.08 0 0 0
obj 833 687.82 -1920.04 3.78 0 0 -11
obj 832 681.05 -1926.08 4.6 0 0 0
obj 838 680.01 -1919.05 5.7 0 0 180
obj 869 680.61 -1931.72 3.53 0 0 0
obj 870 676.39 -1931.94 3.31 0 0 0
obj 870 669.33 -1932.23 3.31 0 0 0
obj 869 673.02 -1932.51 3.53 0 0 0
obj 869 669.06 -1928.68 3.53 0 0 0
obj 870 675.75 -1926.29 3.31 0 0 0
obj 869 680.01 -1927.79 3.53 0 0 0
obj 869 679.33 -1923 3.53 0 0 0
obj 870 682.51 -1920.05 3.31 0 0 0
obj 869 687.46 -1922.87 3.53 0 0 0
obj 869 690.69 -1918.61 3.53 0 0 0
obj 870 665.49 -1927.15 3.31 0 0 0
obj 869 666.5 -1932.03 3.53 0 0 0
obj 869 676.44 -1929.32 3.53 0 0 0
obj 745 682.94 -1924.15 2.78 0 0 0
obj 751 669.65 -1930.69 3.02 0 0 0
obj 776 692.81 -1920.18 2.98 0 0 33
obj 1568 676.98 -1924.08 3.05 0 0 0
obj 1568 676.98 -1916.8 3.05 0 0 0
obj 1568 684.55 -1916.76 3.05 0 0 0
obj 1568 667.42 -1927.41 3.05 0 0 0
obj 1568 693.28 -1918.99 3.05 0 0 0
obj 3802 661.18 -1924.61 5.19 0 0 90
obj 3810 663.52 -1924.61 5.19 0 0 90
obj 19425 671.35 -1916.73 3.09 0 0 0
obj 19425 667.37 -1916.73 3.09 0 0 0
obj 19425 660.78 -1916.73 3.09 0 0 0
obj 19425 656.63 -1916.73 3.09 0 0 0
obj 1697 690.78 -1930.28 11.68 0 0 18
obj 1697 691.12 -1938.05 11.68 0 0 18
obj 1697 690.16 -1949.01 11.68 0 0 18
obj 1693 678.55 -1947.59 11.58 0 0 0
obj 1693 668.38 -1947.59 11.58 0 0 0
obj 1693 658.26 -1947.59 11.58 0 0 0
obj 1697 678.61 -1939.36 11.68 0 0 -22
obj 1697 670.01 -1939.45 11.68 0 0 18
obj 1697 659.99 -1939.49 11.68 0 0 -40
obj 1693 658.26 -1929.56 11.58 0 0 0
obj 1734 669.92 -1949.07 9.9 0 0 0
obj 1734 658 -1949.91 9.9 0 0 0
obj 1734 664.73 -1956.83 9.9 0 0 0
obj 1734 673.04 -1957.99 9.9 0 0 0
obj 1734 656.59 -1960.65 9.9 0 0 0
obj 1734 677.23 -1960.14 9.9 0 0 0
obj 11726 691.56 -1930.15 8.92 0 0 0
obj 19806 691.59 -1930.11 8.06 0 0 0
obj 19806 691.59 -1930.11 6.88 0 0 0
obj 19806 658.1 -1960.16 5.52 0 0 0
obj 1734 665.18 -1947.93 6.42 0 0 0
obj 1734 655.45 -1938.12 6.43 0 0 0
obj 1734 656.37 -1930.7 6.43 0 0 0