sell 10825 -1120.88 -305.43 14.13 90 -76 0 
changeobj 1506 -1106.28 -307 6.07 0 0 90 1502
changeobj 1506 -1106.3 -303.59 6.07 0 0 -90 1502
changeobj 1506 -1097.31 -288.82 7.33 0 0 -180 1502
changeobj 1506 -1096.76 -311.51 7.12 0 0 180 1502
changeobj 1506 -1104.32 -311.41 7.12 0 0 180 1502
obj 8493 -1100.86 -293.38 18.16 0 0 0 
obj 3586 -1112.84 -305.27 9.23 0 0 -90 
obj 1608 -1091.44 -312.79 1.56 0 0 0 
obj 19379 -1106.3 -317.34 7.63 0 0 0 
obj 19379 -1106.3 -326.73 7.63 0 0 0 
obj 19379 -1106.3 -312.02 7.63 0 0 0 
obj 19379 -1106.3 -298.63 7.63 0 0 0 
obj 19379 -1106.3 -289.35 7.63 0 0 0 
obj 19379 -1101.5 -283.16 7.56 0 90 0 
obj 19379 -1106.3 -283.16 7.63 0 0 0 
obj 19379 -1096.3 -283.16 7.63 0 0 0 
obj 19379 -1101.05 -331.45 7.63 0 0 90 
obj 19379 -1101.04 -278.4 7.63 0 0 90 
obj 19379 -1096.3 -292.54 7.63 0 0 0 
obj 19379 -1096.3 -301.6 7.63 0 0 0 
obj 19379 -1096.3 -310.86 7.63 0 0 0 
obj 19379 -1096.3 -320.38 7.63 0 0 0 
obj 19379 -1096.3 -326.62 7.63 0 0 0 
obj 19379 -1101.58 -278.4 7.63 0 0 90 
obj 19379 -1101.69 -331.45 7.63 0 0 90 
obj 19466 -1106.29 -304.33 9.63 0 0 0 
obj 19466 -1106.29 -306.41 9.63 0 0 0 
obj 19466 -1106.29 -306.41 11.26 0 0 0 
obj 19466 -1106.29 -306.41 11.9 0 0 0 
obj 19466 -1106.29 -304.33 11 0 0 0 
obj 19466 -1106.29 -304.33 11.9 0 0 0 
obj 1745 -1105.83 -281.99 7.63 0 0 0 
obj 1745 -1103.86 -281.99 7.63 0 0 0 
obj 3397 -1097.89 -279.15 7.61 0 0 90 
obj 16782 -1101 -278.64 9.98 0 0 -90 
obj 1714 -1098.12 -280.58 7.63 0 0 -180 
obj 1825 -1101.51 -291.36 7.71 0 0 0 
obj 1825 -1098.39 -291.91 7.71 0 0 0 
obj 1825 -1100.99 -294.82 7.71 0 0 0 
obj 2296 -1096.63 -283.69 7.76 0 0 -90 
obj 1729 -1104.22 -284.44 7.65 0 0 90 
obj 16151 -1105.17 -292.26 7.1 0 0 -180 
obj 19372 -1104.77 -288.82 9.34 0 0 90 
obj 19372 -1101.77 -288.82 9.34 0 0 90 
obj 19372 -1100.47 -288.82 9.34 0 0 90 
obj 19428 -1096.47 -288.82 8.98 0 0 90 
obj 19428 -1096.47 -288.82 9.38 0 0 90 
obj 19428 -1097.66 -288.82 10.62 90 90 180 
obj 19428 -1097.66 -288.82 12.06 90 90 180 
obj 19372 -1100.47 -288.82 11.12 0 0 90 
obj 19372 -1101.77 -288.82 11.13 0 0 90 
obj 19372 -1104.77 -288.82 11.14 0 0 90 
obj 1827 -1102.31 -284.36 7.65 0 0 0 
obj 2188 -1098.32 -305.76 6.74 0 0 0 
obj 2188 -1099.59 -302.18 6.74 0 0 0 
obj 2188 -1101.55 -308.02 6.74 0 0 0 
obj 2188 -1103.28 -301.5 6.74 0 0 0 
obj 1978 -1101.88 -305.17 6.84 0 0 0 
obj 19379 -1103.92 -316.22 7.63 0 0 0 
obj 19379 -1103.92 -319.47 7.63 0 0 0 
obj 19379 -1098.72 -319.36 7.63 0 0 0 
obj 19379 -1098.77 -316.22 7.63 0 0 0 
obj 19372 -1102.45 -311.52 11.13 0 0 90 
obj 19372 -1100.34 -311.52 11.13 0 0 90 
obj 19372 -1100.34 -311.52 9.4 0 0 90 
obj 19372 -1102.45 -311.52 9.56 0 0 90 
obj 19466 -1097.54 -311.48 10.72 0 0 90 
obj 19466 -1097.54 -311.48 11.93 0 0 90 
obj 19466 -1105.09 -311.37 10.64 0 0 90 
obj 19466 -1105.09 -311.37 11.91 0 0 90 
obj 2514 -1098.25 -329.72 9.37 0 0 -180 
obj 2514 -1099.62 -329.77 9.37 0 0 -180 
obj 2514 -1100.94 -329.76 9.37 0 0 -180 
obj 2514 -1102.2 -329.75 9.37 0 0 -180 
obj 2514 -1103.76 -329.75 9.37 0 0 -180 
obj 2515 -1096.66 -328.13 10.15 0 0 -90 
obj 2515 -1096.63 -327.08 10.15 0 0 -90 
obj 2515 -1096.64 -326.02 10.15 0 0 -90 
obj 2515 -1105.96 -328.79 10.15 0 0 90 
obj 2515 -1105.92 -327.8 10.15 0 0 90 
obj 2515 -1105.88 -326.81 10.15 0 0 90 
obj 1274 -1102.57 -318.46 7.03 0 0 0 
obj 1550 -1102.63 -312.84 7.23 0 0 0 
obj 1550 -1101.63 -312.79 7.23 0 0 0 
obj 1550 -1100.48 -312.79 7.23 0 0 0 
obj 1550 -1099.4 -315.27 7.23 0 0 0 
obj 1550 -1099.54 -313 7.23 0 0 0 
obj 1550 -1099.58 -314.28 7.23 0 0 0 
obj 1550 -1101.64 -315.1 7.23 0 0 0 
obj 1550 -1102.72 -314.89 7.23 0 0 0 
obj 1550 -1102.7 -313.93 7.23 0 0 0 
obj 1550 -1101.81 -313.9 7.23 0 0 0 
obj 1550 -1102.95 -316.14 7.23 0 0 0 
obj 1550 -1101.89 -316.13 7.23 0 0 0 
obj 1550 -1100.65 -316.26 7.23 0 0 0 
obj 1550 -1099.59 -316.36 7.23 0 0 0 
obj 1274 -1100.53 -318.53 7.03 0 0 0 
obj 1274 -1102 -319.88 7.03 0 0 0 
obj 1274 -1100.12 -320.3 7.03 0 0 0 
obj 1274 -1102.55 -320.91 7.03 0 0 0 
obj 1274 -1100.55 -321.69 7.03 0 0 0 
obj 1274 -1102.62 -321.87 7.03 0 0 0 
obj 19379 -1101.42 -326.93 12.94 0 90 0 
obj 19379 -1101.42 -317.71 12.94 0 90 0 
obj 19379 -1101.42 -308.57 12.94 0 90 0 
obj 19379 -1101.42 -299.5 12.94 0 90 0 
obj 19379 -1101.42 -290.36 12.94 0 90 0 
obj 19379 -1101.42 -283.2 12.94 0 90 0 
CreateVehicle 452 -1111.2555 -314.8768 -0.0362 0 -1 -1 
