sell 10825 -1484.65 715.74 7.12 90 0 90 
changeobj 1506 -1470.78 727.03 7.35 0 0 0 1502
changeobj 1506 -1450.96 736.58 7.34 0 0 90 1502
changeobj 1506 -1450.94 736.67 10.92 0 0 90 1502
changeobj 1506 -1436.62 746.01 0.08 0 0 -90 1502
changeobj 1506 -1483.09 715.38 6.33 0 0 90 1502
changeobj 1506 -1502.71 721.22 6.19 0 0 0 1502
changeobj 1506 -1494.36 721.28 6.19 0 0 0 1502
obj 19447 -1482.28 715.7 6.25 -11 90 90 
obj 19447 -1469.82 722.18 7.17 0 90 180 
obj 19447 -1472.88 715.7 7.17 0 90 90 
obj 19433 -1468.03 725.27 8.05 90 0 180 
obj 19433 -1475.95 714.05 8.05 90 0 90 
obj 19433 -1480.1 717.35 8.05 90 0 90 
obj 19433 -1469.81 714.05 8.05 90 0 90 
obj 19433 -1468.02 715.69 8.05 90 0 180 
obj 19433 -1471.53 725.22 8.05 90 0 180 
obj 19433 -1468.02 722.61 8.05 90 0 180 
obj 19433 -1472.51 714.05 8.05 90 0 90 
obj 19433 -1473.21 717.37 8.05 90 0 90 
obj 19433 -1476.64 717.37 8.05 90 0 90 
obj 19433 -1468.02 719.16 8.05 90 0 180 
obj 19433 -1471.54 719.19 8.05 90 0 180 
obj 19433 -1471.53 722.22 8.05 90 0 180 
obj 19377 -1466.33 741.41 7.25 0 90 0 
obj 19388 -1470.01 727.03 9.08 0 0 90 
obj 19377 -1466.35 731.77 7.25 0 90 0 
obj 19377 -1456.12 731.8 7.25 0 90 0 
obj 19377 -1456.15 741.42 7.25 0 90 0 
obj 19447 -1446.27 737.37 7.24 0 90 90 
obj 19388 -1452.52 735.7 9.11 0 0 90 
obj 19450 -1464.48 727.03 9.08 0 0 90 
obj 19450 -1471.53 731.8 9.08 0 0 0 
obj 19450 -1454.04 731.77 9.1 0 0 180 
obj 19388 -1454.04 737.27 9.09 0 0 0 
obj 19388 -1452.53 738.97 9.11 0 0 90 
obj 19388 -1450.97 737.33 9.09 0 0 0 
obj 1491 -1453.3 738.98 7.34 0 0 0 
obj 1491 -1454.04 736.52 7.34 0 0 90 
obj 1491 -1453.31 735.7 7.36 0 0 0 
obj 19450 -1450.97 731.77 9.08 0 0 180 
obj 2739 -1453.43 731.5 7.34 0 0 90 
obj 2739 -1453.45 734.26 7.34 0 0 90 
obj 2739 -1453.46 733.36 7.34 0 0 90 
obj 2739 -1453.43 732.42 7.34 0 0 90 
obj 2528 -1453.49 727.63 7.34 0 0 180 
obj 2528 -1451.44 727.6 7.34 0 0 180 
obj 2528 -1452.47 727.62 7.34 0 0 180 
obj 2519 -1451.63 730.53 7.34 0 0 90 
obj 19404 -1463.65 728.69 9.08 0 0 0 
obj 19404 -1450.98 740.54 9.08 0 0 0 
obj 19325 -1468.17 746.19 9.26 0 0 90 
obj 19450 -1455.72 727.03 9.08 0 0 90 
obj 19450 -1463.65 741.42 9.08 0 0 0 
obj 19404 -1450.99 744.62 9.08 0 0 0 
obj 19450 -1464.19 746.15 9.08 0 0 90 
obj 19450 -1471.53 741.43 9.08 0 0 0 
obj 19450 -1455.73 746.15 9.08 0 0 90 
obj 19450 -1458.92 733.36 9.08 0 0 90 
obj 19450 -1458.92 738.97 9.08 0 0 90 
obj 19388 -1463.65 731.83 9.08 0 0 0 
obj 19388 -1463.65 735.05 9.08 0 0 0 
obj 19404 -1469.97 746.15 9.08 0 0 90 
obj 1491 -1463.65 735.82 7.35 0 0 -90 
obj 1491 -1463.65 731.1 7.35 0 0 90 
obj 19325 -1450.93 742.31 9.26 0 0 0 
obj 19378 -1456.18 741.4 10.83 0 90 0 
obj 19378 -1456.15 731.8 10.83 0 90 0 
obj 19378 -1466.34 741.4 10.83 0 90 0 
obj 19404 -1450.99 744.66 12.66 0 0 0 
obj 19404 -1450.99 740.59 12.66 0 0 0 
obj 19325 -1450.94 742.49 12.34 0 0 0 
obj 19388 -1462.25 735.58 12.66 0 0 90 
obj 19450 -1471.53 741.39 12.66 0 0 180 
obj 19450 -1450.99 731.77 12.66 0 0 0 
obj 19447 -1445.72 745.98 10.86 0 90 0 
obj 19450 -1464.43 746.17 12.66 0 0 90 
obj 19373 -1470 727.05 12.66 0 0 90 
obj 19450 -1465.33 727.03 12.66 0 0 90 
obj 19450 -1471.53 731.76 12.66 0 0 180 
obj 19450 -1455.71 727.03 12.66 0 0 90 
obj 19450 -1455.72 746.17 12.66 0 0 90 
obj 19404 -1470.02 746.17 12.66 0 0 90 
obj 19325 -1467.88 746.12 12.1 0 0 90 
obj 19453 -1463.92 741.33 12.65 0 0 180 
obj 19453 -1455.84 738.99 12.65 0 0 90 
obj 19453 -1455.91 735.6 12.65 0 0 90 
obj 19453 741.43 12.65 12.65 0 0 180 
obj 19388 -1450.99 737.4 12.66 0 0 0 
obj 19453 -1463.92 735.15 12.65 0 0 180 
obj 19388 -1463.92 728.71 12.66 0 0 0 
obj 19388 -1462.25 738.99 12.66 0 0 90 
obj 19373 -1471.52 734.83 10.85 0 180 0 
obj 19373 -1462.86 728.58 10.85 0 90 0 
obj 19373 -1462.83 731.91 10.85 0 90 0 
obj 14387 -1469.21 736.69 8.33 0 0 90 
obj 14387 -1469.22 734.42 9.85 0 0 90 
obj 19373 -1469.78 728.58 10.85 0 90 0 
obj 19373 -1466.3 728.58 10.85 0 90 0 
obj 19373 -1466.33 731.79 10.85 0 90 0 
obj 19373 -1466.34 735.15 10.85 0 90 0 
obj 19373 -1462.84 735.1 10.85 0 90 0 
obj 19373 -1466.33 731.97 10.85 0 90 0 
obj 19373 -1462.86 728.72 10.85 0 90 0 
obj 19437 -1466.74 738.51 9.09 0 0 180 
obj 19437 -1470.63 733.03 9.09 0 0 90 
obj 19437 -1469.1 733.04 9.09 0 0 90 
obj 19437 -1467.51 733.04 9.09 0 0 90 
obj 19437 -1466.75 733.74 9.09 0 0 180 
obj 19437 -1466.74 735.32 9.09 0 0 180 
obj 19437 -1466.74 736.9 9.09 0 0 180 
obj 2224 -1456.67 741.66 10.91 0 0 45 
obj 1491 -1463.02 738.98 10.92 0 0 0 
obj 1491 -1463.02 735.59 10.94 0 0 0 
obj 1491 -1463.89 727.98 10.94 0 0 90 
obj 2563 -1454.37 743.6 7.34 0 0 0 
obj 2563 -1461.1 739.51 7.34 0 0 90 
obj 2375 -1462.85 746.06 7.34 0 0 0 
obj 2374 -1460.87 745.52 8.94 0 0 0 
obj 2296 -1458.26 745.74 7.34 0 0 0 
obj 1824 -1459.21 743.68 7.68 0 0 0 
obj 1824 -1456 740.43 7.68 0 0 0 
obj 1768 -1469.52 731.91 7.34 0 0 0 
obj 2193 -1455.77 731.84 7.34 0 0 0 
obj 2193 -1457.59 731.79 7.34 0 0 0 
obj 2193 -1459.53 731.84 7.34 0 0 0 
obj 2193 -1459.49 727.54 7.34 0 0 90 
obj 1708 -1456.75 728.02 7.34 0 0 -180 
obj 1708 -1454.79 728.05 7.34 0 0 -180 
obj 1709 -1463.05 736.46 7.34 0 0 0 
obj 2311 -1461.85 735.51 7.34 0 0 0 
obj 2826 -1461.1 735.54 7.84 0 0 0 
obj 2822 -1461.74 735.59 7.84 0 0 0 
obj 2251 -1452.49 737.38 8.06 0 0 0 
obj 2296 -1467.73 745.8 7.34 0 0 0 
obj 2627 -1462.71 744.57 10.92 0 0 0 
obj 2627 -1461.43 744.55 10.92 0 0 0 
obj 2630 -1458.72 744.43 10.92 0 0 0 
obj 2630 -1459.94 744.38 10.92 0 0 0 
obj 2628 -1460.53 740.43 10.92 0 0 0 
obj 2628 -1459.23 740.59 10.92 0 0 0 
obj 16151 -1456.9 734.38 11.26 0 0 90 
obj 16152 -1454.59 727.99 10.91 0 0 90 
obj 2002 -1455.97 734.94 10.92 0 0 0 
obj 638 -1453.87 738.52 11.58 0 0 90 
obj 638 -1453.86 736.05 11.58 0 0 90 
obj 638 -1456.59 738.52 11.58 0 0 90 
obj 638 -1459.3 738.52 11.58 0 0 90 
obj 638 -1459.29 736.05 11.58 0 0 90 
obj 638 -1456.56 736.05 11.58 0 0 90 
obj 19325 -1467.26 738.09 12.95 0 0 90 
obj 19435 -1470.66 737.98 12.66 0 0 90 
obj 1709 -1465.14 729.07 10.93 0 0 -180 
obj 2575 -1453.57 742.25 11.26 0 0 -90 
obj 2566 -1453.54 745.78 11.48 0 0 -90 
obj 19377 -1466.41 741.42 14.41 0 90 0 
obj 19377 -1456.18 741.41 14.41 0 90 0 
obj 19377 -1466.41 731.8 14.41 0 90 0 
obj 19373 -1469.75 731.32 10.85 0 90 0 
obj 19377 -1456.14 731.79 14.41 0 90 0 
obj 1360 -1448.99 739.78 11.74 0 0 90 
obj 19447 -1449.17 737.31 10.86 0 90 0 
obj 1360 -1449.08 741.4 11.74 0 0 90 
obj 1360 -1445.6 733.22 11.74 0 0 90 
obj 1360 -1449.07 733.16 11.74 0 0 90 
obj 1364 -1444.74 737.21 11.75 0 0 -90 
obj 1231 -1444.22 739.7 13.86 0 0 0 
obj 1231 -1444.19 734.38 13.86 0 0 0 
obj 9241 -1460.92 735.93 16.19 0 0 0 
obj 13749 -1482.98 716.63 11.25 0 0 -37 
obj 19447 -1446.25 740.87 7.24 0 90 90 
obj 19447 -1446.28 733.89 7.24 0 90 90 
obj 1364 -1442.32 735.36 8.1 0 0 -90 
obj 1364 -1442.29 739.53 8.1 0 0 -90 
obj 1360 -1448.81 741.84 8.11 0 0 90 
obj 1360 -1449.08 732.98 8.11 0 0 90 
obj 1360 -1445.56 732.95 8.11 0 0 90 
obj 1360 -1445.99 741.79 8.11 0 0 90 
obj 19447 -1445.7 737.32 10.86 0 90 0 
obj 11492 -1490.6 692.39 6.18 0 0 -90 
obj 19325 -1489.34 680.97 7.12 90 0 90 
obj 19425 -1494.12 703.64 6.18 0 0 0 
obj 19425 -1487.88 703.64 6.18 0 0 0 
obj 19425 -1491.01 703.64 6.18 0 0 0 
obj 2099 -1453.01 731.87 10.91 0 0 -49 
obj 19378 -1436.49 732.61 -5.15 0 0 0 
obj 10009 -1442.84 747.49 4.11 0 0 -90 
obj 19378 -1441.79 742.07 -0.01 0 90 0 
obj 19378 -1441.77 732.44 -0.01 0 90 0 
obj 19378 -1426.9 732.52 -5.15 0 0 0 
obj 19378 -1431.69 737.38 -5.15 0 0 -90 
obj 19378 -1431.64 727.75 -5.15 0 0 -90 
obj 19378 -1431.84 732.52 -10.37 0 90 0 
obj 19435 -1434.87 729.34 -0.72 90 0 90 
obj 19435 -1434.87 728.62 -0.72 0 -65 0 
obj 2099 -1445.49 727.93 0.07 0 0 142 
obj 2632 -1440.88 743.59 0.07 0 0 0 
obj 2632 -1440.91 730.97 0.07 0 0 0 
obj 2632 -1444.43 734.04 0.07 0 0 0 
obj 2632 -1441.01 737.16 0.07 0 0 0 
obj 2632 -1444.43 740.41 0.07 0 0 0 
obj 19128 -1439.98 734.06 0.08 0 0 0 
obj 19128 -1439.7 740.3 0.08 0 0 0 
obj 1676 -1491.07 685.92 7.71 0 0 90 
obj 2568 -1485.14 687.02 6.18 0 0 -90 
obj 19425 -1487.53 687.46 6.18 0 0 0 
obj 19425 -1487.56 683.09 6.18 0 0 0 
obj 2193 -1496.2 685.39 6.18 0 0 0 
obj 2193 -1496.19 681.56 6.18 0 0 0 
obj 2193 -1496.18 683.47 6.18 0 0 0 
obj 1709 -1494.36 687.69 6.18 0 0 90 
obj 2224 -1492.64 690.73 6.18 0 0 -166 
obj 19425 -1491.16 693.06 6.18 0 0 0 
obj 19425 -1486.91 693.13 6.18 0 0 0 
obj 19425 -1486.78 697.07 6.18 0 0 0 
obj 19425 -1491.19 697.11 6.18 0 0 0 
obj 1728 -1464.43 732.28 10.94 0 0 -180 
obj 2311 -1466.82 734.97 10.94 0 0 0 
obj 2311 -1466.82 734.05 10.94 0 0 0 
obj 2860 -1465.59 734.88 11.44 0 0 0 
obj 2814 -1465.29 734.47 11.44 0 0 0 
obj 2858 -1466.57 734.85 11.44 0 0 0 
obj 2823 -1466.88 735.18 11.44 0 0 0 
obj 2823 -1466.28 734.14 11.44 0 0 0 
obj 2821 -1465.62 733.88 11.44 0 0 0 
obj 2821 -1466.88 734.11 11.44 0 0 0 
obj 19321 -1433.12 745.25 1.52 0 0 -90 
obj 19388 -1436.6 745.24 1.82 0 0 0 
obj 1799 -1431.39 743.08 0.07 0 0 0 
obj 2611 -1432.87 746.69 0.68 0 0 0 
obj 2632 -1434.32 745.16 0.07 0 0 0 
obj 2002 -1434.7 746.07 0.07 0 0 0 
obj 3267 -1432.87 745.28 2.97 0 0 0 
obj 2568 -1432.73 744.19 0.12 0 0 -180 
obj 19313 -1490.18 680.13 9.45 0 0 0 
obj 19313 -1483.18 724.04 9.45 0 0 90 
obj 19313 -1490.24 730.76 9.45 0 0 0 
obj 19313 -1504.05 730.78 9.45 0 0 0 
obj 19313 -1510.93 723.72 9.45 0 0 90 
obj 19313 -1510.87 709.75 9.45 0 0 90 
obj 19313 -1503.85 679.97 9.45 0 0 0 
obj 19313 -1489.97 727.39 12.74 90 0 0 
obj 19313 -1503.87 727.42 12.74 90 0 0 
obj 19313 -1510.87 687.08 9.45 0 0 90 
obj 19313 -1483.19 687.15 9.45 0 0 90 
obj 19313 -1483.14 701.17 9.45 0 0 90 
obj 19465 -1483.2 716.12 8.88 0 0 0 
obj 19313 -1483.17 706.17 9.45 0 0 90 
obj 11470 -1503.9 727.53 17.77 0 0 90 
obj 3267 -1487.47 726.88 12.72 0 0 0 
obj 3267 -1492.69 727.12 12.72 0 0 0 
obj 3267 -1490.89 693.44 13.73 0 0 0 
obj 3267 -1500.17 684.8 6.18 0 0 0 
obj 3267 -1504.62 684.78 6.18 0 0 0 
obj 3794 -1502.2 686.49 6.69 0 0 0 
obj 3794 -1502.49 681.51 6.69 0 0 0 
obj 3794 -1507.38 681.43 6.69 0 0 0 
obj 3794 -1507.72 686.46 6.69 0 0 0 
obj 19425 -1510.66 701.76 6.18 0 0 90 
obj 19425 -1510.64 695.65 6.18 0 0 90 
obj 19425 -1510.65 698.79 6.18 0 0 90 
obj 3881 -1507.61 691.84 8.08 0 0 -90 
obj 2193 -1504.24 690.84 6.33 0 0 180 
obj 2193 -1505.98 692.35 6.33 0 0 0 
obj 19435 -1470.71 722.76 17.11 0 104 90 
obj 19435 -1472.32 722.65 17.15 0 104 90 
obj 2921 -1496.81 704.06 11.65 0 0 -47 
obj 2921 -1510.95 702.8 12.81 0 0 84 
obj 19454 -1505.15 730.81 7.93 0 0 90 
obj 19454 -1495.88 725.41 7.91 0 0 90 
obj 19454 -1510.72 725.94 7.93 0 0 0 
obj 19377 -1505.62 725.95 9.67 0 90 0 
obj 19454 -1505.89 730.78 7.93 0 0 90 
obj 19325 -1507.45 721.14 7.66 0 0 90 
obj 19388 -1501.94 721.22 7.93 0 0 90 
obj 19435 -1503.72 721.19 7.93 0 0 90 
obj 1799 -1502 727.12 6.18 0 0 0 
obj 2296 -1510.4 722.45 6.18 0 0 90 
obj 1709 -1509.72 724.67 6.19 0 0 0 
obj 2311 -1507.71 723.92 6.18 0 0 0 
obj 2311 -1507.7 723.02 6.18 0 0 0 
obj 2823 -1507.66 723.78 6.69 0 0 0 
obj 2823 -1506.72 723.77 6.69 0 0 0 
obj 2860 -1507.05 722.83 6.69 0 0 0 
obj 1661 -1504.02 726.87 9.32 0 0 0 
obj 2755 -1485 721.32 7.82 0 0 0 
obj 2002 -1510.05 730.05 6.18 0 0 0 
obj 2193 -1507.11 729.02 6.18 0 0 0 
obj 2356 -1506.21 728.72 6.18 0 0 0 
obj 19318 -1503.08 730.64 8.36 0 0 0 
obj 1842 -1504.04 729.39 6.49 0 0 0 
obj 2755 -1498.7 721.31 7.82 0 0 0 
obj 2755 -1495.74 721.31 7.82 0 0 0 
obj 2755 -1491.47 721.34 7.82 0 0 0 
obj 2755 -1488.26 721.31 7.82 0 0 0 
obj 16151 -1484.95 726.89 6.5 0 0 0 
obj 1491 -1484.86 723.24 4.59 0 0 0 
obj 16152 -1494.47 726.47 6.18 0 0 90 
obj 19435 -1491 729.76 7.94 0 0 0 
obj 19454 -1500.37 725.95 7.93 0 0 0 
obj 16152 -1496.81 729.78 6.18 0 0 -90 
obj 1709 -1498.76 723.9 6.18 0 0 0 
obj 2224 -1496.65 722.26 6.18 0 0 105 
obj 19435 -1491.07 726.64 7.92 0 0 0 
obj 19435 -1491 729.94 7.94 0 0 0 
obj 19435 -1491.07 726.14 7.92 0 0 0 
obj 19325 -1497.24 728.62 9.74 0 90 -90 
obj 19325 -1494.28 728.71 9.72 0 90 -90 
obj 19325 -1494.35 727.4 9.68 0 90 -90 
obj 19325 -1497.14 727.4 9.7 0 90 -90 
obj 1491 -1491.07 727.44 6.19 0 0 90 
obj 3884 -1507.82 691.55 9.72 0 0 0 
obj 2356 -1505.39 690.89 6.33 0 0 -156 
obj 1760 -1506.77 689.79 6.33 0 0 -176 
obj 1760 -1509.99 689.7 6.33 0 0 90 
obj 2356 -1509.17 692.75 6.33 0 0 0 
obj 11495 -1472.24 683.36 0 0 0 -90 
obj 3884 -1446.47 748.46 14.43 0 0 -18 
obj 3884 -1447.77 722.16 14.43 0 0 215 
