sell 10825 11.59 1488.75 12.64 84 0 0 
changeobj 1506 13.08 1489.39 11.73 0 0 -179 1502
changeobj 1506 10.04 1489.33 11.73 0 0 0 1502
changeobj 1506 36.07 1501.97 15.26 0 0 90 1502
obj 19448 38.75 1489.27 13.48 0 0 -90 
obj 19448 32.3 1489.28 13.48 0 0 -90 
obj 19448 19.44 1489.32 13.48 0 0 -90 
obj 19402 45.14 1489.31 13.48 0 0 91 
obj 19402 25.93 1489.29 13.48 0 0 91 
obj 19448 3.72 1489.35 13.48 0 0 -90 
obj 19402 -2.71 1489.32 13.48 0 0 91 
obj 19448 -9.13 1489.28 13.48 0 0 -90 
obj 19448 -13.53 1489.3 13.48 0 0 -90 
obj 19402 -19.91 1489.28 13.48 0 0 91 
obj 19448 -21.58 1493.98 13.48 0 0 0 
obj 19402 -21.57 1500.4 13.48 0 0 0 
obj 19448 -21.58 1506.79 13.48 0 0 0 
obj 19402 -21.55 1513.19 13.48 0 0 0 
obj 19448 -13.61 1514.92 13.48 0 0 -90 
obj 19402 -20.03 1514.87 13.48 0 0 91 
obj 19448 -9.63 1514.93 13.48 0 0 -90 
obj 19402 -3.22 1514.95 13.48 0 0 91 
obj 19448 2.84 1514.98 13.48 0 0 -90 
obj 19448 12.06 1514.96 13.48 0 0 -90 
obj 19448 19.7 1514.95 13.48 0 0 -90 
obj 19402 26.11 1514.99 13.48 0 0 91 
obj 19448 32.48 1514.98 13.48 0 0 -90 
obj 19448 40.39 1514.94 13.48 0 0 -90 
obj 19402 46.79 1514.95 13.48 0 0 91 
obj 19402 48.31 1513.31 13.48 0 0 0 
obj 19448 48.31 1506.93 13.48 0 0 0 
obj 19402 48.28 1500.53 13.48 0 0 0 
obj 1491 35.46 1491.73 11.72 0 0 -90 
obj 1502 48.32 1495.94 11.73 0 0 90 
obj 1502 48.27 1498.94 11.73 0 0 -90 
obj 14348 46.22 1489.21 12.31 0 0 0 
obj 19429 48.28 1495.16 13.48 0 0 0 
obj 19429 48.28 1493.57 13.48 0 0 0 
obj 19429 48.26 1491.99 13.48 0 0 0 
obj 19429 48.26 1490.42 13.48 0 0 0 
obj 19429 47.49 1489.35 13.48 0 0 91 
obj 19429 48.31 1490.09 13.48 0 0 0 
obj 19425 47.79 1497.42 11.74 0 0 89 
obj 19425 47.64 1492.61 11.74 0 0 89 
obj 19425 40.51 1492.63 11.74 0 0 89 
obj 19450 35.5 1497.33 13.48 0 0 0 
obj 19388 35.49 1490.94 13.48 0 0 0 
obj 19450 35.51 1510.21 13.48 0 0 0 
obj 19450 -12.36 1504.97 13.48 0 0 91 
obj 19450 40.37 1502.63 13.48 0 0 -91 
obj 19450 43.55 1502.58 13.48 0 0 -91 
obj 19388 35.53 1504.62 13.46 0 0 0 
obj 19450 35.5 1498.22 13.48 0 0 0 
obj 1491 35.49 1505.42 11.72 0 0 -90 
obj 2627 37.26 1513.39 11.74 0 0 -1 
obj 2627 40.09 1513.33 11.74 0 0 -1 
obj 2628 43.07 1513.31 11.74 0 0 -1 
obj 2628 46.21 1513.1 11.74 0 0 -1 
obj 2629 39.75 1503.75 11.74 0 0 -182 
obj 2629 43.32 1503.53 11.74 0 0 -181 
obj 2630 47.2 1509.45 11.74 0 0 -91 
obj 2630 47.35 1507.34 11.74 0 0 -91 
obj 2632 43.37 1508.28 11.74 0 0 -91 
obj 2631 39.89 1508.22 11.74 0 0 -91 
obj 1736 17.14 1489.67 14.76 0 0 178 
obj 14752 -3.17 1514.78 13.66 -1 -4 88 
obj 19450 5.32 1510 13.48 0 0 0 
obj 19450 -3.96 1505.22 13.48 0 0 -89 
obj 0 3.75 1505.25 13.46 0 0 91 
obj 19450 -7.49 1509.83 13.46 0 0 0 
obj 19450 -7.5 1510.04 13.48 0 0 0 
obj 2296 8.33 1514.61 11.74 0 0 -1 
obj 0 2.96 1505.23 11.72 0 0 0 
obj 1491 -19.56 1504.87 11.72 0 0 0 
obj 19388 -18.77 1504.88 13.46 0 0 91 
obj 1701 -5.83 1511.33 11.74 0 0 0 
obj 2200 -7.27 1513.05 11.75 0 0 90 
obj 2164 -7.28 1511.29 11.74 0 0 90 
obj 1985 42 1508.27 15.09 0 0 0 
obj 3525 8.04 1489.67 13.6 -16 0 0 
obj 3525 15.1 1489.43 13.6 -16 0 0 
obj 2002 4.66 1514.06 11.75 0 0 -91 
obj 2008 -4.47 1505.69 11.75 0 0 182 
obj 1671 -5.29 1506.81 12.21 0 0 0 
obj 2607 -3.01 1505.64 12.15 0 0 2 
obj 1828 2.82 1508.93 11.74 0 0 0 
obj 1828 2.88 1511.74 11.74 0 0 0 
obj 2229 -6.75 1505.14 11.74 0 0 -178 
obj 19421 -4.72 1505.82 12.58 0 0 215 
obj 19317 0.64 1505.05 14.03 0 24 0 
obj 19317 3.19 1505.18 14.03 0 -33 0 
obj 2219 -3.69 1505.37 12.6 -25 23 0 
obj 2841 10.68 1492.91 11.78 0 0 91 
obj 2841 10.51 1491.23 11.78 0 0 84 
obj 2841 13.96 1492.97 11.78 0 0 84 
obj 2841 14 1491.27 11.78 0 0 86 
obj 1209 13.29 1514.56 11.74 0 0 0 
obj 956 14.47 1514.46 12.14 0 0 0 
obj 19325 11.31 1489.9 18.64 90 0 -90 
obj 1701 -2.99 1511.37 11.74 0 0 0 
obj 2013 -16.87 1514.34 11.58 0 0 0 
obj 2130 -13.82 1514.3 11.74 0 0 0 
obj 15036 -9.08 1512.58 12.86 0 0 91 
obj 1828 -15.22 1509.2 11.74 0 0 273 
obj 2305 -20.93 1514.34 11.74 0 0 91 
obj 19466 -20.12 1514.86 13.48 0 0 -91 
obj 19466 -21.59 1512.97 13.48 0 0 -1 
obj 19466 -21.57 1500.43 13.48 0 0 0 
obj 19466 -19.95 1489.24 13.48 0 0 91 
obj 19466 -2.77 1489.31 13.48 0 0 91 
obj 0 -3.35 1514.97 13.48 0 0 -91 
obj 19466 26.06 1489.32 13.48 0 0 91 
obj 19466 26.22 1514.97 13.48 0 0 91 
obj 19466 46.82 1514.95 13.48 0 0 91 
obj 19466 48.27 1513.49 13.48 0 0 0 
obj 19466 48.26 1500.54 13.48 0 0 0 
obj 19466 45.17 1489.28 13.48 0 0 91 
obj 2267 -21.46 1509.35 14.3 0 0 91 
obj 14407 -6.25 1502.95 12.06 0 0 -90 
obj 19431 -20.78 1504.83 13.48 0 0 91 
obj 3813 1.89 1514.56 14.26 0 0 -91 
obj 19174 16.33 1514.87 14.46 0 0 0 
obj 19172 35.61 1497.33 14.14 0 0 90 
obj 1760 12.59 1505.55 11.74 0 0 181 
obj 1760 9.74 1505.52 11.74 0 0 180 
obj 2602 4.21 1514.12 15.82 0 0 0 
obj 2183 22.18 1496.97 15.22 0 0 87 
obj 2964 0 1503.23 18.78 0 0 -2 
obj 14399 19.24 1511.94 11.74 0 0 -181 
obj 2647 20.54 1510.27 13.27 0 0 0 
obj 2647 21.1 1510.22 13.27 0 0 0 
obj 14405 46.1 1484.44 12.38 0 0 0 
obj 14490 45.54 1508.01 14.12 0 0 91 
obj 19425 40.62 1497.39 11.74 0 0 89 
obj 1487 22.5 1510.08 13.29 0 0 0 
obj 1488 19.42 1514.77 13.91 0 0 0 
obj 1544 23.71 1509.79 13.11 0 0 0 
obj 1667 19.54 1510.14 13.3 0 0 0 
obj 16151 25.22 1490.45 12.12 0 0 -90 
obj 19129 25.55 1499.29 11.69 0 0 0 
obj 19129 -11.59 1499.17 11.69 0 0 0 
obj 19129 25.49 1504.98 11.69 0 0 0 
obj 19129 -11.66 1505 11.69 0 0 0 
obj 19462 40.29 1490.92 11.66 0 90 -90 
obj 19462 43.44 1491.05 11.66 0 90 -90 
obj 19462 43.38 1494.48 11.66 0 90 -90 
obj 19462 40.26 1494.42 11.66 0 90 -90 
obj 19462 43.54 1497.92 11.66 0 90 -90 
obj 19462 40.15 1497.85 11.66 0 90 -90 
obj 19462 43.51 1501.36 11.66 0 90 -90 
obj 19462 39.56 1501.32 11.66 0 90 -90 
obj 19462 43.52 1504.86 11.66 0 90 -90 
obj 19462 39.63 1504.79 11.66 0 90 -90 
obj 19462 43.56 1508.17 11.66 0 90 -90 
obj 19462 39.34 1508.27 11.66 0 90 -90 
obj 19462 43.48 1511.66 11.66 0 90 -90 
obj 19462 40.24 1511.66 11.66 0 90 -90 
obj 19462 43.39 1513.17 11.66 0 90 -90 
obj 19462 40.14 1513.26 11.66 0 90 -90 
obj 3813 -11.21 1514.43 14.3 0 0 -91 
obj 19454 -16.73 1491.1 15.22 0 -91 -90 
obj 19454 -16.79 1494.63 15.18 0 -91 -90 
obj 19454 -7.15 1494.62 15.18 0 -91 -90 
obj 19454 -3.12 1491.12 15.22 0 -91 -90 
obj 19454 2.44 1494.58 15.18 0 -91 -90 
obj 19454 6.5 1491.09 15.22 0 -91 -90 
obj 19454 16.14 1491.12 15.22 0 -91 -90 
obj 19454 12.07 1494.56 15.18 0 -91 -90 
obj 19454 21.68 1494.6 15.18 0 -91 -90 
obj 19454 25.76 1491.12 15.22 0 -91 -90 
obj 19454 31.31 1494.59 15.18 0 -91 -90 
obj 19454 35.4 1491.19 15.22 0 -91 -90 
obj 19454 40.95 1494.58 15.18 0 -91 -90 
obj 19454 43.57 1491.14 15.22 0 -91 -90 
obj 19454 43.57 1494.57 15.18 0 -91 -90 
obj 19454 -16.83 1498.11 15.14 0 -91 -90 
obj 19454 -7.19 1498.09 15.14 0 -91 -90 
obj 19454 2.38 1498.06 15.14 0 -91 -90 
obj 19454 11.99 1498.03 15.14 0 -91 -90 
obj 19454 21.59 1498.04 15.14 0 -91 -90 
obj 19454 31.2 1498.05 15.14 0 -91 -90 
obj 19454 40.86 1498.05 15.14 0 -91 -90 
obj 19454 43.52 1498.09 15.14 0 -91 -90 
obj 19454 -16.83 1501.58 15.12 0 -91 -90 
obj 19454 2.42 1501.55 15.12 0 -91 -90 
obj 19466 9.33 1491.03 16.24 0 0 -183 
obj 19466 9.33 1491.03 18.16 0 0 -183 
obj 19466 9.33 1491.03 20.08 0 0 -183 
obj 19466 9.33 1491.03 22 0 0 -183 
obj 19466 10.39 1489.91 22 0 0 -90 
obj 19466 9.33 1491.03 22 0 0 -183 
obj 19466 13.44 1490.99 16.24 0 0 -183 
obj 19466 13.44 1490.99 18.16 0 0 -183 
obj 19466 13.44 1490.99 20.08 0 0 -183 
obj 19466 13.44 1490.99 22 0 0 -183 
obj 19466 10.34 1491.05 22.98 0 -90 -182 
obj 19454 12.04 1501.52 15.12 0 -91 -90 
obj 19454 21.66 1501.54 15.12 0 -91 -90 
obj 19454 31.27 1501.5 15.12 0 -91 -90 
obj 19454 40.9 1501.53 15.12 0 -91 -90 
obj 19454 43.52 1501.53 15.12 0 -91 -90 
obj 19454 -16.67 1505.06 15.12 0 -91 -90 
obj 19454 -16.69 1508.56 15.12 0 -91 -90 
obj 19454 -16.62 1512.01 15.12 0 -91 -90 
obj 19454 -16.62 1513.09 15.12 0 -91 -90 
obj 19454 -6.98 1513.11 15.1 0 -91 -90 
obj 19454 -7.07 1509.97 15.12 0 -91 -90 
obj 19454 -7.07 1506.56 15.12 0 -91 -90 
obj 19454 2.64 1513.15 15.1 0 -91 -90 
obj 19454 2.5 1506.51 15.12 0 -91 -90 
obj 19454 2.49 1503.08 15.12 0 -91 -90 
obj 19454 2.53 1509.98 15.12 0 -91 -90 
obj 19454 12.13 1505 15.12 0 -91 -90 
obj 19454 12.14 1508.5 15.12 0 -91 -90 
obj 19454 12.14 1512 15.12 0 -91 -90 
obj 19454 12.19 1513.1 15.12 0 -91 -90 
obj 19454 21.76 1505.02 15.12 0 -91 -90 
obj 19454 21.72 1508.52 15.12 0 -91 -90 
obj 19454 21.74 1512.01 15.12 0 -91 -90 
obj 19454 21.83 1513.13 15.12 0 -91 -90 
obj 19454 31.36 1504.98 15.12 0 -91 -90 
obj 19454 41.02 1504.97 15.12 0 -91 -90 
obj 19454 43.43 1505.07 15.12 0 -91 -90 
obj 19454 31.35 1508.48 15.12 0 -91 -90 
obj 19454 40.99 1508.47 15.12 0 -91 -90 
obj 19454 43.45 1508.49 15.12 0 -91 -90 
obj 19454 31.25 1512 15.12 0 -91 -90 
obj 19454 31.28 1513.16 15.12 0 -91 -90 
obj 19454 40.88 1511.96 15.12 0 -91 -90 
obj 19454 43.43 1511.96 15.12 0 -91 -90 
obj 19454 43.42 1513.09 15.12 0 -91 -90 
obj 19454 40.64 1513.21 15.12 0 -91 -90 
obj 19450 17.74 1492.12 17 0 0 -91 
obj 1505 10.55 1492.21 15.27 0 0 -1 
obj 1491 1.29 1505.26 11.72 0 0 0 
obj 19388 11.3 1492.21 16.99 0 0 -91 
obj 19450 4.89 1492.33 16.98 0 0 -91 
obj 19450 -9.43 1500.51 16.98 0 0 0 
obj 19388 2.08 1505.28 13.48 0 0 90 
obj 19454 -12.77 1491.12 15.22 0 -91 -90 
obj 19454 -7.24 1499.23 15.14 0 -91 -90 
obj 19454 0.25 1503.68 15.12 0 -91 -90 
obj 19454 0.23 1502.05 15.12 0 -91 -90 
obj 19454 -14.23 1504.07 15.12 0 -91 -90 
obj 19454 -14.3 1501.71 15.12 0 -91 -90 
obj 19450 0.13 1509.97 16.98 0 0 0 
obj 19404 -1.44 1505.11 16.98 0 0 -91 
obj 19431 -8.71 1505.23 16.98 0 0 -91 
obj 19431 -7.01 1505.2 16.98 0 0 -91 
obj 19431 -5.41 1505.19 16.98 0 0 -91 
obj 19431 -3.82 1505.15 16.98 0 0 -91 
obj 19431 -7.17 1505.2 16.98 0 0 -91 
obj 19466 -3.05 1514.95 13.88 0 0 -90 
obj 19466 -1.36 1505.08 17.32 0 0 89 
obj 19450 7.39 1504.97 16.98 0 0 -91 
obj 19388 1.79 1505.04 16.99 0 0 -91 
obj 19450 4.86 1509.94 16.98 0 0 0 
obj 2604 9.65 1504.33 15.82 0 0 0 
obj 2604 13.38 1504.26 15.82 0 0 0 
obj 1714 13.03 1502.64 15.16 0 0 -178 
obj 1714 9.39 1502.66 15.16 0 0 -178 
obj 0 11.23 1502.69 15.16 0 0 -178 
obj 1714 14.63 1502.59 15.16 0 0 -178 
obj 19999 5 1492.42 17.09 0 0 0 
obj 1999 18.1 1492.76 15.28 0 0 178 
obj 1714 17.75 1494.14 15.26 0 0 4 
obj 2528 2.73 1514.13 15.2 0 0 0 
obj 2425 6.36 1504.82 16.99 0 0 -3 
obj 2527 1.73 1513.86 15.14 0 0 89 
obj 2526 0.71 1510.42 15.2 0 0 89 
obj 2523 4.27 1509.36 15.22 0 0 -92 
obj 0 1.04 1505.02 15.26 0 0 -2 
obj 19450 32.52 1496.57 17 0 0 -4 
obj 19431 33.71 1501.23 16.98 0 0 -94 
obj 19431 35.3 1501.15 16.98 0 0 -92 
obj 19388 36.02 1502.73 16.99 0 0 0 
obj 19450 16.87 1504.76 16.98 0 0 -91 
obj 19450 26.5 1504.59 16.98 0 0 -91 
obj 19450 31.29 1504.5 16.98 0 0 -91 
obj 16152 -20.01 1492.84 11.73 0 0 0 
obj 16152 -14.71 1492.85 11.73 0 0 0 
obj 2821 -20.89 1514.09 12.79 0 0 17 
obj 19404 24.15 1491.99 17 0 0 -91 
obj 19466 24.13 1492.02 17.32 0 0 89 
obj 19431 31.4 1491.88 17 0 0 -91 
obj 19431 29.82 1491.92 17 0 0 -91 
obj 19431 28.25 1491.95 17 0 0 -91 
obj 19431 26.69 1491.98 17 0 0 -91 
obj 19431 26.26 1491.99 17 0 0 -91 
obj 2647 5.98 1504.48 17.15 0 0 0 
obj 2647 6.26 1504.5 17.15 0 0 0 
obj 19463 31.24 1502.81 18.7 0 -90 -91 
obj 19463 27.84 1499.47 18.7 0 -90 -92 
obj 19463 27.66 1495.98 18.7 0 -90 -92 
obj 19463 27.45 1493.74 18.7 0 -90 -92 
obj 19404 -1.47 1492.44 16.98 0 0 -91 
obj 19466 -1.62 1492.41 17.32 0 0 89 
obj 19431 -3.87 1492.49 16.98 0 0 -91 
obj 19431 -5.46 1492.52 16.98 0 0 -91 
obj 19431 -7.06 1492.55 16.98 0 0 -91 
obj 19431 -8.66 1492.58 16.98 0 0 -91 
obj 19463 21.58 1502.98 18.7 0 -90 -91 
obj 19463 18.24 1499.6 18.7 0 -90 -91 
obj 19463 18.15 1496.13 18.7 0 -90 -91 
obj 19463 18.11 1493.97 18.7 0 -90 -91 
obj 19463 11.98 1503.16 18.7 0 -90 -91 
obj 19463 8.66 1499.75 18.7 0 -90 -91 
obj 19463 8.53 1496.27 18.7 0 -90 -91 
obj 19463 8.52 1494.01 18.7 0 -90 -91 
obj 19463 2.38 1503.3 18.7 0 -90 -91 
obj 19463 -0.95 1499.86 18.7 0 -90 -91 
obj 19463 -4.54 1503.36 18.7 0 -90 -91 
obj 19463 -1.02 1496.4 18.7 0 -90 -91 
obj 19463 -4.52 1499.99 18.7 0 -90 -91 
obj 19463 -4.55 1496.48 18.7 0 -90 -91 
obj 19463 -1.14 1494.22 18.7 0 -90 -91 
obj 19463 -4.55 1494.38 18.7 0 -90 -91 
obj 19444 0.93 1512.72 18.7 0 -90 -91 
obj 19129 6.62 1499.27 11.69 0 0 0 
obj 19129 6.84 1505 11.69 0 0 0 
obj 19431 4.47 1505.28 13.48 0 0 -90 
obj 19450 5.33 1510.15 13.48 0 0 0 
obj 19462 -4.56 1503.02 12.48 34 90 91 
obj 19450 4.96 1492.34 20.5 0 0 -91 
obj 19431 -3.87 1492.49 20.5 0 0 -91 
obj 19431 -5.46 1492.52 20.5 0 0 -91 
obj 19431 -7.06 1492.55 20.5 0 0 -91 
obj 19431 -8.66 1492.58 20.5 0 0 -91 
obj 19450 -9.54 1497.32 20.5 0 0 0 
obj 19431 -8.71 1505.23 20.5 0 0 -91 
obj 19431 -7.17 1505.2 20.5 0 0 -91 
obj 19431 -7.01 1505.2 20.5 0 0 -91 
obj 19431 -5.41 1505.19 20.5 0 0 -91 
obj 19431 -3.82 1505.15 20.5 0 0 -91 
obj 19450 4.87 1504.98 20.5 0 0 -91 
obj 19450 7.36 1504.95 20.5 0 0 -91 
obj 19450 16.87 1504.76 20.5 0 0 -91 
obj 19450 26.5 1504.59 20.5 0 0 -91 
obj 19450 -9.53 1500.51 20.5 0 0 0 
obj 19450 32.46 1499.58 20.5 0 0 -3 
obj 19450 27.99 1504.56 20.5 0 0 -91 
obj 19450 32.32 1496.71 20.5 0 0 -3 
obj 19457 27.29 1493.76 22.12 0 91 -91 
obj 19388 11.35 1492.23 20.5 0 0 -91 
obj 19450 17.74 1492.11 20.5 0 0 -91 
obj 1505 10.6 1492.21 18.7 0 0 -1 
obj 3528 4.7 1490.14 19.88 0 -21 -93 
obj 1824 -1.11 1495.98 19.28 0 0 -2 
obj 1714 -1.16 1497.78 18.76 0 0 0 
obj 1714 -1.38 1494.13 18.76 0 0 185 
obj 2325 -9.16 1502.12 19.56 0 0 91 
obj 2325 -9.16 1503.87 19.56 0 0 91 
obj 1978 6.72 1502.91 19.82 0 0 -1 
obj 2779 -8.83 1499.84 18.78 0 0 91 
obj 2779 -8.85 1498.36 18.78 0 0 91 
obj 2778 -8.82 1496.72 18.78 0 0 91 
obj 2778 -8.85 1494.99 18.78 0 0 91 
obj 1979 -1.29 1495.93 19.5 0 0 0 
obj 2785 14.29 1504.22 19.63 0 0 0 
obj 1837 21.95 1504.38 18.79 0 0 -1 
obj 19404 -1.48 1505.1 20.5 0 0 -91 
obj 19466 -1.36 1505.08 20.5 0 0 89 
obj 19404 -1.46 1492.45 20.5 0 0 -91 
obj 19466 -1.26 1492.44 20.5 0 0 89 
obj 19404 24.15 1492.01 20.5 0 0 -91 
obj 19466 24.13 1491.98 20.5 0 0 89 
obj 19431 31.3 1491.9 20.5 0 0 -91 
obj 19431 29.7 1491.93 20.5 0 0 -91 
obj 19431 28.12 1491.94 20.5 0 0 -91 
obj 19431 26.55 1491.98 20.5 0 0 -91 
obj 1947 6.62 1504.19 19.98 0 0 0 
obj 2326 32.26 1501.4 19.51 0 0 -92 
obj 1948 32.25 1501.52 19.53 0 0 -91 
obj 2327 32.26 1501.48 19.51 0 0 -92 
obj 2347 32.26 1501.59 19.51 0 0 -91 
obj 2188 6.15 1493.79 19.99 0 0 178 
obj 1714 5.06 1492.69 18.76 0 0 185 
obj 1714 5.48 1496.13 18.76 0 0 0 
obj 19457 17.66 1493.94 22.12 0 91 -91 
obj 19457 8.03 1494.13 22.12 0 91 -91 
obj 19457 -1.57 1494.29 22.12 0 91 -91 
obj 19457 -4.63 1494.3 22.08 0 91 -91 
obj 19457 27.47 1497.25 22.1 0 91 -91 
obj 19457 27.63 1500.72 22.16 0 91 -92 
obj 19457 27.71 1502.79 22.16 0 91 -92 
obj 19457 17.83 1497.44 22.1 0 91 -91 
obj 19457 8.23 1497.62 22.1 0 91 -91 
obj 19457 -1.38 1497.72 22.1 0 91 -91 
obj 19457 -4.66 1497.76 22.1 0 91 -91 
obj 19457 18.03 1500.93 22.16 0 91 -91 
obj 19457 8.41 1501.09 22.16 0 91 -91 
obj 19457 -1.23 1501.24 22.16 0 91 -91 
obj 19457 -4.6 1501.26 22.16 0 91 -91 
obj 19457 18.17 1502.99 22.16 0 91 -91 
obj 19457 8.53 1503.13 22.16 0 91 -91 
obj 19457 -1.09 1503.25 22.16 0 91 -91 
obj 19457 -4.67 1503.32 22.16 0 91 -91 
obj 2754 31.9 1498.83 19.65 0 0 -2 
obj 2754 31.71 1495.63 19.65 0 0 -2 
obj 3528 17.39 1489.89 19.88 0 -21 -93 
obj 1491 1.03 1504.99 15.24 0 0 0 
obj 2604 31.83 1493.98 16.02 0 0 -94 
obj 19174 -9.32 1503.02 17.68 0 0 91 
obj 19466 12.23 1489.94 22 0 0 -90 
obj 19466 12.26 1491 22.98 0 -90 -182 
obj 19466 12.44 1491.02 22.98 0 -90 -182 
obj 19444 0.88 1509.23 18.7 0 -90 -91 
obj 19444 0.82 1506.8 18.7 0 -90 -91 
obj 19444 2.44 1506.83 18.7 0 -90 -91 
obj 19444 2.5 1510.33 18.7 0 -90 -91 
obj 19444 2.52 1512.72 18.7 0 -90 -91 
obj 19444 4.09 1512.69 18.7 0 -90 -91 
obj 19444 4.06 1509.18 18.7 0 -90 -91 
obj 19444 4.01 1506.72 18.7 0 -90 -91 
obj 19429 13.85 1489.33 13.48 0 0 -90 
obj 19429 9.26 1489.33 13.48 0 0 -90 
obj 19431 -9.4 1493.35 16.98 0 0 -179 
obj 19431 -9.42 1494.93 16.98 0 0 -179 
obj 19431 1.03 1514.73 16.98 0 0 -91 
obj 19431 2.49 1514.69 16.98 0 0 -91 
obj 19431 3.98 1514.68 16.98 0 0 -91 
