sell 10825 -2902.26 190.62 4.51 84 360 274.82 
changeobj 1506 -2901.61 189.81 3.48 0 0 90.58 1502
obj 19448 -2894.86 187.58 5.45 0 0 2.63 
obj 19325 -2898.34 191.85 5.12 0 0 279.14 
obj 19325 -2897.74 180.44 5.07 0 0 273.58 
obj 19448 -2901.37 185.14 5.52 0 0 3.49 
obj 0 -2901.94 191.46 3.38 0 0 274.65 
obj 19448 -2896.5 187.4 7.23 0 90 2 
obj 19448 -2899.48 187.26 7.25 0 91 3.08 
obj 19443 -19446.92 -11487.25 4 4 113 -207 
obj 19443 -2901.33 189.78 6.55 89 1 0 
obj 2566 -2898.38 191.29 4.51 0 0 276.43 
obj 2566 -2897.94 187.62 4.55 0 0 276.53 
obj 2198 -2898.31 182.5 4 0 0 182.55 
obj 1671 -2899.03 183.76 4.51 0 0 358.53 
obj 19448 -2894.67 185.32 5.41 0 0 0 
obj 19448 -2897.37 181.69 7 0 -90 272.13 
obj 2296 -2900.36 183.45 7.41 0 0 92.3 
obj 2296 -2900.71 187.67 7.41 0 0 91.44 
obj 1726 -2896.11 185.51 7.41 0 0 271.33 
obj 1726 -2896.32 189.36 7.41 0 0 271.41 
obj 2746 -2897.96 181.25 7.72 0 0 272.01 
obj 2747 -2900 181.53 7.58 0 0 273.45 
obj 2747 -2895.92 181.89 7.81 0 0 92.1 
obj 14411 -2898.36 193.96 4.1 0 0 183.03 
obj 1808 -2894.89 182 4 0 0 269.25 
