changeobj 1506 2324.06 -836.07 124.8 0 0 90 1502
changeobj 1506 2300.49 -822.05 127.3 0 0 0 1502
changeobj 1506 2294.7 -825.28 133.1 0 0 0 1502
changeobj 1506 2311.3 -839.23 130.79 0 0 0 1502
obj 9241 2358.17 -836.46 127.45 0 0 90 
obj 19379 2349.3 -820.52 120.46 0 0 90 
obj 19379 2358.6 -820.53 120.46 0 0 90 
obj 19379 2367.88 -820.51 120.46 0 0 90 
obj 19379 2369.49 -820.53 120.46 0 0 90 
obj 19379 2374.22 -825.27 120.44 0 0 0 
obj 19379 2374.21 -834.64 120.44 0 0 0 
obj 19379 2374.19 -843.66 120.44 0 0 0 
obj 19379 2374.21 -847.62 120.44 0 0 0 
obj 19379 2369.32 -852.34 120.44 0 0 90 
obj 19379 2360.05 -852.36 120.44 0 0 90 
obj 19379 2350.87 -852.35 120.44 0 0 90 
obj 19379 2346.83 -852.34 120.44 0 0 90 
obj 19379 2342.14 -847.61 120.44 0 0 0 
obj 19379 2342.16 -838.06 120.44 0 0 0 
obj 19379 2342.17 -828.53 120.46 0 0 0 
obj 19379 2342.18 -825.52 120.46 0 0 0 
obj 19379 2318.93 -834.45 124.72 0 90 0 
obj 19379 2308.48 -834.45 124.72 0 90 0 
obj 19379 2297.99 -834.43 124.72 0 90 0 
obj 19379 2297.99 -824.83 127.21 0 90 0 
obj 19366 2324.07 -837.65 125.55 0 0 0 
obj 19366 2324.06 -835.18 129.04 0 0 0 
obj 19366 2324.07 -837.65 129.04 0 0 0 
obj 19325 2322.01 -834.57 124.8 90 0 90 
obj 19366 2322.54 -834.61 129.04 0 0 90 
obj 19439 2320.12 -834.41 126.03 0 -35 0 
obj 19439 2318.19 -834.42 128.77 0 -35 0 
obj 19377 2320.08 -836.39 130.82 0 90 0 
obj 19366 2319.42 -834.62 129.04 0 0 90 
obj 19366 2319.42 -834.62 125.59 0 0 90 
obj 19439 2316.27 -834.43 131.52 0 -35 0 
obj 19439 2314.42 -834.45 134.13 0 -35 0 
obj 19439 2315.85 -836 132.11 0 -35 0 
obj 19439 2315.84 -837.59 132.11 0 -35 0 
obj 19439 2315.83 -838.32 132.11 0 -35 0 
obj 19439 2314.4 -836.05 134.13 0 -35 0 
obj 19439 2314.39 -837.61 134.13 0 -35 0 
obj 19439 2314.41 -838.32 134.13 0 -35 0 
obj 19439 2319.43 -833.68 125.76 -35 0 90 
obj 19439 2317.5 -833.68 128.52 -35 0 90 
obj 19439 2315.5 -833.67 131.36 -35 0 90 
obj 19439 2313.83 -833.66 133.74 -35 0 90 
obj 19377 2311.61 -836.41 135.54 0 90 0 
obj 19439 2313.52 -831.9 134.67 90 0 0 
obj 19439 2311.84 -830.24 134.67 90 0 90 
obj 19439 2308.43 -830.23 134.67 90 0 90 
obj 19377 2302.02 -829.3 135.52 0 90 0 
obj 19439 2312.75 -831.91 133.95 0 90 90 
obj 19439 2311.82 -830.97 133.19 0 90 0 
obj 19439 2308.45 -830.97 133.18 0 90 0 
obj 19439 2306.76 -831.9 134.67 90 0 0 
obj 19439 2308.44 -832.57 133.93 0 90 0 
obj 19439 2308.44 -832.85 133.95 0 90 0 
obj 19439 2311.16 -831.91 133.95 0 90 90 
obj 19439 2310.34 -831.91 133.97 0 90 90 
obj 19379 2309.58 -836.39 130.7 0 90 0 
obj 19439 2314.5 -834.44 131.52 0 -35 0 
obj 19439 2312.67 -834.46 134.13 0 -35 0 
obj 19439 2314.08 -836 132.11 0 -35 0 
obj 19439 2312.65 -836 134.13 0 -35 0 
obj 19439 2314.09 -837.54 132.11 0 -35 0 
obj 19439 2312.66 -837.54 134.13 0 -35 0 
obj 19439 2314.08 -838.5 132.11 0 -35 0 
obj 19439 2315.48 -839.2 131.36 -35 0 90 
obj 19439 2312.67 -838.48 134.13 0 -35 0 
obj 19439 2313.83 -839.18 133.74 -35 0 90 
obj 19439 2311.87 -839.21 134.67 90 0 90 
obj 19439 2308.45 -833.58 134.67 90 0 90 
obj 19439 2311.66 -833.6 134.67 90 0 90 
obj 19439 2306.77 -830.24 134.67 90 0 0 
obj 19439 2305.08 -828.57 134.67 90 0 90 
obj 19439 2303.44 -826.9 134.67 90 0 0 
obj 19454 2309.92 -830.95 135.53 0 90 90 
obj 19439 2301.76 -825.23 134.67 90 0 90 
obj 19439 2299.41 -825.21 134.67 90 0 90 
obj 19366 2306.65 -830.25 133.97 0 90 90 
obj 19366 2308.17 -830.12 132.29 0 0 0 
obj 19366 2308.17 -830.12 128.81 0 0 0 
obj 19366 2308.17 -830.12 125.33 0 0 0 
obj 19379 2303.95 -829.42 124.7 0 90 0 
obj 19366 2306.64 -828.6 132.29 0 0 90 
obj 19366 2306.64 -828.6 128.81 0 0 90 
obj 19366 2306.64 -828.6 125.33 0 0 90 
obj 19366 2305.13 -830.14 132.29 0 0 0 
obj 19366 2305.13 -830.15 125.33 0 0 0 
obj 19366 2305.13 -830.15 128.81 0 0 0 
obj 19366 2306.66 -831.66 125.33 0 0 90 
obj 19366 2306.66 -831.66 128.81 0 0 90 
obj 19325 2315.98 -833.6 125.23 0 0 90 
obj 19325 2311.4 -833.6 124.59 0 0 90 
obj 19366 2308.15 -832.01 125.52 0 0 0 
obj 19366 2313.97 -833.61 128.96 0 0 90 
obj 19366 2313.97 -833.61 125.47 0 0 90 
obj 19439 2316.06 -833.64 128.07 90 0 90 
obj 19439 2315.06 -833.69 129.42 90 0 90 
obj 19366 2316.18 -835.4 127.27 0 90 90 
obj 19366 2317.72 -835.38 128.96 0 0 0 
obj 19366 2316.19 -837.52 127.29 0 90 90 
obj 19366 2317.71 -837.67 128.96 0 0 0 
obj 19366 2314.65 -837.67 128.96 0 0 0 
obj 19366 2314.64 -835.35 128.96 0 0 0 
obj 19366 2316.21 -839.19 128.96 0 0 90 
obj 19462 2309.83 -835.36 127.22 0 90 90 
obj 19462 2309.82 -837.49 127.24 0 90 90 
obj 19325 2311.4 -833.6 128.71 0 0 90 
obj 19366 2308.15 -832.01 129.02 0 0 0 
obj 19458 2310.01 -831.66 132.34 0 0 90 
obj 19366 2314.77 -833.18 132.38 0 0 0 
obj 19439 2314.04 -833.33 134.04 0 90 90 
obj 19325 2305.14 -827.93 125.23 0 0 0 
obj 19379 2299.11 -836.39 130.7 0 90 0 
obj 19379 2299.94 -826.79 130.7 0 90 0 
obj 19366 2305.11 -826.93 129.02 0 0 0 
obj 19366 2305.12 -826.18 129.02 0 0 0 
obj 19366 2303.58 -824.66 125.44 0 0 90 
obj 19366 2303.58 -824.66 128.93 0 0 90 
obj 19379 2297.97 -824.83 124.69 0 90 0 
obj 19366 2304.17 -822.96 125.81 0 -35 0 
obj 19366 2304.18 -821.62 125.81 0 -35 0 
obj 19366 2302.93 -820.09 124.96 -35 0 90 
obj 19366 2301.59 -820.06 125.53 0 0 90 
obj 19325 2298.33 -820.03 125.22 0 0 90 
obj 19366 2294.35 -820.1 125.53 0 0 90 
obj 19366 2300.09 -821.62 125.44 0 0 0 
obj 19366 2300.07 -823.14 125.44 0 0 0 
obj 19366 2301.58 -824.68 125.44 0 0 90 
obj 19439 2313.5 -831.92 133.95 90 0 0 
obj 19439 2311.84 -830.26 133.91 90 0 90 
obj 19439 2308.43 -830.25 133.91 90 0 90 
obj 19439 2305.09 -828.58 133.91 90 0 90 
obj 19439 2303.42 -826.92 133.91 90 0 0 
obj 19439 2301.76 -825.25 133.92 90 0 90 
obj 19439 2298.39 -825.26 133.92 90 0 90 
obj 19366 2318.29 -833.67 129.04 0 0 90 
obj 19439 2318.32 -833.7 129.82 90 0 90 
obj 19366 2322.53 -833.67 129.04 0 0 90 
obj 19366 2321.09 -833.66 129.04 0 0 90 
obj 19439 2322.39 -834.4 127.61 0 90 0 
obj 19439 2320.68 -834.41 127.63 0 90 0 
obj 19439 2320.1 -835.36 126.03 0 -35 0 
obj 19439 2318.17 -835.35 128.77 0 -35 0 
obj 19325 2305.17 -827.96 131.1 0 0 0 
obj 19379 2299.94 -826.79 133.11 0 90 0 
obj 19366 2305.13 -823.58 131.42 0 0 0 
obj 19366 2305.13 -823.58 127.95 0 0 0 
obj 19366 2305.13 -823.58 124.48 0 0 0 
obj 19366 2303.61 -822.07 124.46 0 0 90 
obj 19366 2303.61 -822.07 127.95 0 0 90 
obj 19366 2302.05 -823.58 128.92 0 0 0 
obj 19458 2300.39 -822.06 131.44 0 0 90 
obj 19377 2299.94 -826.79 135.56 0 90 0 
obj 19439 2317.85 -834.4 126.03 0 0 0 
obj 19439 2318.58 -833.66 125 0 0 90 
obj 970 2303.19 -822.09 127.83 0 0 90 
obj 970 2301.1 -820.03 127.83 0 0 0 
obj 970 2296.96 -820.04 127.83 0 0 0 
obj 970 2294.87 -820.05 127.83 0 0 0 
obj 19439 2297.9 -825.25 133.92 90 0 90 
obj 19439 2297.91 -825.2 134.67 90 0 90 
obj 19462 2304.37 -823 124.68 0 90 90 
obj 19462 2304.39 -821.77 124.66 0 90 90 
obj 19366 2298.99 -822.08 129.01 0 0 90 
obj 19366 2295.86 -822.07 129.01 0 0 90 
obj 19366 2294.34 -822.06 129.01 0 0 90 
obj 19458 2297.52 -822.04 131.44 0 0 90 
obj 19378 2292.78 -824.84 119.86 0 0 0 
obj 19378 2292.7 -834.52 119.86 0 0 0 
obj 19379 2297.96 -826.76 133.13 0 90 0 
obj 19378 2292.78 -824.84 130.33 0 0 0 
obj 19377 2297.85 -824.79 135.54 0 90 0 
obj 19378 2292.69 -834.51 130.33 0 0 0 
obj 19377 2297.84 -834.41 135.54 0 90 0 
obj 19377 2297.81 -836.44 135.5 0 90 0 
obj 19378 2324.1 -834.51 119.55 0 0 0 
obj 19458 2310.02 -840.31 129.22 0 -30 90 
obj 19458 2310 -840.01 128.7 0 -30 90 
obj 19366 2314.77 -840.7 128.96 0 0 0 
obj 19366 2314.77 -840.7 121.98 0 0 0 
obj 19366 2314.77 -840.7 125.49 0 0 0 
obj 19458 2300.51 -840.32 129.22 0 -30 90 
obj 19458 2298.67 -840.34 129.22 0 -30 90 
obj 19458 2300.51 -839.46 126 0 0 90 
obj 19458 2298.65 -839.45 126 0 0 90 
obj 19378 2298 -834.7 124.7 0 90 0 
obj 19378 2308.48 -834.67 124.7 0 90 0 
obj 19378 2318.94 -834.67 124.7 0 90 0 
obj 19325 2296.04 -839.44 125.27 0 0 90 
obj 19458 2300.51 -839.46 122.52 0 0 90 
obj 19458 2298.65 -839.45 122.52 0 0 90 
obj 19366 2294.27 -839.44 123.01 0 0 90 
obj 19366 2292.75 -837.93 123.02 0 0 0 
obj 19325 2308.01 -839.33 125.27 0 0 90 
obj 19366 2292.75 -837.93 126.5 0 0 0 
obj 19439 2293.92 -840.2 129.01 0 0 0 
obj 19439 2293.92 -840.2 125.51 0 0 0 
obj 19439 2293.92 -840.2 122.01 0 0 0 
obj 19458 2312.92 -839.41 122.5 90 0 90 
obj 19458 2308.18 -839.14 122.91 0 0 90 
obj 19458 2308.16 -839.26 122.91 0 0 90 
obj 19458 2308.15 -839.43 122.91 0 0 90 
obj 19439 2293.47 -839.42 129.01 0 0 90 
obj 19378 2319.36 -839.35 125.54 0 0 90 
obj 19378 2309.58 -836.37 130.68 0 90 0 
obj 19378 2299.09 -836.37 130.64 0 90 0 
obj 19378 2299.92 -826.79 130.64 0 90 0 
obj 19458 2309.8 -837.49 127.18 0 90 90 
obj 19458 2309.81 -835.34 127.16 0 90 90 
obj 19439 2293.47 -839.42 132.51 0 0 90 
obj 19439 2293.45 -839.44 133.74 0 0 90 
obj 19439 2293.92 -840.2 132.48 0 0 0 
obj 19439 2293.9 -840.2 133.72 0 0 0 
obj 19439 2293.71 -823.63 132.03 0 90 90 
obj 19439 2293.55 -825.26 133.74 0 0 90 
obj 3498 2292.85 -829.64 131.09 0 0 0 
obj 3498 2292.85 -829.64 122.08 0 0 0 
obj 1472 2303.97 -825.91 126.88 0 0 0 
obj 1472 2303.98 -826.89 126.08 0 0 0 
obj 1472 2303.97 -827.99 125.29 0 0 0 
obj 1472 2303.97 -829.28 124.54 0 0 0 
obj 3498 2303.56 -827.02 121.17 0 0 0 
obj 3498 2303.54 -825.94 121.97 0 0 0 
obj 3498 2304.77 -829.43 125.01 0 55 90 
obj 2002 2304.49 -825.24 127.3 0 0 -90 
obj 3498 2302.89 -829.34 122.77 0 0 0 
obj 19379 2297.94 -834.58 130.72 0 90 0 
obj 19378 2297.94 -834.56 130.66 0 90 0 
obj 19366 2294.3 -823.2 125.53 0 0 90 
obj 19366 2295.83 -821.68 125.53 0 0 0 
obj 3498 2292.88 -828.14 122.77 0 0 0 
obj 19378 2298.01 -824.85 127.15 0 90 0 
obj 8615 2304.09 -835.02 125.6 0 0 -90 
obj 19439 2293.58 -832.72 131.92 0 44 90 
obj 19325 2308.01 -839.26 132.82 0 0 90 
obj 19439 2313.58 -839.16 132.49 0 0 90 
obj 19439 2314.94 -839.18 131.36 -35 0 90 
obj 19439 2311.87 -839.23 134.04 90 0 90 
obj 19325 2300.11 -839.24 132.82 0 0 90 
obj 19439 2304.14 -839.24 132.49 0 0 90 
obj 19439 2295.31 -839.25 131.55 90 0 90 
obj 2002 2293.32 -838.74 130.81 0 0 153.18 
obj 19439 2295.31 -839.25 133.15 90 0 90 
obj 19439 2295.31 -839.25 134.74 90 0 90 
obj 19439 2298.7 -839.25 134.74 90 0 90 
obj 19439 2301.98 -839.24 134.74 90 0 90 
obj 19439 2305.28 -839.25 134.74 90 0 90 
obj 19439 2308.57 -839.25 134.74 90 0 90 
obj 19439 2310.5 -839.24 132.49 0 0 90 
obj 19325 2304.88 -836 135.52 0 90 0 
obj 3499 2292.11 -826.76 130.96 0 35 -90 
obj 3499 2292.1 -821.37 123.26 0 35 -90 
obj 646 2323.9 -829.75 126.06 0 0 0 
obj 646 2315.93 -829.71 126.06 0 0 0 
obj 646 2309.97 -829.69 126.06 0 0 0 
obj 646 2308.9 -824.77 126.06 0 0 0 
obj 646 2308.86 -820.09 126.06 0 0 0 
obj 19379 2329.32 -834.5 123.82 0 -80 0 
obj 646 2332.53 -839.04 124.53 0 0 45.06 
obj 19439 2323.23 -836.85 127.59 0 90 90 
obj 19439 2322.34 -838.51 127.61 0 90 0 
obj 19439 2321.62 -836.88 127.59 0 90 90 
obj 19439 2318.85 -838.52 127.61 0 90 0 
obj 19439 2319.09 -836.93 127.61 0 90 0 
obj 2526 2322.32 -838.78 127.7 0 0 0 
obj 2528 2323.04 -835.18 127.7 0 0 0 
obj 2523 2323.51 -836.27 127.7 0 0 -90 
obj 2305 2318.21 -838.73 127.7 0 0 180 
obj 1893 2320.83 -836.81 130.73 0 0 0 
obj 2305 2323.54 -838.78 124.81 0 0 -90 
obj 1742 2318.44 -834.74 124.81 0 0 0 
obj 14455 2316.18 -839.1 125.29 0 0 0 
obj 2305 2307.55 -832.19 124.81 0 0 0 
obj 15039 2311.07 -836.56 127.19 0 0 180 
obj 1742 2307.9 -836.78 127.33 0 0 -90 
obj 1742 2307.89 -838.2 127.33 0 0 -90 
obj 970 2307.09 -833.62 127.74 0 0 0 
obj 970 2305.04 -835.7 127.74 0 0 90 
obj 2305 2314.05 -834.24 127.31 0 0 0 
obj 1893 2309.45 -836.26 130.59 0 0 0 
obj 14535 2298.81 -835.24 126.8 0 0 0 
obj 19366 2295.87 -837.79 125.98 0 0 0 
obj 19366 2295.85 -837.33 126 0 0 0 
obj 19366 2301.65 -837.39 126 0 0 0 
obj 19366 2301.66 -837.95 125.98 0 0 0 
obj 1742 2302.71 -839.51 124.81 0 0 180 
obj 19439 2298.75 -836.54 128.76 0 90 90 
obj 19439 2298.75 -838.3 128.78 0 90 90 
obj 1712 2295.26 -836.58 124.81 0 0 -90.24 
obj 14455 2292.86 -833.6 126.45 0 0 -90 
obj 2002 2295.1 -838.82 124.81 0 0 242.16 
obj 2164 2292.78 -832.01 126.13 0 0 90 
obj 19378 2296.53 -829.59 125.4 0 0 90 
obj 1491 2301.28 -829.52 124.79 0 0 0 
obj 3499 2292.25 -829.51 129.39 0 0 -90 
obj 19366 2302.8 -827.7 125.39 0 0 0 
obj 19366 2302.79 -826.3 125.39 0 0 0 
obj 14867 2296.79 -828.96 125.53 0 0 0 
obj 2305 2302.23 -825.33 124.45 0 0 0 
obj 14446 2294.79 -825.85 125.03 0 0 90 
obj 1712 2299.03 -823.43 124.62 0 0 180 
obj 2311 2297.46 -821.62 124.76 0 0 0 
obj 1742 2295.78 -822.73 124.75 0 0 90 
obj 1742 2295.8 -821.3 124.75 0 0 90 
obj 2167 2300.6 -824.78 125.37 0 0 0 
obj 2140 2295.4 -823.59 124.02 0 0 0 
obj 2311 2299.06 -826.64 124.76 0 0 90 
obj 1786 2299.22 -825.78 125.26 0 0 -90 
obj 2231 2299.33 -826.98 125.26 0 0 -90 
obj 2231 2299.21 -825.25 125.26 0 0 -90 
obj 2828 2298.88 -825.87 125.98 0 0 76.32 
obj 2028 2298.02 -825.6 124.78 0 0 -90 
obj 19318 2293.08 -827.21 126.41 0 35 90 
obj 2558 2293.42 -826.11 125.69 0 0 90 
obj 2021 2298.49 -824.27 124.78 0 0 -90 
obj 2167 2299.98 -821.74 125.52 0 0 -90 
obj 2817 2297.44 -826.2 124.78 0 0 90 
obj 2852 2299.02 -825.55 124.83 0 0 0 
obj 2853 2299.09 -826.36 124.83 0 0 0 
obj 2854 2297.74 -821.62 124.83 0 0 0 
obj 2855 2298.4 -821.71 124.83 0 0 0 
obj 2852 2298.87 -821.65 124.83 0 0 66.18 
obj 1670 2298.13 -821.63 125.28 0 0 0 
obj 3813 2302.28 -826.8 126.27 0 0 180 
obj 3813 2304.56 -830.71 128.89 0 0 180 
obj 2165 2313.46 -834.12 124.81 0 0 0 
obj 1671 2314.04 -835.03 125.22 0 0 180.72 
obj 1742 2317.89 -834.23 124.81 0 0 -90 
obj 14455 2311.86 -839.13 125.29 0 0 0 
obj 3813 2299.75 -830.08 128.89 0 0 -90 
obj 14455 2298.02 -829.77 126.38 0 0 180 
obj 1742 2299.73 -829.55 124.81 0 0 0 
obj 2297 2298.13 -829.35 127.3 0 0 134.9 
obj 2230 2295.84 -829.53 127.3 0 0 180 
obj 2230 2298.36 -829.48 127.3 0 0 180 
obj 2167 2300.55 -829.5 128.74 0 0 180 
obj 2167 2299.63 -829.48 128.74 0 0 180 
obj 2167 2295.38 -829.49 128.74 0 0 180 
obj 1710 2296.11 -824.37 127.3 0 0 0 
obj 1712 2295.05 -827.18 127.3 0 0 90 
obj 2311 2297.21 -826.64 127.3 0 0 0 
obj 3813 2301.56 -823.93 129.68 0 0 180 
obj 19439 2293.78 -828.32 129.72 0 -55 90 
obj 19439 2293.79 -825.45 128.08 0 -65 90 
obj 1742 2294.56 -824.53 127.3 0 0 90 
obj 19439 2293.77 -831.44 130.74 0 90 90 
obj 19378 2292.96 -824.84 130.33 0 0 0 
obj 19366 2294.61 -828.21 129.04 0 0 0 
obj 19366 2294.61 -825.06 129.04 0 0 0 
obj 2164 2294.72 -828.09 128.72 0 0 90 
obj 1893 2298.79 -826.4 130.55 0 0 0 
obj 970 2305.15 -824.1 133.74 0 0 90 
obj 970 2305.14 -826.2 133.74 0 0 90 
obj 970 2303.09 -822.03 133.74 0 0 0 
obj 970 2298.96 -822.02 133.74 0 0 0 
obj 970 2294.84 -822 133.74 0 0 0 
obj 19454 2305.76 -839.47 135.53 0 90 90 
obj 14780 2310.8 -834.96 131.49 0 0 0 
obj 2627 2302.62 -836.38 130.8 0 0 180 
obj 2627 2300.14 -836.43 130.8 0 0 180 
obj 2627 2297.41 -836.36 130.8 0 0 180 
obj 2628 2295.5 -838.24 130.8 0 0 180 
obj 2628 2304.11 -838.21 130.8 0 0 180 
obj 2628 2305.47 -832.64 130.8 0 0 0 
obj 2629 2302.04 -832.57 130.8 0 0 0 
obj 2629 2298.63 -832.51 130.8 0 0 0 
obj 2630 2302.77 -829.81 130.8 0 0 90 
obj 2630 2302.93 -827.29 130.8 0 0 90 
obj 2630 2302.75 -824.37 130.8 0 0 90 
obj 2632 2300.29 -826.54 130.8 0 0 90 
obj 2632 2300.36 -831.74 130.8 0 0 90 
obj 1893 2297.44 -835.72 135.41 0 0 0 
obj 1893 2307.94 -835.66 135.45 0 0 0 
obj 3813 2293.2 -836.16 133.99 0 0 0 
obj 19366 2294.6 -823.52 132.52 0 0 0 
obj 19439 2293.71 -822.04 133.74 0 0 90 
obj 19366 2294.48 -823.56 133.76 0 0 0 
obj 19366 2294.6 -826.49 132.53 0 0 0 
obj 19366 2294.64 -828.11 132.5 0 0 0 
obj 19439 2293.99 -825.28 133.7 0 0 90 
obj 2230 2306.19 -829.36 134.06 0 0 -65.88 
obj 2230 2306.35 -830.18 134.06 0 0 -65.88 
obj 2230 2306.28 -831.03 134.06 0 0 -65.88 
obj 2230 2306.2 -831.85 134.06 0 0 -65.88 
obj 19366 2294.61 -826.83 133.77 0 0 0 
obj 19366 2294.63 -828.23 133.77 0 0 0 
obj 19439 2293.88 -829.73 134.8 0 0 90 
obj 1742 2293.65 -829.69 133.22 0 0 0 
obj 1742 2296.79 -825.21 133.22 0 0 0 
obj 1742 2298.22 -825.21 133.22 0 0 0 
obj 1742 2299.64 -825.32 133.22 0 0 0 
obj 1742 2302.37 -825.33 133.22 0 0 0 
obj 1742 2300.99 -825.3 133.22 0 0 0 
obj 2319 2302.89 -828.14 133.18 0 0 90 
obj 2251 2302.92 -827.38 134.52 0 0 0 
obj 2762 2298.94 -828.55 133.61 0 0 90 
obj 2762 2297.88 -828.54 133.61 0 0 90 
obj 2762 2300 -828.55 133.61 0 0 90 
obj 970 2302.98 -831.57 133.73 0 0 0 
obj 970 2298.82 -831.59 133.73 0 0 0 
obj 970 2296.72 -831.58 133.73 0 0 0 
obj 1735 2301.84 -828.54 133.22 0 0 -90 
obj 1735 2300.15 -826.18 133.22 0 0 0 
obj 1735 2299.04 -826.2 133.22 0 0 0 
obj 1735 2297.69 -826.18 133.22 0 0 0 
obj 1735 2295.82 -828.4 133.22 0 0 90 
obj 1735 2297.86 -830.83 133.22 0 0 180 
obj 1735 2298.97 -830.88 133.22 0 0 180 
obj 1735 2299.94 -830.92 133.22 0 0 180 
obj 2002 2303.62 -829.14 133.2 0 0 0 
obj 1709 2296.44 -828.75 130.79 0 0 74.16 
obj 11665 2296.09 -833.43 131.5 0 0 0 
obj 2257 2294.77 -827.66 134.36 0 0 90 
obj 19172 2292.77 -833.74 133.39 0 0 90 
obj 19174 2292.78 -836.78 132.33 0 0 90 
obj 970 2295.99 -841.17 131.31 0 0 0 
obj 970 2300.14 -841.15 131.31 0 0 0 
obj 970 2304.28 -841.14 131.31 0 0 0 
obj 970 2308.44 -841.15 131.31 0 0 0 
obj 970 2312.6 -841.14 131.31 0 0 0 
obj 970 2316.77 -841.13 131.31 0 0 0 
obj 970 2320.91 -841.13 131.31 0 0 0 
obj 970 2323.11 -841.15 131.31 0 0 0 
obj 970 2325.15 -839.06 131.31 0 0 90 
obj 970 2325.16 -834.94 131.31 0 0 90 
obj 970 2325.18 -833.72 131.31 0 0 90 
obj 970 2323.14 -831.68 131.31 0 0 0 
obj 970 2318.99 -831.66 131.31 0 0 0 
obj 970 2316.88 -831.66 131.31 0 0 0 
obj 1713 2319.32 -837.04 130.9 0 0 90 
obj 1713 2323.76 -835.61 130.9 0 0 -90 
obj 1713 2320.8 -833.93 130.9 0 0 0 
obj 1713 2322.34 -838.69 130.9 0 0 180 
obj 1693 2297.96 -823.6 137.19 0 0 0 
obj 1693 2311.21 -836.33 137.19 0 0 0 
obj 1690 2300.27 -833.81 136.32 0 0 -31.56 
obj 1697 2297.02 -837.5 137.27 0 0 157.8 
obj 1688 2299.77 -829.77 136.64 0 0 157.8 
obj 1688 2295.22 -830.87 136.64 0 0 91.8 
obj 1688 2293.72 -828.72 136.64 0 0 270.36 
obj 1893 2300.29 -834.7 130.59 0 0 0 
obj 1893 2294.97 -834.11 130.59 0 0 0 
obj 2254 2296.1 -822.22 129.43 0 0 0 
obj 2256 2298.76 -822.2 129.43 0 0 0 
obj 2370 2321.26 -836.55 130.85 0 0 0 
obj 2139 2294.43 -823.62 124.69 0 0 0 
obj 2139 2293.48 -823.61 124.71 0 0 0 
obj 10 2329.97 -831.97 125.34 90 0 90 
