sell 10825 2810.4 2742.32 10.77 90 0 290 
changeobj 1506 2812.02 2742 9.81 0 0 110 1502
obj 3816 2841.16 2744.4 18.36 0 0 290 
obj 19465 2811.76 2742.73 12.33 0 0 20 
obj 19129 2850.66 2772.18 9.78 0 0 20 
obj 19129 2857.69 2753.6 9.78 0 0 20 
obj 19129 2864.52 2734.92 9.78 0 0 20 
obj 19129 2838.9 2746.82 9.78 0 0 20 
obj 19129 2831.88 2765.43 9.78 0 0 20 
obj 19129 2816.58 2759.79 9.78 0 0 20 
obj 19129 2823.46 2741.19 9.78 0 0 20 
obj 19129 2830.26 2722.4 9.78 0 0 20 
obj 19129 2846.73 2728.44 9.78 0 0 20 
obj 2296 2819.02 2758.35 9.79 0 0 20 
obj 2296 2814.08 2756.63 9.79 0 0 20 
obj 2296 2824.34 2760.35 9.79 0 0 20 
obj 2299 2827.9 2755.62 9.79 0 0 200 
obj 2299 2822.69 2753.62 9.79 0 0 200 
obj 2299 2817.49 2751.75 9.79 0 0 200 
obj 19462 2818.36 2748.11 11.49 0 0 110 
obj 19462 2826.95 2751.27 11.49 0 0 110 
obj 19462 2829.76 2757.38 11.49 0 0 20 
obj 1761 2826.76 2751.83 9.79 0 0 200 
obj 1761 2828.7 2758.78 9.79 0 0 290 
obj 1761 2821.67 2749.91 9.79 0 0 200 
obj 19462 2823.64 2760.38 11.49 0 0 110 
obj 19462 2816.07 2757.6 11.49 0 0 110 
obj 1502 2811.05 2745.39 9.81 0 0 20 
obj 19474 2819.06 2753.95 9.79 0 0 20 
obj 1761 2816.19 2747.87 9.79 0 0 200 
obj 19474 2813.54 2752.06 9.79 0 0 20 
obj 19474 2824.32 2755.96 9.79 0 0 20 
obj 19462 2833.21 2758.83 11.49 0 0 20 
obj 19462 2830.91 2765.05 11.49 0 0 20 
obj 19462 2835.99 2751.21 11.49 0 0 20 
obj 19462 2817.91 2741.56 11.49 0 0 110 
obj 19462 2826.72 2744.77 11.49 0 0 110 
obj 19462 2829.03 2745.63 11.49 0 0 110 
obj 19462 2835.1 2742.82 11.49 0 0 20 
obj 19462 2839.19 2742.43 11.49 0 0 20 
obj 19462 2836.36 2736.32 11.49 0 0 110 
obj 19462 2832.19 2736.78 11.49 0 0 110 
obj 1829 2832.77 2746.38 10.35 0 0 290 
obj 1829 2833.04 2745.56 10.35 0 0 290 
obj 1829 2833.38 2744.74 10.35 0 0 290 
obj 1829 2833.66 2743.93 10.35 0 0 290 
obj 1829 2833.95 2743.12 10.35 0 0 290 
obj 1829 2834.24 2742.3 10.35 0 0 290 
obj 1829 2834.55 2741.48 10.35 0 0 290 
obj 1829 2834.85 2740.63 10.35 0 0 290 
obj 1829 2835.16 2739.83 10.35 0 0 290 
obj 1829 2835.48 2739.03 10.35 0 0 290 
obj 1829 2831.72 2745.64 10.35 0 0 20 
obj 1829 2830.82 2745.34 10.35 0 0 20 
obj 1829 2829.92 2745.01 10.35 0 0 20 
obj 1829 2829 2744.68 10.35 0 0 20 
obj 1829 2828.15 2744.33 10.35 0 0 20 
obj 1829 2827.24 2743.96 10.35 0 0 20 
obj 1829 2826.33 2743.66 10.35 0 0 20 
obj 1829 2834.39 2738.48 10.35 0 0 200 
obj 1829 2833.5 2738.14 10.35 0 0 200 
obj 1829 2832.48 2737.72 10.35 0 0 200 
obj 1829 2831.62 2737.44 10.35 0 0 200 
obj 1829 2830.74 2737.14 10.35 0 0 200 
obj 1829 2829.84 2736.83 10.35 0 0 200 
obj 1829 2828.96 2736.53 10.35 0 0 200 
obj 19462 2826.62 2737.99 11.49 0 0 20 
obj 19462 2833.54 2730.24 11.49 0 0 20 
obj 19462 2828.02 2731.44 11.49 0 0 110 
obj 19462 2821.89 2734.29 11.49 0 0 20 
obj 19428 2822.66 2729.45 11.49 0 0 110 
obj 19428 2818.47 2727.88 11.49 0 0 110 
obj 19428 2819.73 2728.34 11.49 0 0 110 
obj 1502 2820.46 2728.59 9.99 0 0 20 
obj 19462 2824.82 2767.87 11.49 0 0 110 
obj 19462 2816.16 2764.81 11.49 0 0 110 
obj 19462 2810.2 2762.67 11.49 0 0 110 
obj 1999 2819.03 2729.49 9.81 0 0 200 
obj 1999 2818.34 2731.47 9.81 0 0 200 
obj 1999 2817.65 2733.31 9.81 0 0 200 
obj 1999 2816.92 2735.1 9.81 0 0 200 
obj 1999 2816.21 2736.98 9.81 0 0 200 
obj 1806 2815.2 2737.55 9.81 0 0 200 
obj 1806 2815.9 2735.63 9.81 0 0 200 
obj 1806 2816.48 2733.91 9.81 0 0 200 
obj 1806 2817.18 2732 9.81 0 0 200 
obj 1806 2817.87 2730.05 9.81 0 0 200 
obj 19462 2823.2 2726.49 11.49 0 0 110 
obj 19443 2827.97 2727.47 11.49 0 0 20 
obj 19462 2823.77 2725.13 11.49 0 0 110 
obj 19462 2837.37 2719.84 11.49 0 0 20 
obj 1502 2835.76 2724.29 9.99 0 0 110 
obj 19462 2837.68 2719.06 11.49 0 0 20 
obj 2298 2832.48 2721.61 9.79 0 0 290 
obj 2298 2833.83 2717.7 9.79 0 0 290 
obj 2296 2824.05 2711.47 9.79 0 0 110 
obj 2296 2822.67 2715.69 9.79 0 0 110 
obj 2290 2830.87 2718.92 9.69 0 0 290 
obj 2292 2830.54 2719.89 9.69 0 0 290 
obj 2290 2827.72 2718.81 9.69 0 0 20 
obj 2292 2826.83 2718.49 9.69 0 0 20 
obj 2290 2827.81 2715.73 9.69 0 0 110 
obj 2292 2828.15 2714.85 9.69 0 0 110 
obj 2290 2830.9 2715.86 9.69 0 0 200 
obj 2292 2831.85 2716.15 9.69 0 0 200 
obj 19462 2840.32 2725.82 11.49 0 0 110 
obj 2002 2827.27 2725.91 9.69 0 0 20 
obj 2001 2820.15 2728.11 9.69 0 0 20 
obj 2001 2822.5 2728.86 9.69 0 0 20 
obj 1998 2825.02 2723.88 9.69 0 0 20 
obj 2001 2822.39 2729.79 9.69 0 0 20 
obj 2001 2819.91 2729.01 9.69 0 0 20 
obj 2001 2813.71 2744.92 9.69 0 0 20 
obj 2001 2814.77 2741.8 9.69 0 0 20 
obj 1806 2825.8 2724.29 9.81 0 0 20 
obj 19462 2839.62 2727.45 11.49 0 0 110 
obj 19462 2842.44 2733.56 11.49 0 0 200 
obj 19462 2846.36 2722.98 11.49 0 0 200 
obj 19462 2846.51 2722.59 11.49 0 0 200 
obj 2841 2839.5 2721.93 9.85 0 0 20 
obj 2841 2841.02 2722.5 9.85 0 0 20 
obj 2841 2841.48 2721.21 9.85 0 0 20 
obj 2841 2839.94 2720.64 9.85 0 0 20 
obj 2841 2836.95 2728.77 9.85 0 0 20 
obj 2841 2838.42 2729.32 9.85 0 0 20 
obj 2841 2836.49 2730.08 9.85 0 0 20 
obj 2841 2838.01 2730.58 9.85 0 0 20 
obj 2841 2829.06 2716.81 9.85 0 0 20 
obj 2627 2846.92 2732.16 9.81 0 0 110 
obj 2627 2845.85 2735.13 9.81 0 0 110 
obj 2627 2848.89 2726.96 9.81 0 0 110 
obj 2627 2849.83 2724.24 9.83 0 0 110 
obj 19462 2868.12 2729.92 11.49 0 0 200 
obj 19462 2864.89 2738.76 11.49 0 0 200 
obj 19462 2861.67 2747.63 11.49 0 0 200 
obj 19462 2858.73 2755.83 11.49 0 0 200 
obj 19462 2854.9 2766.25 11.49 0 0 200 
obj 19462 2851.9 2774.52 11.49 0 0 200 
obj 19462 2842.39 2774.23 11.49 0 0 110 
obj 19462 2833.61 2771.02 11.49 0 0 110 
obj 19462 2850.91 2777.35 11.49 0 0 110 
obj 19462 2854.23 2778.57 11.49 0 0 110 
obj 19462 2852.07 2760.99 11.49 0 0 110 
obj 19462 2839.23 2756.39 11.49 0 0 110 
obj 19462 2841.66 2757.3 11.49 0 0 110 
obj 1502 2846.17 2758.94 9.99 0 0 20 
obj 2627 2844.96 2737.53 9.81 0 0 110 
obj 2627 2850.79 2721.6 9.83 0 0 110 
obj 19443 2838.35 2761.65 11.49 0 0 20 
obj 19462 2836.44 2766.91 11.49 0 0 20 
obj 18887 2851.14 2728.49 10.87 0 0 110 
obj 18887 2849.8 2732.22 10.87 0 0 110 
obj 19443 2838.91 2760.16 11.49 0 0 20 
obj 19443 2839.37 2758.89 11.49 0 0 20 
obj 14480 2833.9 2768.86 10.37 0 0 20 
obj 2522 2830.55 2767.84 9.81 0 0 110 
obj 2529 2833.41 2759.85 9.81 0 0 110 
obj 2527 2832.7 2764.78 9.81 0 0 110 
obj 2526 2836.7 2762.31 9.81 0 0 110 
obj 2524 2838.49 2756.73 9.81 0 0 200 
obj 2524 2836.16 2755.84 9.81 0 0 200 
obj 1502 2857.09 2760.32 9.99 0 0 110 
obj 8615 2856.36 2765.9 12.65 0 0 110 
obj 2296 2858.38 2755.77 9.79 0 0 290 
obj 2296 2859.55 2752.35 9.79 0 0 290 
obj 2296 2860.78 2749 9.79 0 0 290 
obj 2029 2860.53 2729.31 9.85 0 0 20 
obj 2029 2858.69 2728.63 9.85 0 0 20 
obj 2029 2858.36 2729.51 9.85 0 0 20 
obj 2029 2860.2 2730.2 9.85 0 0 20 
obj 2029 2859.85 2731.14 9.85 0 0 20 
obj 2029 2858.01 2730.44 9.85 0 0 20 
obj 2029 2857.68 2731.37 9.85 0 0 20 
obj 2029 2859.49 2732.05 9.85 0 0 20 
obj 2029 2859.16 2732.95 9.85 0 0 20 
obj 2029 2857.3 2732.29 9.85 0 0 20 
obj 2029 2856.99 2733.14 9.85 0 0 20 
obj 2029 2858.84 2733.82 9.85 0 0 20 
obj 2029 2858.51 2734.71 9.85 0 0 20 
obj 2029 2856.67 2733.99 9.85 0 0 20 
obj 2029 2856.35 2734.91 9.85 0 0 20 
obj 2029 2858.19 2735.59 9.85 0 0 20 
obj 2029 2857.84 2736.5 9.85 0 0 20 
obj 2029 2856.04 2735.84 9.85 0 0 20 
obj 2029 2855.72 2736.71 9.85 0 0 20 
obj 2029 2857.52 2737.35 9.85 0 0 20 
obj 2029 2855.4 2737.6 9.85 0 0 20 
obj 2029 2857.18 2738.27 9.85 0 0 20 
obj 2029 2856.83 2739.16 9.85 0 0 20 
obj 2029 2855.08 2738.46 9.85 0 0 20 
obj 2200 2835.5 2754.7 9.81 0 0 20 
obj 2200 2837.59 2755.46 9.81 0 0 20 
obj 2200 2839.68 2756.22 9.81 0 0 20 
obj 2375 2838.7 2744.01 9.71 0 0 110 
obj 2305 2850.54 2776.55 9.69 0 0 20 
obj 2138 2849.57 2776.2 9.69 0 0 20 
obj 2138 2848.65 2775.9 9.69 0 0 20 
obj 2138 2847.73 2775.58 9.69 0 0 20 
obj 2138 2846.79 2775.2 9.69 0 0 20 
obj 2138 2845.83 2774.86 9.69 0 0 20 
obj 2138 2844.89 2774.5 9.69 0 0 20 
obj 2138 2843.97 2774.16 9.69 0 0 20 
obj 2138 2843.02 2773.83 9.69 0 0 20 
obj 2138 2842.12 2773.52 9.69 0 0 20 
obj 2138 2841.16 2773.18 9.69 0 0 20 
obj 2138 2840.21 2772.84 9.69 0 0 20 
obj 2138 2839.29 2772.52 9.69 0 0 20 
obj 2138 2838.37 2772.19 9.69 0 0 20 
obj 2138 2837.45 2771.84 9.69 0 0 20 
obj 2305 2835.63 2771.11 9.69 0 0 110 
obj 2138 2836.53 2771.45 9.69 0 0 20 
obj 14384 2851.7 2764.68 11.37 0 0 290 
obj 2138 2850.96 2775.71 9.69 0 0 290 
obj 2138 2851.26 2774.76 9.69 0 0 290 
obj 2138 2851.58 2773.85 9.69 0 0 290 
obj 2138 2851.88 2772.9 9.69 0 0 290 
obj 2138 2852.19 2771.98 9.69 0 0 290 
obj 2138 2852.52 2771.05 9.69 0 0 290 
obj 2138 2852.91 2770.15 9.69 0 0 290 
obj 2138 2851.52 2769.22 9.69 0 0 200 
obj 2138 2852.38 2769.51 9.69 0 0 200 
obj 2566 2842.89 2740.28 9.99 0 0 110 
obj 2124 2859.14 2739.67 10.65 0 0 20 
obj 2124 2859.64 2738.46 10.65 0 0 20 
obj 2124 2860.13 2737.25 10.65 0 0 20 
obj 2124 2860.56 2736.03 10.65 0 0 20 
obj 2124 2860.92 2734.83 10.65 0 0 20 
obj 2124 2861.46 2733.57 10.65 0 0 20 
obj 2124 2861.92 2732.35 10.65 0 0 20 
obj 2124 2856.62 2740.65 10.65 0 0 110 
obj 2124 2855.11 2740.01 10.65 0 0 110 
obj 2124 2854.08 2737.74 10.65 0 0 200 
obj 2124 2854.52 2736.51 10.65 0 0 200 
obj 2124 2854.92 2735.34 10.65 0 0 200 
obj 2124 2855.38 2734.14 10.65 0 0 200 
obj 2124 2855.8 2732.91 10.65 0 0 200 
obj 2124 2856.29 2731.76 10.65 0 0 200 
obj 2124 2856.66 2730.62 10.65 0 0 200 
obj 2124 2857.06 2729.43 10.65 0 0 200 
obj 2124 2857.51 2728.2 10.65 0 0 200 
obj 2124 2862.29 2731.34 10.65 0 0 20 
obj 2124 2862.78 2730.17 10.65 0 0 20 
obj 2124 2861.3 2727.82 10.65 0 0 290 
obj 2124 2859.83 2727.17 10.65 0 0 290 
obj 2566 2839.53 2749.14 9.99 0 0 110 
obj 2124 2838.02 2770.37 10.67 0 0 290 
obj 2124 2853.26 2765.37 10.67 0 0 200 
obj 2124 2842.84 2771.86 10.67 0 0 290 
obj 2124 2850.75 2771.62 10.67 0 0 200 
obj 2124 2847.16 2773.72 10.67 0 0 290 
obj 2124 2852.17 2767.44 10.67 0 0 290 
obj 2118 2846.69 2769.19 9.81 0 0 290 
obj 2118 2843.68 2768.25 9.81 0 0 290 
obj 2118 2840.29 2767.12 9.81 0 0 290 
obj 11665 2852.35 2757.54 10.33 0 0 110 
obj 11665 2846.63 2748.42 10.33 0 0 20 
obj 2290 2852.67 2752.15 9.69 0 0 110 
obj 2290 2854.01 2748.39 9.69 0 0 110 
obj 2290 2855.45 2744.65 9.69 0 0 110 
obj 2375 2842.53 2757.46 9.71 0 0 20 
obj 19325 2812.07 2742.55 16.91 0 0 20 
obj 1360 2817.28 2742.86 9.79 0 0 110 
obj 1360 2815.99 2746.1 9.79 0 0 110 
obj 1360 2819.18 2747.28 9.79 0 0 110 
obj 1360 2820.36 2744.05 9.79 0 0 110 
obj 1360 2822.46 2748.46 9.79 0 0 110 
obj 1360 2823.65 2745.27 9.79 0 0 110 
obj 1360 2826.92 2746.46 9.79 0 0 110 
obj 1360 2825.73 2749.62 9.79 0 0 110 
obj 1360 2829.97 2747.55 9.79 0 0 110 
obj 1360 2828.73 2750.8 9.79 0 0 110 
obj 19378 2812.3 2758.4 13.44 0 90 20 
obj 19378 2822.12 2761.95 13.44 0 90 20 
obj 19378 2822.12 2761.95 13.44 0 90 20 
obj 19378 2831.95 2765.54 13.44 0 90 20 
obj 19378 2831.95 2765.54 13.44 0 90 20 
obj 19378 2841.78 2769.12 13.44 0 90 20 
obj 19378 2851.64 2772.7 13.44 0 90 20 
obj 19378 2850.9 2762.14 13.44 0 90 20 
obj 19378 2845.1 2760.19 13.44 0 90 20 
obj 19378 2835.3 2756.63 13.44 0 90 20 
obj 19378 2825.51 2753.08 13.44 0 90 20 
obj 19378 2815.68 2749.45 13.44 0 90 20 
obj 1502 2811.05 2745.39 9.81 0 0 20 
obj 1502 2813.87 2746.48 9.81 0 0 200 
obj 19325 2814.28 2736.09 16.89 0 0 20 
obj 19325 2816.59 2729.86 16.91 0 0 20 
obj 19325 2817.68 2726.89 16.91 0 0 20 
obj 19378 2857.32 2754.31 13.44 0 90 20 
obj 19378 2848.38 2751.17 13.44 0 90 20 
obj 19378 2838.6 2747.57 13.44 0 90 20 
obj 19378 2838.6 2747.57 13.44 0 90 20 
obj 19378 2828.91 2744.07 13.44 0 90 20 
obj 19378 2819.14 2740.47 13.44 0 90 20 
obj 19378 2815.21 2749.29 13.44 0 90 20 
obj 19378 2818.31 2740.23 13.44 0 90 20 
obj 19378 2821.61 2731.26 13.44 0 90 20 
obj 19378 2824.91 2722.39 13.44 0 90 20 
obj 19378 2827.48 2715.4 13.44 0 90 20 
obj 19378 2831.34 2734.79 13.44 0 90 20 
obj 19378 2834.7 2725.8 13.44 0 90 20 
obj 19378 2837.17 2718.97 13.44 0 90 20 
obj 19378 2841.04 2738.34 13.44 0 90 20 
obj 19378 2844.42 2729.34 13.44 0 90 20 
obj 19378 2846.86 2722.52 13.44 0 90 20 
obj 19378 2856.66 2726.09 13.44 0 90 20 
obj 19378 2853.35 2735.06 13.44 0 90 20 
obj 19378 2850.37 2743.23 13.44 0 90 20 
obj 19378 2860.49 2745.6 13.44 0 90 20 
obj 19378 2863.71 2736.67 13.44 0 90 20 
obj 19378 2866.28 2729.63 13.44 0 90 20 
obj 19325 2811.93 2742.55 18.19 0 0 20 
obj 19325 2814.28 2736.22 18.19 0 0 20 
obj 19325 2816.34 2730.56 18.19 0 0 20 
obj 19325 2817.58 2726.89 18.19 0 0 20 
obj 19325 2814.23 2736.34 16.89 0 0 20 
obj 19464 2813.79 2737.17 12.35 0 0 19.86 
obj 19464 2815.8 2731.63 12.35 0 0 19.86 
obj 19464 2817.61 2726.7 12.35 0 0 19.86 
obj 19325 2814.18 2736.43 18.19 0 0 20 
