sell 10825 175.44 -1894.66 1.25 89 1 178 
changeobj 1506 188.38 -1895.44 0.17 0 0 179 1502
changeobj 1506 185.38 -1895.44 0.16 0 0 0 1502
changeobj 1506 175.47 -1895.5 0.28 0 0 360 1502
changeobj 1506 167.3 -1904.87 3.55 0 0 90 1502
changeobj 1506 175.85 -1920.06 0.06 0 0 0 1502
changeobj 1506 168.23 -1914.45 3.36 0 0 0 1502
changeobj 1506 175.49 -1895.49 0.28 0 0 178 1502
obj 19451 188.41 -1900.17 1.92 0 0 0 
obj 19452 186.56 -1900.02 0.3 -1 -90 0 
obj 19452 179.59 -1900.12 0.3 -1 -90 0 
obj 19452 176.1 -1900.09 0.3 -1 -90 0 
obj 19452 183.07 -1900.15 0.3 -1 -90 0 
obj 19452 172.62 -1900.05 0.3 -1 -90 0 
obj 19451 188.41 -1909.8 1.92 0 0 0 
obj 19452 186.56 -1909.64 0.47 -1 -90 0 
obj 19452 183.09 -1909.67 0.47 -1 -90 0 
obj 19452 179.61 -1909.7 0.47 -1 -90 0 
obj 19452 176.14 -1909.67 0.47 -1 -90 0 
obj 19452 172.67 -1909.64 0.47 -1 -90 0 
obj 19452 169.17 -1909.63 0.47 -1 -90 0 
obj 19451 167.47 -1906.54 1.65 0 0 0 
obj 19432 167.34 -1912.16 1.8 0 0 0 
obj 19432 167.34 -1913.74 1.83 0 0 0 
obj 19325 170.67 -1895.32 1.22 0 0 89 
obj 19451 172.15 -1914.57 1.71 0 0 -90 
obj 19325 185.06 -1914.47 1.6 0 0 -90 
obj 19432 177.77 -1914.55 1.73 0 0 90 
obj 19405 180.19 -1914.45 1.91 0 0 91 
obj 19466 180.32 -1914.56 2.19 0 0 90 
obj 19432 178.18 -1895.35 1.93 0 0 90 
obj 19451 183.85 -1900.25 1.86 0 0 0 
obj 19432 179.75 -1895.36 1.92 0 0 90 
obj 19432 181.36 -1895.36 1.94 0 0 90 
obj 19432 182.96 -1895.34 1.9 0 0 90 
obj 19432 184.58 -1895.35 1.85 0 0 90 
obj 19432 177.73 -1895.37 1.86 0 0 90 
obj 19425 186.26 -1900.23 0.4 0 0 0 
obj 19425 185.99 -1907.01 0.49 0 0 0 
obj 19425 186.08 -1912.58 0.56 0 0 0 
obj 19452 186.55 -1890.4 0.11 -1 -90 0 
obj 19452 175.18 -1891.32 0.16 -1 -90 0 
obj 19432 168.33 -1910.04 1.6 0 0 90 
obj 19432 169.19 -1910.03 1.6 0 0 90 
obj 19432 170.79 -1910.05 1.6 0 0 90 
obj 1502 173.12 -1910.12 0.53 0 0 -89 
obj 19432 172.41 -1910.06 1.52 0 0 90 
obj 19432 173.21 -1914.02 1.68 0 0 1 
obj 2522 169.31 -1913.87 0.61 0 0 180 
obj 2523 173.48 -1913.87 0.69 0 0 180 
obj 2525 171.23 -1913.95 0.69 0 0 180 
obj 2522 168.15 -1912.24 0.61 0 0 90 
obj 1432 169.44 -1897.37 0.55 0 0 0 
obj 1432 172.83 -1897.23 0.55 0 0 0 
obj 1723 175.09 -1903.67 0.5 0 0 -91 
obj 1724 174.55 -1907.23 0.5 0 0 -107 
obj 1724 174.25 -1901.19 0.5 0 0 -63 
obj 1827 172.07 -1904.74 0.52 0 0 0 
obj 1828 172.32 -1904.84 0.48 0 0 0 
obj 2296 168.24 -1904.95 -12014.19 0 0 90 
obj 2296 168.5 -1905.66 0.52 0 0 89 
obj 2254 167.48 -1907.71 2.55 0 0 89 
obj 2254 167.58 -1902.48 2.54 0 0 89 
obj 2229 168.18 -1906.28 0.6 0 0 90 
obj 2229 168.39 -1902.48 0.6 0 0 90 
obj 16151 182.49 -1900.69 0.8 0 0 0 
obj 14416 179.64 -1911.34 0.44 0 0 180 
obj 2251 172.04 -1904.71 1.81 0 0 0 
obj 19304 176.78 -1889.85 0.86 0 0 90 
obj 19304 176.8 -1893.35 0.87 1 1 90 
obj 19304 173.48 -1893.37 0.87 1 1 90 
obj 19304 173.42 -1889.85 0.82 1 1 90 
obj 19304 184.9 -1889.97 0.82 0 0 90 
obj 19304 184.95 -1893.46 0.88 0 0 90 
obj 19304 188.25 -1890.13 0.82 0 0 90 
obj 19304 188.28 -1893.59 0.88 0 0 90 
obj 19452 186.5 -1909.7 3.57 0 -91 0 
obj 19304 181.01 -1910.46 4.17 0 0 89 
obj 1488 169.94 -1883.23 -33.47 0 0 0 
obj 0 168.24 -1914.56 3.34 0 0 0 
obj 19451 188.39 -1909.85 5.25 0 0 0 
obj 19452 183 -1909.69 3.53 0 -91 0 
obj 19452 172.69 -1909.7 3.37 0 -91 0 
obj 19451 188.38 -1900.21 5.25 0 0 0 
obj 19452 176.08 -1900.26 3.44 0 -91 0 
obj 19452 172.62 -1900.38 3.37 0 -91 0 
obj 19452 183.08 -1900.19 3.53 0 -91 0 
obj 19452 186.55 -1900.21 3.59 0 -91 0 
obj 19304 181.03 -1906.89 4.21 0 0 89 
obj 19304 177.59 -1910.31 4.26 0 0 89 
obj 19304 177.58 -1906.82 4.26 0 0 89 
obj 19304 179.47 -1905.07 4.26 0 0 1 
obj 19452 176.12 -1909.71 3.43 0 -91 0 
obj 19452 169.14 -1900.27 3.31 0 -91 0 
obj 0 170.63 -1895.3 -11.04 0 0 -90 
obj 19432 168.21 -1903.13 5.18 0 0 90 
obj 19432 169.81 -1903.12 5.18 0 0 90 
obj 19432 171.41 -1903.12 5.18 0 0 90 
obj 19432 173.01 -1903.11 5.18 0 0 90 
obj 1502 177.1 -1898.44 3.53 0 0 90 
obj 19432 177.11 -1900.85 5.18 0 0 0 
obj 19432 177.11 -1902.45 5.18 0 0 0 
obj 19432 174.61 -1903.11 5.18 0 0 90 
obj 19432 176.21 -1903.12 5.18 0 0 90 
obj 19432 177.13 -1899.24 5.18 0 0 0 
obj 19432 177.13 -1896.1 5.18 0 0 0 
obj 19432 167.32 -1902.5 5.18 0 0 0 
obj 19432 174.76 -1895.39 5.12 0 0 90 
obj 19432 176.37 -1895.39 5.13 0 0 90 
obj 19432 176.42 -1899.9 5.18 0 0 90 
obj 19432 174.81 -1899.93 5.18 0 0 90 
obj 19432 173.93 -1902.22 5.18 0 0 0 
obj 1491 173.94 -1901.44 3.34 0 0 90 
obj 2522 176.51 -1902.5 3.46 0 0 -180 
obj 2523 174.52 -1902.23 3.57 0 0 -271 
obj 2514 176.45 -1900.42 3.51 0 0 -89 
obj 1617 167.2 -1902.56 6 0 0 0 
obj 1620 167.43 -1902.4 6 0 0 -180 
obj 2566 168.3 -1898.61 4.01 0 0 0 
obj 2312 169.74 -1902.8 5.62 0 0 180 
obj 2312 168.22 -1902.75 5.62 0 0 180 
obj 2312 171.4 -1902.77 5.62 0 0 180 
obj 2100 171.79 -1902.6 3.43 0 0 -182 
obj 0 174.83 -1895.19 3.45 0 0 0 
obj 2161 174.57 -1895.73 3.6 0 0 0 
obj 2161 176.12 -1895.71 3.6 0 0 0 
obj 2181 168.95 -1902.27 3.38 0 0 -181 
obj 1810 168.64 -1901.73 3.38 0 0 0 
obj 19451 167.33 -1909.74 5.2 0 0 0 
obj 19389 167.34 -1904.13 5.25 0 0 0 
obj 19389 169.02 -1914.41 5.02 0 0 90 
obj 13011 173.3 -1915.21 0.06 0 0 90 
obj 19451 181.98 -1895.3 5.2 0 0 -90 
obj 19432 187.59 -1895.3 5.19 0 0 90 
obj 19452 179.58 -1900.16 3.49 0 -91 0 
obj 19452 165.76 -1906.57 3.25 0 -91 0 
obj 19304 164.04 -1908.64 3.89 0 0 90 
obj 19304 165.44 -1901.81 3.93 0 -1 1 
obj 19304 165.46 -1910.93 3.89 0 -1 1 
obj 1360 164.77 -1909.37 3.98 0 0 0 
obj 1360 166.44 -1909.34 3.98 0 0 0 
obj 635 166.98 -1907.92 6.25 0 -78 0 
obj 635 167.06 -1904.97 6.25 0 -78 0 
obj 635 166.9 -1910.95 6.25 0 -78 0 
obj 1360 166.49 -1906.15 3.98 0 0 0 
obj 1360 164.99 -1906.26 3.98 0 0 0 
obj 19452 177.67 -1916.23 0.16 0 -91 91 
obj 19452 177.75 -1919.64 0.11 0 -91 91 
obj 3811 180.71 -1915 0.75 0 0 -90 
obj 3811 177.52 -1915.02 0.75 0 0 -90 
obj 19452 177.79 -1923.11 0.06 0 -91 91 
obj 19325 179.37 -1924.68 1.54 0 0 -89 
obj 19432 176.06 -1924 1.71 0 0 2 
obj 19432 175.97 -1922.4 1.7 0 0 2 
obj 19432 175.93 -1920.85 1.72 0 0 2 
obj 19432 178.19 -1919.98 1.73 0 0 90 
obj 19432 178.69 -1920 1.73 0 0 90 
obj 19432 180.26 -1919.98 1.73 0 0 90 
obj 19432 181.83 -1919.98 1.73 0 0 90 
obj 19432 182.67 -1923.85 1.71 0 0 2 
obj 19432 182.6 -1922.27 1.71 0 0 2 
obj 19432 182.52 -1920.69 1.71 0 0 2 
obj 19304 172.97 -1917.84 0.9 0 0 91 
obj 19304 173 -1921.3 0.9 0 0 91 
obj 19304 173.08 -1924.79 0.9 0 0 91 
obj 1432 180.69 -1921.45 0 0 0 0 
obj 19304 182.4 -1916.25 0.9 0 0 91 
obj 19304 182.46 -1918.04 0.9 0 0 91 
obj 1432 177.89 -1921.79 0 0 0 0 
obj 1728 178.43 -1923.13 0 0 0 0 
obj 19451 175.42 -1914.48 5.07 0 0 -90 
obj 19325 185.16 -1914.56 5.14 0 0 -90 
obj 19432 181.04 -1914.47 5.09 0 0 90 
obj 19432 181.14 -1923.83 3.54 0 90 2 
obj 1827 185.65 -1908.66 3.64 0 0 0 
obj 1828 185.67 -1908.79 3.64 0 0 88 
obj 2296 186.42 -1913.6 3.73 0 0 179 
obj 2229 187.51 -1913.83 3.7 0 0 176 
obj 2229 182.82 -1913.92 3.7 0 0 176 
obj 2628 176.18 -1910.83 3.54 0 0 0 
obj 2628 176.18 -1908.9 3.58 0 0 0 
obj 2628 174.52 -1908.66 3.52 0 0 0 
obj 2628 174.12 -1910.51 3.51 0 0 0 
obj 2630 172.13 -1910.06 3.57 0 0 0 
obj 2630 169.84 -1910.01 3.57 0 0 0 
obj 2630 172.15 -1907.49 3.57 0 0 0 
obj 2630 169.6 -1907.48 3.57 0 0 0 
obj 19432 187.41 -1903.16 5.19 0 0 90 
obj 19432 185.8 -1903.17 5.19 0 0 90 
obj 19432 182.6 -1903.13 5.19 0 0 90 
obj 19432 184.19 -1903.14 5.19 0 0 90 
obj 19432 181.73 -1902.39 5.18 0 0 0 
obj 19432 181.75 -1900.8 5.18 0 0 0 
obj 19432 181.73 -1896.26 5.18 0 0 0 
obj 19432 181.72 -1897.8 5.18 0 0 0 
obj 15036 186.01 -1901.51 4.79 0 0 0 
obj 1432 186.64 -1899.66 3.79 0 0 0 
obj 1432 183.63 -1897.48 3.75 0 0 0 
obj 1808 183.39 -1902.66 3.71 0 0 180 
obj 1808 182.26 -1902.63 3.61 0 0 180 
obj 1432 186.57 -1897.04 3.78 0 0 0 
obj 19452 169.18 -1900.07 0.3 -1 -90 0 
obj 19432 177.69 -1923.94 3.54 0 90 2 
obj 19432 177.6 -1922.35 3.54 0 90 2 
obj 19432 181.09 -1922.21 3.54 0 90 2 
obj 19432 181.02 -1920.71 3.54 0 90 2 
obj 19432 177.57 -1920.73 3.54 0 90 2 
obj 19304 164.06 -1905.14 3.89 0 0 90 
obj 19304 164.06 -1903.62 3.89 0 0 90 
obj 19325 183.9 -1908.35 1.4 0 0 -179 
obj 19389 184 -1912.83 1.86 0 0 0 
obj 19452 169.22 -1909.76 3.31 0 -91 0 
obj 16375 199.7 -1916.08 7.15 0 0 0 
obj 10009 193.4 -1896.77 3.79 0 0 -181 
obj 1766 184.61 -1906.75 3.62 0 0 0 
obj 1502 181.74 -1900.03 3.53 0 0 90 
obj 1502 184.03 -1913.57 0.59 0 0 90 
obj 19432 173.17 -1912.44 1.68 0 0 1 
obj 19452 174.87 -1929.78 0.16 0 -91 1 
obj 19304 173.14 -1928.28 0.9 0 0 91 
obj 19304 173.23 -1931.76 0.9 0 0 91 
obj 19304 176.59 -1930.14 0.9 0 0 91 
obj 19304 176.52 -1926.65 0.9 0 0 91 
obj 19451 186.57 -1909.73 6.92 0 90 0 
obj 19451 183.1 -1909.72 6.92 0 90 0 
obj 19451 179.59 -1909.73 6.92 0 90 0 
obj 19451 176.12 -1909.74 6.92 0 90 0 
obj 19451 172.63 -1909.73 6.92 0 90 0 
obj 19451 169.15 -1909.73 6.92 0 90 0 
obj 19451 169.1 -1900.11 6.92 0 90 0 
obj 19325 167.4 -1898.45 4.9 0 0 0 
obj 19325 167.38 -1898.45 1.67 0 0 0 
obj 19451 172.59 -1900.14 6.92 0 90 0 
obj 19325 170.67 -1895.43 4.67 0 0 89 
obj 19451 176.09 -1900.11 6.92 0 90 0 
obj 19451 179.6 -1900.13 6.92 0 90 0 
obj 19451 183.08 -1900.1 6.92 0 90 0 
obj 19451 186.57 -1900.11 6.92 0 90 0 
obj 1232 187.47 -1895.62 9.67 0 0 0 
obj 1232 187.82 -1913.2 9.67 0 0 0 
obj 1232 167.74 -1913.9 9.67 0 0 0 
obj 1232 168.1 -1895.55 9.67 0 0 0 
obj 2164 177.01 -1913.81 0.66 0 0 180 
obj 2164 174.71 -1913.84 0.66 0 0 180 
