sell 450000 831.2508 667.6824 11.7334 20
area 830.019 655.393 25.0
changeobj 1506 833.2629 665.5697 10.7902 0.0000 0.0000 180.0000 1502
changeobj 1506 829.3700 665.5314 10.7902 0.0000 0.0000 0.0000 1502
changeobj 1506 836.5029 661.1680 14.2858 0.0000 0.0000 270.0000 1502
moveobj 17951 839.7963 673.9124 12.5039 0.0000 0.0000 -45.0000 2 839.7963 673.9124 8.9903 0.0000 0.0000 -45.0000 2 -1 20
obj 2774 835.42151 667.88422 4.77948   0.00000 0.00000 0.00000
obj 19366 833.03528 667.07184 10.71860   0.00000 90.00000 0.00000
obj 19366 829.53497 667.07202 10.71860   0.00000 90.00000 0.00000
obj 2774 826.95972 667.88000 4.77950   0.00000 0.00000 0.00000
obj 3524 827.68286 669.13873 12.22966   0.00000 0.00000 124.62000
obj 3524 834.74298 669.27020 12.22966   0.00000 0.00000 212.88007
obj 19431 828.58502 665.54999 12.55590   0.00000 0.00000 90.00000
obj 19431 833.98499 665.53992 12.55590   0.00000 0.00000 90.00000
obj 3440 831.33014 665.56378 11.94646   0.00000 0.00000 0.00000
obj 2960 831.68500 665.54657 12.03266   0.00000 90.00000 0.00000
obj 2960 831.24500 665.54657 12.03270   0.00000 90.00000 0.00000
obj 19435 833.04224 666.29376 14.35503   0.00000 90.00000 0.00000
obj 19435 829.54248 666.29382 14.35500   0.00000 90.00000 0.00000
obj 3440 831.33014 665.56378 7.21151   0.00000 0.00000 0.00000
obj 19429 834.47229 667.90375 17.82200   0.00000 90.00000 0.00000
obj 19429 827.94824 667.88342 17.82200   0.00000 90.00000 0.00000
obj 19466 831.25537 667.99786 17.86432   0.00000 90.00000 90.00000
obj 1408 831.24615 668.08875 17.93295   90.00000 0.00000 180.00000
obj 3520 833.31354 668.21448 17.92813   0.00000 0.00000 90.00000
obj 3520 828.99219 667.92590 17.92810   0.00000 0.00000 270.00000
obj 983 827.78711 666.31592 9.12955   90.00000 0.00000 0.00000
obj 983 834.78687 666.29065 9.12955   90.00000 0.00000 0.00000
obj 19466 832.45477 665.51160 14.26330   0.00000 0.00000 90.00000
obj 19466 830.21362 665.51147 14.26330   0.00000 0.00000 90.00000
obj 19379 831.29883 660.64899 10.73590   0.00000 90.00000 0.00000
obj 19358 827.61359 665.53857 12.55590   0.00000 0.00000 90.00000
obj 19358 834.95062 665.52502 12.55590   0.00000 0.00000 90.00000
obj 19379 826.01343 654.00000 10.76319   0.00000 90.00000 0.00000
obj 19379 836.51471 654.00000 10.76320   0.00000 90.00000 0.00000
obj 19362 838.29999 660.42297 10.73430   0.00000 90.00000 0.00000
obj 19362 838.29999 663.63397 10.73430   0.00000 90.00000 0.00000
obj 19362 838.29999 666.84747 10.73430   0.00000 90.00000 0.00000
obj 19362 841.79999 660.42297 10.73430   0.00000 90.00000 0.00000
obj 19362 841.79999 663.63397 10.73430   0.00000 90.00000 0.00000
obj 19362 841.79999 666.84747 10.73430   0.00000 90.00000 0.00000
obj 19404 836.53302 663.97241 12.55590   0.00000 0.00000 0.00000
obj 19404 836.54303 665.83557 12.55590   0.00000 0.00000 0.00000
obj 19362 838.29999 669.71863 10.84154   0.00000 90.00000 0.00000
obj 19362 841.79999 669.71863 10.84150   0.00000 90.00000 0.00000
obj 19431 837.09668 671.15759 12.55590   0.00000 0.00000 -45.00000
obj 19358 836.53998 669.04700 12.55590   0.00000 0.00000 0.00000
obj 19431 842.73236 676.11035 12.55590   0.00000 0.00000 -90.00000
obj 19454 846.72974 674.28741 10.89859   0.00000 90.00000 90.00000
obj 19454 846.72992 670.78802 10.89860   0.00000 90.00000 90.00000
obj 19454 845.73553 666.89221 10.80693   0.00000 90.00000 -45.00000
obj 19454 843.26001 669.35999 10.80690   0.00000 90.00000 -45.00000
obj 19362 840.16101 672.93201 10.87343   0.00000 90.00000 0.00000
obj 19388 836.54260 660.38239 12.55590   0.00000 0.00000 0.00000
obj 19431 836.55157 662.22437 12.55590   0.00000 0.00000 0.00000
obj 19325 840.21521 658.82813 12.24212   0.00000 0.00000 90.00000
obj 19431 837.27625 658.85999 12.55590   0.00000 0.00000 90.00000
obj 19431 842.75452 658.89758 12.55590   0.00000 0.00000 90.00000
obj 19431 842.53912 658.88947 12.55590   0.00000 0.00000 90.00000
obj 19404 843.46667 660.59186 12.55590   0.00000 0.00000 0.00000
obj 19325 845.72986 664.49103 12.24210   0.00000 0.00000 -45.00000
obj 19454 841.78430 658.88635 5.97444   90.00000 0.00000 90.00000
obj 19454 838.29486 658.89923 5.97444   90.00000 0.00000 90.00000
obj 19454 836.60724 660.59167 5.97440   90.00000 0.00000 0.00000
obj 19454 836.60718 664.09003 5.97440   90.00000 0.00000 0.00000
obj 19454 836.60718 667.58899 5.97440   90.00000 0.00000 0.00000
obj 19454 836.60718 664.09003 -3.65900   90.00000 0.00000 0.00000
obj 19454 836.60718 660.59167 -3.65900   90.00000 0.00000 0.00000
obj 19454 838.29492 658.89917 -3.65900   90.00000 0.00000 90.00000
obj 19454 841.78430 658.88641 -3.65900   90.00000 0.00000 90.00000
obj 19454 838.39661 663.73438 0.03228   0.00000 90.00000 0.00000
obj 19454 841.89001 663.73438 0.03230   0.00000 90.00000 0.00000
obj 17068 854.64954 653.27887 0.00771   0.00000 0.00000 265.00000
obj 11495 844.52069 664.32159 -0.08632   0.00000 0.00000 180.00000
obj 3361 854.07922 668.39410 7.02799   0.00000 0.00000 208.80005
obj 3361 848.73553 665.43079 3.00505   0.00000 0.00000 208.80005
obj 3361 856.12122 669.53699 8.58015   0.00000 0.00000 208.80005
obj 19454 843.48431 660.59155 5.97440   90.00000 0.00000 0.00000
obj 19454 843.49707 664.08923 5.97440   90.00000 0.00000 0.00000
obj 19454 843.48431 660.59161 -3.65900   90.00000 0.00000 0.00000
obj 19454 843.49707 664.08917 -3.65900   90.00000 0.00000 0.00000
obj 19454 843.49707 6602092.00000 5.97440   90.00000 0.00000 0.00000
obj 19454 843.49707 667.58899 5.97440   90.00000 0.00000 0.00000
obj 19325 846.78534 676.02594 12.24210   0.00000 0.00000 90.00000
obj 19431 850.75208 676.07196 12.55590   0.00000 0.00000 -90.00000
obj 19358 849.08368 667.94031 12.55590   0.00000 0.00000 -45.00000
obj 19431 850.76379 669.03033 12.55590   0.00000 0.00000 -90.00000
obj 19466 836.56506 663.73248 12.86412   0.00000 0.00000 0.00000
obj 19466 843.49872 660.59485 12.62919   0.00000 0.00000 0.00000
obj 19325 851.52393 672.53833 12.24210   0.00000 0.00000 0.00000
obj 19431 851.49603 669.89325 12.55590   0.00000 0.00000 0.00000
obj 19431 851.50226 675.25159 12.55590   0.00000 0.00000 0.00000
obj 19431 851.49597 669.89319 9.06000   0.00000 0.00000 0.00000
obj 19431 851.53229 671.25427 9.06000   0.00000 0.00000 0.00000
obj 19431 850.76379 669.03027 9.06000   0.00000 0.00000 -90.00000
obj 19431 849.92737 669.75024 9.06000   0.00000 0.00000 0.00000
obj 19466 836.56049 666.19012 12.86412   0.00000 0.00000 0.00000
obj 19866 849.02191 672.28021 10.25010   0.00000 0.00000 90.00000
obj 19866 847.00000 672.27502 10.28410   0.00000 0.00000 90.00000
obj 958 847.35437 667.28668 11.72580   0.00000 0.00000 45.00000
obj 959 847.35736 667.27142 11.73360   0.00000 0.00000 45.00000
obj 19425 844.28119 674.28363 10.98590   0.00000 0.00000 90.00000
obj 19425 844.32861 670.42346 10.98590   0.00000 0.00000 90.00000
obj 19903 844.84424 668.12000 10.89527   0.00000 0.00000 87.89997
obj 1348 844.96356 666.76331 11.52775   0.00000 0.00000 95.81999
obj 19899 844.78308 664.25635 10.82250   0.00000 0.00000 -225.00000
obj 19900 843.37292 663.02618 10.79946   0.00000 0.00000 46.13999
obj 19900 843.37292 663.02618 11.67482   0.00000 0.00000 46.13999
obj 19815 836.62390 668.67499 13.51030   0.00000 0.00000 90.00000
obj 19825 837.24860 671.14612 13.54256   0.00000 0.00000 45.00000
obj 19829 837.47369 671.40839 12.46190   0.00000 0.00000 45.00000
obj 19829 837.47369 671.40839 12.61821   0.00000 0.00000 45.00000
obj 3812 848.54370 667.85327 13.54860   0.00000 0.00000 135.00000
obj 3805 849.58649 667.75470 12.70870   0.00000 0.00000 -45.00000
obj 19425 839.87146 664.89886 10.81526   0.00000 0.00000 0.00000
obj 19866 841.82690 661.42877 10.12369   0.00000 0.00000 0.00000
obj 19866 838.06793 661.40735 10.12369   0.00000 0.00000 0.00000
obj 11728 842.84937 676.07727 13.07919   0.00000 0.00000 0.00000
obj 11728 837.06451 671.09717 13.07920   0.00000 0.00000 -135.00000
obj 11728 833.61243 665.55988 12.45910   0.00000 0.00000 180.00000
obj 11728 833.58282 665.50104 12.45910   0.00000 0.00000 0.00000
obj 2142 833.72937 665.38525 10.82369   0.00000 0.00000 0.00000
obj 11705 834.30511 665.14508 11.85410   0.00000 0.00000 0.00000
obj 2163 834.96558 665.48248 12.99876   0.00000 0.00000 0.00000
obj 1742 835.27966 665.55237 10.97543   0.00000 0.00000 0.00000
obj 19825 834.05182 665.41168 13.50490   0.00000 0.00000 0.00000
obj 19827 834.08203 665.43701 12.56157   0.00000 0.00000 0.00000
obj 19827 834.24011 665.43689 12.56160   0.00000 0.00000 0.00000
obj 18641 844.46466 664.25769 12.14639   0.00000 0.00000 0.00000
obj 18641 844.42108 664.07422 12.10417   0.00000 90.00000 0.00000
obj 18644 844.92273 664.38464 12.08924   0.00000 90.00000 -52.02000
obj 18633 844.13312 663.59857 12.14361   20.00000 0.00000 0.00000
obj 18635 844.40338 663.58221 12.05689   90.00000 90.00000 40.20000
obj 1010 845.37390 664.82581 12.41900   0.00000 0.00000 42.30000
obj 1008 845.32971 664.85040 12.90030   0.00000 0.00000 38.46000
obj 1009 845.16675 665.00348 12.07680   0.00000 0.00000 37.26001
obj 19627 844.61560 664.27063 12.92340   0.00000 0.00000 0.00000
obj 19921 844.25458 663.55139 12.98910   0.00000 0.00000 30.59999
obj 19454 846.72992 670.78802 14.35500   0.00000 90.00000 90.00000
obj 19454 846.72968 674.28741 14.35500   0.00000 90.00000 90.00000
obj 19362 840.16101 672.93201 14.33088   0.00000 90.00000 0.00000
obj 19362 841.79999 669.71863 14.30932   0.00000 90.00000 0.00000
obj 19454 845.73547 666.89221 14.29717   0.00000 90.00000 -45.00000
obj 19454 843.26001 669.35999 14.27556   0.00000 90.00000 -45.00000
obj 19362 838.29999 669.71863 14.35500   0.00000 90.00000 0.00000
obj 19362 838.29999 666.84747 14.34392   0.00000 90.00000 0.00000
obj 19362 841.79999 666.84747 14.35500   0.00000 90.00000 0.00000
obj 19362 841.79999 663.63397 14.35500   0.00000 90.00000 0.00000
obj 19362 838.29999 663.63397 14.35500   0.00000 90.00000 0.00000
obj 19362 838.29999 660.42297 14.35500   0.00000 90.00000 0.00000
obj 19362 841.79999 660.42297 14.35500   0.00000 90.00000 0.00000
obj 19454 839.31989 673.29022 14.30721   0.00000 90.00000 -45.00000
obj 3534 841.41180 677.37799 14.22684   0.00000 0.00000 0.00000
obj 3534 835.09009 671.13208 14.22684   0.00000 0.00000 0.00000
obj 3850 842.71240 676.68463 14.87273   0.00000 0.00000 45.00000
obj 3850 845.16266 674.23212 14.87273   0.00000 0.00000 45.00000
obj 3850 847.60352 671.80634 14.87270   0.00000 0.00000 45.00000
obj 3850 849.08008 670.34503 14.87270   0.00000 0.00000 45.00000
obj 3850 849.08777 667.82617 14.87270   0.00000 0.00000 -45.00000
obj 3850 846.61829 665.34094 14.87270   0.00000 0.00000 -45.00000
obj 3850 844.95984 663.66205 14.87270   0.00000 0.00000 -45.00000
obj 3850 843.53638 660.60681 14.87270   0.00000 0.00000 0.00000
obj 3850 841.79034 658.87878 14.87270   0.00000 0.00000 90.00000
obj 3850 840.24384 676.66956 14.87270   0.00000 0.00000 -45.00000
obj 3850 837.80017 674.18835 14.87270   0.00000 0.00000 -45.00000
obj 3850 836.55225 671.23474 14.87270   0.00000 0.00000 0.00000
obj 3850 836.56726 667.79407 14.87270   0.00000 0.00000 0.00000
obj 19388 836.54260 660.38239 16.05300   0.00000 0.00000 0.00000
obj 3520 830.83075 666.44690 14.46084   0.00000 0.00000 90.00000
obj 1408 831.97986 667.02710 14.91862   0.00000 0.00000 180.00000
obj 1408 830.34918 667.03412 14.87137   0.00000 0.00000 180.00000
obj 9833 849.30389 673.38226 17.42799   0.00000 0.00000 0.00000
obj 16375 864.27570 657.78815 14.51263   0.00000 0.00000 0.00000
obj 1472 828.37549 664.70807 10.86180   0.00000 0.00000 90.00000
obj 1472 827.33551 664.70813 11.68430   0.00000 0.00000 90.00000
obj 1472 826.84235 662.81042 12.49020   0.00000 0.00000 180.00000
obj 19358 826.00519 663.95819 12.55590   0.00000 0.00000 0.00000
obj 19358 826.00000 660.74597 12.55590   0.00000 0.00000 0.00000
obj 1472 826.84229 661.77039 13.31020   0.00000 0.00000 180.00000
obj 1472 826.84229 661.03040 13.84318   0.00000 0.00000 180.00000
obj 19431 828.58154 663.89502 12.55590   0.00000 0.00000 90.00000
obj 19431 828.36133 663.90002 12.55590   0.00000 0.00000 90.00000
obj 19431 827.64075 663.17670 12.55590   0.00000 0.00000 0.00000
obj 19431 827.64166 661.57471 12.55590   0.00000 0.00000 0.00000
obj 19431 827.64917 659.97168 12.55590   0.00000 0.00000 0.00000
obj 19431 826.72748 659.21088 12.55590   0.00000 0.00000 90.00000
obj 19431 826.92792 659.19946 12.55590   0.00000 0.00000 90.00000
obj 1706 835.99658 653.60260 10.83608   0.00000 0.00000 90.00000
obj 19325 841.71179 653.96783 12.24210   0.00000 0.00000 0.00000
obj 19431 841.68701 658.03937 12.55590   0.00000 0.00000 0.00000
obj 19431 841.71155 649.99591 12.55590   0.00000 0.00000 0.00000
obj 19454 841.74823 654.00409 9.91141   0.00000 0.00000 0.00000
obj 2313 841.24908 654.67053 10.79800   0.00000 0.00000 270.00000
obj 19786 841.28510 653.96967 11.90767   0.00000 0.00000 270.00000
obj 2230 841.38513 654.95807 10.83824   0.00000 0.00000 270.00000
obj 2230 841.40503 652.40997 10.79854   0.00000 0.00000 270.00000
obj 2028 840.26996 654.12170 10.91882   0.00000 0.00000 -90.96000
obj 2233 841.52740 654.89447 11.41309   0.00000 0.00000 270.00000
obj 2233 841.58588 652.29358 11.41309   0.00000 0.00000 270.00000
obj 2235 838.58026 653.58929 10.78423   0.00000 0.00000 90.00000
obj 1706 836.93164 656.76239 10.79850   0.00000 0.00000 45.00000
obj 1706 837.29211 650.55548 10.81729   0.00000 0.00000 135.00000
obj 2235 838.72638 654.91064 10.81406   0.00000 0.00000 45.00000
obj 2235 839.44659 652.61151 10.76912   0.00000 0.00000 135.00000
obj 2867 838.00079 654.22357 11.27750   0.00000 0.00000 73.86000
obj 2853 838.84686 655.78760 11.29537   0.00000 0.00000 -81.24000
obj 2855 838.57373 652.66797 11.24503   0.00000 0.00000 -48.60000
obj 19325 836.96899 649.25549 12.24210   0.00000 0.00000 90.00000
obj 19431 840.99561 649.28003 12.55590   0.00000 0.00000 90.00000
obj 19454 837.01990 649.23047 9.94437   0.00000 0.00000 90.00000
obj 19431 833.84906 649.27393 12.55590   0.00000 0.00000 90.00000
obj 19431 825.98462 659.56873 12.55590   0.00000 0.00000 0.00000
obj 19404 824.36578 658.80695 12.55590   0.00000 0.00000 90.00000
obj 19358 822.35706 658.78583 12.55590   0.00000 0.00000 90.00000
obj 19466 824.51385 658.80731 12.86410   0.00000 0.00000 90.00000
obj 19404 820.78320 657.23895 12.55590   0.00000 0.00000 0.00000
obj 19466 820.75671 657.33307 12.86410   0.00000 0.00000 0.00000
obj 19404 820.79553 650.77533 12.55590   0.00000 0.00000 0.00000
obj 19358 820.76184 654.24573 12.55590   0.00000 0.00000 0.00000
obj 19431 820.78436 652.66772 12.55590   0.00000 0.00000 0.00000
obj 19466 820.79877 650.65588 12.86410   0.00000 0.00000 0.00000
obj 19358 822.33490 649.25677 12.55590   0.00000 0.00000 90.00000
obj 19404 825.54602 649.25677 12.55590   0.00000 0.00000 90.00000
obj 19466 825.52972 649.28607 12.86410   0.00000 0.00000 90.00000
obj 19454 827.38550 649.22992 9.94000   0.00000 0.00000 90.00000
obj 19325 830.48706 649.27368 12.24210   0.00000 0.00000 90.00000
obj 19431 827.39276 649.27142 12.55590   0.00000 0.00000 90.00000
obj 19454 825.54193 649.22308 9.94440   0.00000 0.00000 90.00000
obj 19454 820.70654 653.92737 9.94440   0.00000 0.00000 0.00000
obj 19454 820.70001 654.04163 9.94000   0.00000 0.00000 0.00000
obj 19362 822.20453 658.89673 9.94440   0.00000 0.00000 90.00000
obj 19362 824.27350 658.90472 9.94000   0.00000 0.00000 90.00000
obj 19362 825.97223 660.47021 9.94440   0.00000 0.00000 0.00000
obj 19362 825.97223 663.65479 9.95500   0.00000 0.00000 0.00000
obj 19377 826.01343 654.00000 8.18200   0.00000 90.00000 0.00000
obj 19377 836.51471 654.00000 8.18200   0.00000 90.00000 0.00000
obj 19377 831.29883 660.64899 8.22114   0.00000 90.00000 0.00000
obj 19362 825.99219 664.01477 9.95500   0.00000 0.00000 0.00000
obj 19435 826.79779 665.63660 9.93940   0.00000 0.00000 90.00000
obj 19435 827.69580 666.31073 9.07940   0.00000 0.00000 0.00000
obj 19370 829.31012 663.91669 14.27450   0.00000 90.00000 0.00000
obj 19370 832.81000 663.91669 14.27450   0.00000 90.00000 0.00000
obj 19370 834.79901 663.91669 14.26272   0.00000 90.00000 0.00000
obj 19370 829.31012 660.70502 14.27450   0.00000 90.00000 0.00000
obj 19370 832.81000 660.70502 14.27450   0.00000 90.00000 0.00000
obj 19370 834.79901 660.70502 14.25879   0.00000 90.00000 0.00000
obj 19379 836.51471 654.00000 14.27500   0.00000 90.00000 0.00000
obj 19379 826.01343 654.00000 14.27500   0.00000 90.00000 0.00000
obj 2305 821.35706 649.79657 10.85030   0.00000 0.00000 180.00000
obj 2135 821.35895 650.73950 10.85060   0.00000 0.00000 90.00000
obj 2138 821.36700 651.73108 10.85180   0.00000 0.00000 90.00000
obj 2138 821.36700 652.71997 10.85180   0.00000 0.00000 90.00000
obj 2136 823.34802 649.79413 10.85110   0.00000 0.00000 180.00000
obj 2139 824.33301 649.81000 10.84300   0.00000 0.00000 180.00000
obj 2139 825.32349 649.79999 10.84300   0.00000 0.00000 180.00000
obj 2140 827.19818 658.66064 10.81103   0.00000 0.00000 0.00000
obj 2140 826.39819 658.65997 10.81100   0.00000 0.00000 0.00000
obj 2029 825.17169 653.93298 10.84190   0.00000 0.00000 90.00000
obj 2029 826.14990 653.93298 10.84190   0.00000 0.00000 90.00000
obj 2029 825.14008 652.96368 10.84190   0.00000 0.00000 0.00000
obj 2029 825.16010 655.91998 10.84190   0.00000 0.00000 0.00000
obj 2124 827.60419 652.93628 11.65400   0.00000 0.00000 0.00000
obj 2124 827.60419 653.91632 11.65400   0.00000 0.00000 0.00000
obj 2124 827.60419 654.77631 11.65400   0.00000 0.00000 0.00000
obj 2124 827.60419 655.71631 11.65400   0.00000 0.00000 0.00000
obj 2124 826.18988 657.32013 11.65400   0.00000 0.00000 90.00000
obj 2124 825.18988 657.32013 11.65400   0.00000 0.00000 90.00000
obj 2124 823.54358 655.71631 11.65400   0.00000 0.00000 180.00000
obj 2124 823.54358 654.77631 11.65400   0.00000 0.00000 180.00000
obj 2124 823.54358 653.91632 11.65400   0.00000 0.00000 180.00000
obj 2124 823.54358 652.93628 11.65400   0.00000 0.00000 180.00000
obj 2124 825.18988 651.33661 11.65400   0.00000 0.00000 270.00000
obj 2124 826.18988 651.35278 11.65400   0.00000 0.00000 270.00000
obj 2421 823.43091 649.39337 11.84450   0.00000 0.00000 180.00000
obj 2426 824.60309 649.54742 11.88430   0.00000 0.00000 180.00000
obj 2417 821.26038 653.70313 10.79690   0.00000 0.00000 90.00000
obj 2144 821.11078 654.67120 10.79690   0.00000 0.00000 90.00000
obj 2147 821.37903 655.30768 10.85170   0.00000 0.00000 90.00000
obj 2526 828.21191 662.11835 10.79176   0.00000 0.00000 90.00000
obj 2613 829.42133 664.41693 10.77879   0.00000 0.00000 0.00000
obj 1778 828.58252 663.56696 10.82418   0.00000 0.00000 82.86002
obj 11707 828.25543 663.75580 12.11471   0.00000 0.00000 0.00000
obj 2518 828.22583 660.24573 10.98810   0.00000 0.00000 90.00000
obj 1846 826.77332 661.39838 12.96719   90.00000 90.00000 0.00000
obj 19358 830.29718 662.34967 12.55590   0.00000 0.00000 0.00000
obj 2742 827.93341 659.45532 12.51110   0.00000 0.00000 90.00000
obj 2741 827.83917 659.87781 12.43620   0.00000 0.00000 90.00000
obj 1208 829.93066 662.12427 10.83730   0.00000 0.00000 90.00000
obj 2528 829.70648 661.32062 10.81360   0.00000 0.00000 270.00000
obj 19431 829.46149 663.87500 12.55590   0.00000 0.00000 90.00000
obj 19388 830.26819 660.13171 12.55590   0.00000 0.00000 0.00000
obj 19431 828.49335 658.62366 12.55590   0.00000 0.00000 90.00000
obj 19431 829.41333 658.60370 12.55590   0.00000 0.00000 90.00000
obj 1523 830.33112 659.24762 10.78560   0.00000 0.00000 90.00000
obj 19431 827.62219 659.39014 12.55590   0.00000 0.00000 0.00000
obj 19370 834.79901 660.42401 14.23883   0.00000 90.00000 0.00000
obj 19370 832.81000 660.42401 14.26568   0.00000 90.00000 0.00000
obj 19370 829.31012 660.42401 14.26570   0.00000 90.00000 0.00000
obj 19370 827.68311 657.54578 14.22482   0.00000 90.00000 0.00000
obj 1472 826.83325 660.39056 13.90313   0.00000 0.00000 180.00000
obj 2774 821.69244 650.10529 -2.92387   0.00000 0.00000 0.00000
obj 2774 840.88092 650.15503 -2.92387   0.00000 0.00000 0.00000
obj 2774 821.74750 657.96368 -2.92387   0.00000 0.00000 0.00000
obj 2774 827.15533 657.74286 -2.92387   0.00000 0.00000 0.00000
obj 19404 836.58820 663.96454 16.05300   0.00000 0.00000 0.00000
obj 19431 836.56982 662.15668 16.05300   0.00000 0.00000 0.00000
obj 19466 836.59247 663.97760 16.10262   0.00000 0.00000 0.00000
obj 19404 838.17621 658.86212 16.05300   0.00000 0.00000 90.00000
obj 19466 838.08783 658.84924 16.10260   0.00000 0.00000 90.00000
obj 1502 836.50293 661.16803 10.79020   0.00000 0.00000 270.00000
obj 19358 840.14862 658.85437 16.05300   0.00000 0.00000 90.00000
obj 19358 841.68762 657.30841 16.05300   0.00000 0.00000 0.00000
obj 19358 835.03052 665.48987 16.05300   0.00000 0.00000 90.00000
obj 19358 827.54761 665.50177 16.05300   0.00000 0.00000 90.00000
obj 19404 830.08899 665.48608 16.05300   0.00000 0.00000 90.00000
obj 19404 832.47937 665.46832 16.05300   0.00000 0.00000 90.00000
obj 19466 832.37689 665.45703 16.10260   0.00000 0.00000 90.00000
obj 19466 830.04974 665.50989 16.10260   0.00000 0.00000 90.00000
obj 19358 825.99377 663.93237 16.05300   0.00000 0.00000 0.00000
obj 19404 825.99731 660.73853 16.05300   0.00000 0.00000 0.00000
obj 3850 827.60248 663.64539 14.87597   0.00000 0.00000 0.00000
obj 19431 825.98462 659.56873 16.05300   0.00000 0.00000 0.00000
obj 19466 825.99933 661.09436 16.10262   0.00000 0.00000 0.00000
obj 19431 826.77344 658.84747 16.05300   0.00000 0.00000 90.00000
obj 19431 826.77338 659.04749 16.05300   0.00000 0.00000 90.00000
obj 19388 828.36517 658.93457 16.05300   0.00000 0.00000 90.00000
obj 2628 822.59711 650.08398 14.36210   0.00000 0.00000 90.00000
obj 2628 822.63611 657.94867 14.36210   0.00000 0.00000 90.00000
obj 2628 822.53790 654.26642 14.36210   0.00000 0.00000 90.00000
obj 2627 822.54828 652.18707 14.36240   0.00000 0.00000 90.00000
obj 2627 822.60907 656.23730 14.36240   0.00000 0.00000 90.00000
obj 2630 828.69977 652.35022 14.38273   0.00000 0.00000 90.00000
obj 2630 828.83618 656.51007 14.40234   0.00000 0.00000 90.00000
obj 2629 828.63409 654.33795 14.34200   0.00000 0.00000 270.00000
obj 2629 828.50330 650.22308 14.34200   0.00000 0.00000 270.00000
obj 2913 829.09259 654.78278 15.24966   90.00000 0.00000 0.00000
obj 2913 828.97601 650.65637 15.24966   90.00000 0.00000 0.00000
obj 19325 824.22296 658.78809 15.72990   0.00000 0.00000 90.00000
obj 19431 821.51056 658.80432 16.05300   0.00000 0.00000 90.00000
obj 19325 820.74548 654.02216 15.72990   0.00000 0.00000 0.00000
obj 19431 820.79022 658.07086 16.05300   0.00000 0.00000 0.00000
obj 19358 820.76831 650.79089 16.05300   0.00000 0.00000 0.00000
obj 19450 829.88177 654.18634 16.05300   0.00000 0.00000 0.00000
obj 19431 829.90149 650.02710 16.05300   0.00000 0.00000 0.00000
obj 19325 824.74945 649.19183 15.72990   0.00000 0.00000 90.00000
obj 19358 822.31494 649.26312 16.05300   0.00000 0.00000 90.00000
obj 19358 828.51129 649.22266 16.05300   0.00000 0.00000 90.00000
obj 2632 822.82043 657.73230 14.36289   0.00000 0.00000 0.00000
obj 2632 822.76001 654.31207 14.36289   0.00000 0.00000 0.00000
obj 2632 822.83942 650.31665 14.36289   0.00000 0.00000 0.00000
obj 2631 827.77936 650.29700 14.36296   0.00000 0.00000 0.00000
obj 2631 827.78949 652.28357 14.36296   0.00000 0.00000 0.00000
obj 2631 827.79352 654.25031 14.36296   0.00000 0.00000 0.00000
obj 2631 827.81616 656.23853 14.36296   0.00000 0.00000 0.00000
obj 2817 823.29248 651.69379 14.37599   0.00000 0.00000 0.00000
obj 2817 823.23767 655.73395 14.37599   0.00000 0.00000 0.00000
obj 1502 827.57898 658.92493 14.28580   0.00000 0.00000 0.00000
obj 3812 829.57141 654.50574 17.20739   0.00000 0.00000 180.00000
obj 3812 821.10754 654.61450 13.71582   0.00000 0.00000 0.00000
obj 3812 830.65753 662.17847 13.71582   0.00000 0.00000 0.00000
obj 19829 830.16046 659.17310 12.23550   0.00000 0.00000 270.00000
obj 19829 830.16046 659.17310 12.37130   0.00000 0.00000 270.00000
obj 1893 828.51642 662.67761 14.18350   0.00000 0.00000 0.00000
obj 1893 828.55597 660.24921 14.18350   0.00000 0.00000 0.00000
obj 16779 825.63037 654.73865 14.19841   0.00000 0.00000 0.00000
obj 2026 838.15100 654.07355 14.18929   0.00000 0.00000 0.00000
obj 2707 827.87445 662.24762 11.17221   0.00000 -90.00000 0.00000
obj 2707 828.49506 662.24805 11.17220   0.00000 90.00000 0.00000
obj 19388 831.57239 658.93707 16.05300   0.00000 0.00000 90.00000
obj 19388 834.89832 658.86194 16.05300   0.00000 0.00000 90.00000
obj 19358 833.19928 657.41870 16.05300   0.00000 0.00000 0.00000
obj 19450 833.20935 653.97998 16.05300   0.00000 0.00000 0.00000
obj 19404 831.72302 649.21851 16.05300   0.00000 0.00000 90.00000
obj 19466 831.69403 649.21606 16.10260   0.00000 0.00000 90.00000
obj 2526 831.41632 649.84741 14.34776   0.00000 0.00000 0.00000
obj 1208 830.40912 649.52893 14.31773   0.00000 0.00000 0.00000
obj 2528 832.64014 652.84741 14.36350   0.00000 0.00000 270.00000
obj 2523 830.47241 654.99048 14.36350   0.00000 0.00000 90.00000
obj 2742 830.11536 654.83746 15.95072   0.00000 0.00000 90.00000
obj 2741 830.03674 656.06989 15.64122   0.00000 0.00000 90.00000
obj 1502 830.78601 658.92297 14.28580   0.00000 0.00000 0.00000
obj 1502 834.11200 658.85248 14.28580   0.00000 0.00000 0.00000
obj 19404 841.69757 654.09998 16.05300   0.00000 0.00000 0.00000
obj 19358 841.69867 651.30798 16.05300   0.00000 0.00000 0.00000
obj 19358 841.68909 650.78271 16.05300   0.00000 0.00000 0.00000
obj 19466 841.71063 654.00500 16.10260   0.00000 0.00000 0.00000
obj 19358 840.14838 649.23633 16.05300   0.00000 0.00000 90.00000
obj 19404 836.93597 649.23798 16.05300   0.00000 0.00000 90.00000
obj 19466 836.93835 649.21039 16.10260   0.00000 0.00000 90.00000
obj 19358 834.36865 649.24835 16.05300   0.00000 0.00000 90.00000
obj 1709 830.49414 663.82904 14.35038   0.00000 0.00000 0.00000
obj 2315 831.54034 662.64471 14.36235   0.00000 0.00000 0.00000
obj 2315 832.17950 662.29047 14.37507   0.00000 0.00000 45.00000
obj 2315 833.19647 663.29962 14.40731   0.00000 0.00000 -45.00000
obj 2813 833.31537 663.15387 14.90207   0.00000 0.00000 0.00000
obj 2867 832.45044 662.64282 14.85544   0.00000 0.00000 0.00000
obj 2853 831.38818 662.70630 14.85068   0.00000 0.00000 -62.09998
obj 14446 836.98657 651.08173 14.92031   0.00000 0.00000 180.00000
obj 2069 839.10779 649.58728 14.38376   0.00000 0.00000 0.00000
obj 2069 834.84161 649.70972 14.38376   0.00000 0.00000 0.00000
obj 2387 840.32861 649.85748 14.33950   0.00000 0.00000 0.00000
obj 2387 833.82202 649.83948 14.33955   0.00000 0.00000 0.00000
obj 2375 841.18329 649.79309 14.36300   0.00000 0.00000 90.00000
obj 2372 841.04572 657.42072 14.35312   0.00000 0.00000 45.00000
obj 2381 840.49500 657.67249 15.03202   0.00000 0.00000 -45.00000
obj 19377 836.51471 654.00000 17.88160   0.00000 90.00000 0.00000
obj 19377 826.01343 654.00000 17.88160   0.00000 90.00000 0.00000
obj 19362 834.95789 660.10632 19.08720   0.00000 45.00000 90.00000
obj 19362 831.74701 660.10632 19.08720   0.00000 45.00000 90.00000
obj 19362 828.53497 660.10632 19.08720   0.00000 45.00000 90.00000
obj 19362 828.53497 664.22998 19.08720   0.00000 -45.00000 90.00000
obj 19362 831.74701 664.22998 19.08720   0.00000 -45.00000 90.00000
obj 19362 834.95789 664.22998 19.08720   0.00000 -45.00000 90.00000
obj 19435 827.68030 662.18188 21.20904   0.00000 90.00000 0.00000
obj 19435 826.73761 664.23999 19.08720   0.00000 -45.00000 90.00000
obj 19435 826.73761 660.08502 19.08720   0.00000 45.00000 90.00000
obj 19435 825.94012 662.18042 19.55429   0.00000 0.00000 0.00000
obj 19325 829.30511 660.68176 19.68046   0.00000 45.00000 90.00000
obj 19325 829.33990 663.72919 19.68050   0.00000 -45.00000 90.00000
obj 19325 833.23999 660.68182 19.67500   0.00000 45.00000 90.00000
obj 19435 831.17999 662.18188 21.20900   0.00000 90.00000 0.00000
obj 19325 833.23999 663.72919 19.67500   0.00000 -45.00000 90.00000
obj 19435 834.79999 662.18188 21.20900   0.00000 90.00000 0.00000
obj 19435 834.15997 662.17499 21.20060   0.00000 90.00000 0.00000
obj 19435 836.50208 662.18042 19.55430   0.00000 0.00000 0.00000
obj 19466 836.51172 661.45905 18.89787   -45.00000 0.00000 0.00000
obj 19466 836.51868 662.88098 18.93840   45.00000 0.00000 0.00000
obj 19466 825.98401 661.48389 18.89790   -45.00000 0.00000 0.00000
obj 19466 826.02008 662.87091 18.95713   45.00000 0.00000 0.00000
obj 19466 826.01501 664.02582 17.80400   45.00000 0.00000 0.00000
obj 19466 825.98602 660.28168 17.80400   45.00000 0.00000 0.00000
obj 19466 836.53278 664.01093 17.80400   45.00000 0.00000 0.00000
obj 19466 836.51538 661.08752 18.02400   0.00000 0.00000 0.00000
obj 3280 836.52332 659.94537 17.92876   45.00000 90.00000 0.00000
obj 19806 832.13409 662.20386 20.29341   0.00000 0.00000 0.00000
obj 2707 835.16534 660.47205 19.27988   0.00000 45.00000 270.00000
obj 2707 832.92529 660.47198 19.27990   0.00000 45.00000 270.00000
obj 2707 829.92529 660.47198 19.27990   0.00000 45.00000 270.00000
obj 2707 826.92529 660.47198 19.27990   0.00000 45.00000 270.00000
obj 2707 835.15930 663.87872 19.27990   0.00000 -45.00000 270.00000
obj 2707 832.92529 663.87872 19.27990   0.00000 -45.00000 270.00000
obj 2707 829.92529 663.87872 19.27990   0.00000 -45.00000 270.00000
obj 2707 826.92529 663.87872 19.27990   0.00000 -45.00000 270.00000
obj 3812 841.32849 656.39935 17.20739   0.00000 0.00000 180.00000
obj 1731 832.44019 659.16998 16.20160   0.00000 0.00000 270.00000
obj 1731 830.60022 659.16998 16.20160   0.00000 0.00000 270.00000
obj 19829 830.52631 658.85504 16.03064   0.00000 0.00000 0.00000
obj 19829 829.54633 658.85498 16.04771   0.00000 0.00000 0.00000
obj 19829 829.54633 658.85498 16.19330   0.00000 0.00000 0.00000
obj 19829 835.94659 658.78003 16.06960   0.00000 0.00000 0.00000
obj 1635 831.68750 648.61670 15.29970   0.00000 0.00000 90.00000
obj 1635 837.00000 648.61670 15.29970   0.00000 0.00000 90.00000
obj 1693 825.67267 654.16553 19.39846   0.00000 0.00000 0.00000
obj 1693 835.97943 654.15106 19.39846   0.00000 0.00000 0.00000