obj 19547 -259.657287 -5884.932128 11.696290 0.000000 0.000000 0.000000 0 0 800.0
obj 19547 -634.627624 -6009.909667 11.696290 0.000000 0.000000 0.000000 0 0 800.0
obj 19542 -197.215759 -5884.979492 11.696290 0.000000 0.000000 0.000000 0 0 800.0
obj 19540 -197.215805 -5822.479980 11.696290 0.000000 0.000000 0.000000 0 0 800.0
obj 19550 -384.646301 -5884.933105 11.696290 0.000000 0.000000 0.000000 0 0 800.0
obj 19550 -509.640411 -5884.932128 11.696290 0.000000 0.000000 0.000000 0 0 800.0
obj 19547 -634.627624 -5884.933105 11.696290 0.000000 0.000000 0.000000 0 0 800.0
obj 19547 -634.627624 -6134.891113 11.696290 0.000000 0.000000 0.000000 0 0 800.0
obj 19547 -634.627624 -6259.877441 11.696290 0.000000 0.000000 0.000000 0 0 800.0
obj 19547 -259.657287 -6259.877441 11.696290 0.000000 0.000000 0.000000 0 0 800.0
obj 19547 -384.646301 -6259.877441 11.696290 0.000000 0.000000 0.000000 0 0 800.0
obj 19547 -509.640411 -6259.877441 11.696290 0.000000 0.000000 0.000000 0 0 800.0
obj 19550 -271.476867 -6134.891113 11.716293 0.000000 0.000000 0.000000 0 0 800.0
material 0 5453 chicano10_lae brickred 0x00000000 0 0 800.0
obj 19550 -384.645355 -6134.871093 11.696290 0.000000 0.000000 0.000000 0 0 800.0
material 0 5453 chicano10_lae brickred 0x00000000 0 0 800.0
obj 19550 -509.640411 -6134.891113 11.696290 0.000000 0.000000 0.000000 0 0 800.0
material 0 5453 chicano10_lae brickred 0x00000000 0 0 800.0
obj 19550 -294.737060 -6060.811035 11.736289 0.000000 0.000000 0.000000 0 0 800.0
material 0 5453 chicano10_lae brickred 0x00000000 0 0 800.0
obj 19550 -384.646301 -6009.909667 11.696290 0.000000 0.000000 0.000000 0 0 800.0
material 0 5453 chicano10_lae brickred 0x00000000 0 0 800.0
obj 19550 -509.640411 -6009.909667 11.696290 0.000000 0.000000 0.000000 0 0 800.0
material 0 5453 chicano10_lae brickred 0x00000000 0 0 800.0
obj 19542 -197.215805 -6259.877441 11.696290 0.000000 0.000000 0.000000 0 0 800.0
obj 19542 -197.215805 -6009.909667 11.696290 0.000000 0.000000 0.000000 0 0 800.0
obj 19542 -197.215805 -6134.891113 11.696290 0.000000 0.000000 0.000000 0 0 800.0
obj 19542 -259.657287 -5822.479980 11.696290 0.000000 0.000000 90.000000 0 0 800.0
obj 19542 -634.627624 -5822.479980 11.696290 0.000000 0.000000 90.000000 0 0 800.0
obj 19542 -509.640411 -5822.479980 11.696290 0.000000 0.000000 90.000000 0 0 800.0
obj 19542 -384.646301 -5822.479980 11.696290 0.000000 0.000000 90.000000 0 0 800.0
obj 19540 -697.126525 -5822.479980 11.696290 0.000000 0.000000 90.000000 0 0 800.0
obj 19542 -697.126525 -5884.933105 11.696290 0.000000 0.000000 180.000000 0 0 800.0
obj 19542 -697.126525 -6259.877441 11.696290 0.000000 0.000000 180.000000 0 0 800.0
obj 19542 -697.126525 -6134.891113 11.696290 0.000000 0.000000 180.000000 0 0 800.0
obj 19542 -697.126525 -6009.909667 11.696290 0.000000 0.000000 180.000000 0 0 800.0
obj 19540 -697.126525 -6322.375000 11.696290 0.000000 0.000000 180.000000 0 0 800.0
obj 19542 -634.627624 -6322.375000 11.696290 0.000000 0.000000 -90.000000 0 0 800.0
obj 19542 -259.657287 -6322.375000 11.696290 0.000000 0.000000 -90.000000 0 0 800.0
obj 19542 -384.646301 -6322.375000 11.696290 0.000000 0.000000 -90.000000 0 0 800.0
obj 19542 -509.640411 -6322.375000 11.696290 0.000000 0.000000 -90.000000 0 0 800.0
obj 19540 -197.215805 -6322.375000 11.696290 0.000000 0.000000 -90.000000 0 0 800.0
obj 5444 -363.729156 -6163.817382 36.094509 0.000000 0.000000 -151.799987 0 0 800.0
material 10 4718 buildblk555 gm_labuld5_b 0x00000000 0 0 800.0
material 11 4718 buildblk555 gm_labuld5_b 0x00000000 0 0 800.0
material 3 4718 buildblk555 gm_labuld5_b 0x00000000 0 0 800.0
material 13 4718 buildblk555 gm_labuld5_b 0x00000000 0 0 800.0
obj 5453 -412.189086 -6151.150390 30.169799 0.000000 0.000000 -151.800003 0 0 800.0
material 9 4718 buildblk555 gm_labuld5_b 0x00000000 0 0 800.0
material 10 4718 buildblk555 gm_labuld5_b 0x00000000 0 0 800.0
material 11 4718 buildblk555 gm_labuld5_b 0x00000000 0 0 800.0
material 12 4718 buildblk555 gm_labuld5_b 0x00000000 0 0 800.0
obj 5520 -342.049041 -6121.580078 16.502109 0.000000 0.000000 -90.000000 0 0 800.0
obj 5650 -461.904907 -6129.724609 12.267992 0.000000 0.000000 -151.800003 0 0 800.0
material 0 5453 chicano10_lae brickred 0x00000000 0 0 800.0
material 1 5453 chicano10_lae brickred 0x00000000 0 0 800.0
material 2 5453 chicano10_lae brickred 0x00000000 0 0 800.0
obj 5520 -418.598571 -6128.381347 16.681219 0.000000 0.000000 101.459999 0 0 800.0
obj 5484 -412.494293 -6173.377929 32.611400 0.000000 0.000000 -151.800003 0 0 800.0
material 0 5453 chicano10_lae brickred 0x00000000 0 0 800.0
material 1 5453 chicano10_lae brickred 0x00000000 0 0 800.0
obj 900 -438.652435 -6149.848144 5.521656 49.800018 -5.640017 114.120002 0 0 800.0
obj 5452 -489.413787 -6173.342773 27.450599 0.000000 0.000000 -151.800003 0 0 800.0
material 14 4718 buildblk555 gm_labuld5_b 0x00000000 0 0 800.0
material 15 4718 buildblk555 gm_labuld5_b 0x00000000 0 0 800.0
obj 5642 -447.092987 -6191.437011 34.147998 0.000000 0.000000 -151.800003 0 0 800.0
material 2 4718 buildblk555 gm_labuld5_b 0x00000000 0 0 800.0
material 4 4718 buildblk555 gm_labuld5_b 0x00000000 0 0 800.0
material 9 4718 buildblk555 gm_labuld5_b 0x00000000 0 0 800.0
obj 5643 -412.899993 -6197.928710 45.598499 0.000000 0.000000 -151.800003 0 0 800.0
material 0 4718 buildblk555 gm_labuld5_b 0x00000000 0 0 800.0
material 7 4718 buildblk555 gm_labuld5_b 0x00000000 0 0 800.0
material 8 4718 buildblk555 gm_labuld5_b 0x00000000 0 0 800.0
material 9 5453 chicano10_lae brickred 0x00000000 0 0 800.0
material 10 4718 buildblk555 gm_labuld5_b 0x00000000 0 0 800.0
obj 906 -426.851104 -6182.795410 27.687400 0.000000 0.000000 114.480003 0 0 800.0
obj 5456 -384.096984 -6214.716796 46.665199 0.000000 0.000000 -151.800003 0 0 800.0
material 0 5453 chicano10_lae brickred 0x00000000 0 0 800.0
material 1 5453 chicano10_lae brickred 0x00000000 0 0 800.0
material 2 5453 chicano10_lae brickred 0x00000000 0 0 800.0
material 3 5453 chicano10_lae brickred 0x00000000 0 0 800.0
material 4 5453 chicano10_lae brickred 0x00000000 0 0 800.0
obj 5456 -384.096984 -6214.716796 46.545200 0.000000 0.000000 -151.800003 0 0 800.0
material 2 5453 chicano10_lae brickred 0x00000000 0 0 800.0
material 3 5453 chicano10_lae brickred 0x00000000 0 0 800.0
material 4 5453 chicano10_lae brickred 0x00000000 0 0 800.0
obj 5484 -412.494293 -6173.377929 32.591400 0.000000 0.000000 -151.800003 0 0 800.0
material 0 5453 chicano10_lae brickred 0x00000000 0 0 800.0
material 1 5453 chicano10_lae brickred 0x00000000 0 0 800.0
obj 5450 -381.636413 -6238.363281 52.040100 0.000000 0.000000 -151.800003 0 0 800.0
material 9 4718 buildblk555 gm_labuld5_b 0x00000000 0 0 800.0
material 10 4718 buildblk555 gm_labuld5_b 0x00000000 0 0 800.0
material 12 4718 buildblk555 gm_labuld5_b 0x00000000 0 0 800.0
material 15 4718 buildblk555 gm_labuld5_b 0x00000000 0 0 800.0
obj 5451 -449.788513 -6242.281738 46.858699 0.000000 0.000000 -151.800003 0 0 800.0
material 7 4718 buildblk555 gm_labuld5_b 0x00000000 0 0 800.0
obj 17031 -344.291259 -6180.674804 34.226989 0.000000 0.000000 5.699995 0 0 800.0
obj 17031 -340.823272 -6167.917968 17.414590 0.000000 0.000000 22.559999 0 0 800.0
obj 17031 -343.386413 -6162.164550 7.018537 0.000000 0.000000 8.100000 0 0 800.0
obj 17031 -340.030456 -6157.448242 7.018537 0.000000 0.000000 22.680000 0 0 800.0
obj 17031 -339.496490 -6153.184570 7.018537 0.000000 0.000000 22.680000 0 0 800.0
obj 900 -347.803771 -6150.210937 3.335390 81.240043 32.459999 52.979999 0 0 800.0
obj 17031 -325.295959 -6189.246093 17.414590 0.000000 0.000000 22.559999 0 0 800.0
obj 17031 -313.462463 -6193.354003 17.414590 0.000000 0.000000 19.140010 0 0 800.0
obj 900 -324.054046 -6196.988769 43.797740 0.000000 0.000000 -23.459999 0 0 800.0
obj 900 -317.932189 -6205.878417 43.797740 0.000000 0.000000 -23.459999 0 0 800.0
obj 17031 -325.710723 -6215.072753 33.640621 0.000000 0.000000 -76.019989 0 0 800.0
obj 17031 -310.450775 -6228.897949 17.414590 0.000000 0.000000 -62.159980 0 0 800.0
obj 17031 -344.498413 -6236.364257 41.246349 0.000000 0.000000 -62.159980 0 0 800.0
obj 17031 -325.212219 -6247.758300 16.977100 0.000000 0.000000 -62.159980 0 0 800.0
obj 17031 -377.059051 -6252.323242 41.246349 0.000000 0.000000 -76.139968 0 0 800.0
obj 17031 -410.195648 -6256.817871 34.025550 0.000000 0.000000 -93.719993 0 0 800.0
obj 17031 -455.970184 -6254.179687 33.294101 0.000000 0.000000 -93.719993 0 0 800.0
obj 17031 -484.221252 -6220.926269 30.971040 0.000000 0.000000 -195.299957 0 0 800.0
obj 900 -470.026733 -6211.716308 34.664409 0.000000 0.000000 154.080047 0 0 800.0
obj 900 -467.248657 -6221.270996 35.967319 0.000000 0.000000 227.700149 0 0 800.0
obj 17031 -478.058074 -6210.776855 19.645900 0.000000 0.000000 -193.320037 0 0 800.0
obj 17031 -486.424957 -6249.038085 23.303489 0.000000 0.000000 -166.139938 0 0 800.0
obj 17031 -498.428100 -6226.255371 19.645900 0.000000 0.000000 -193.320037 0 0 800.0
obj 17031 -532.532104 -6176.891113 11.280750 0.000000 0.000000 -242.279907 0 0 800.0
obj 900 -515.944213 -6136.619628 11.143054 0.000000 0.000000 85.319999 0 0 800.0
obj 17031 -478.789550 -6119.327148 10.052371 0.000000 0.000000 -260.160095 0 0 800.0
obj 900 -423.008178 -6108.981445 8.697770 0.000000 0.000000 87.360023 0 0 800.0
obj 900 -435.514526 -6141.623535 8.697770 0.000000 0.000000 70.860023 0 0 800.0
obj 900 -423.471832 -6136.701660 8.697770 0.000000 0.000000 104.280006 0 0 800.0
obj 900 -406.117095 -6136.299316 2.671478 -72.420051 -53.340000 491.459930 0 0 800.0
obj 3639 -385.242614 -6105.305664 16.010740 0.000000 0.000000 180.000000 0 0 800.0
obj 3642 -359.382446 -6106.198730 14.499300 0.000000 0.000000 180.000000 0 0 800.0
obj 3641 -362.824340 -6120.490234 14.097960 0.000000 0.000000 0.000000 0 0 800.0
obj 3641 -382.466186 -6119.635253 14.097960 0.000000 0.000000 0.000000 0 0 800.0
obj 3642 -396.618438 -6123.096679 14.499300 0.000000 0.000000 -90.000000 0 0 800.0
obj 3642 -396.607360 -6112.889648 14.499300 0.000000 0.000000 -90.000000 0 0 800.0
obj 3642 -394.684295 -6108.273437 14.479290 0.000000 0.000000 -134.279998 0 0 800.0
obj 3642 -342.755676 -6104.825195 14.499300 0.000000 0.000000 -90.000000 0 0 800.0
obj 3824 -367.757293 -6104.946289 14.827898 0.000000 0.000000 -90.000000 0 0 800.0
material 7 5444 chicano10_lae shingles3 0x00000000 0 0 800.0
obj 3822 -413.072357 -6104.471679 16.261920 0.000000 0.000000 -77.579963 0 0 800.0
material 7 5444 chicano10_lae shingles3 0x00000000 0 0 800.0
obj 3821 -423.434112 -6103.922851 16.606990 0.000000 0.000000 -77.580001 0 0 800.0
material 5 5444 chicano10_lae shingles3 0x00000000 0 0 800.0
obj 906 -425.482147 -6108.750000 13.211894 0.000000 0.000000 -72.300003 0 0 800.0
obj 3820 -432.465057 -6109.523925 16.607000 0.000000 0.000000 -77.580001 0 0 800.0
obj 3825 -448.595550 -6109.018554 15.978404 0.000000 0.000000 -126.360031 0 0 800.0
material 5 5444 chicano10_lae shingles3 0x00000000 0 0 800.0
obj 3826 -457.153839 -6103.425292 16.604539 0.000000 0.000000 -134.699981 0 0 800.0
material 5 5444 chicano10_lae shingles3 0x00000000 0 0 800.0
obj 3829 -461.483306 -6100.854003 15.372650 0.000000 0.000000 -97.619880 0 0 800.0
material 5 -1 none none 0x00000000 0 0 800.0
material 7 5444 chicano10_lae shingles3 0x00000000 0 0 800.0
obj 3830 -467.052764 -6099.706542 16.148820 0.000000 0.000000 262.620117 0 0 800.0
material 5 5444 chicano10_lae shingles3 0x00000000 0 0 800.0
obj 17033 -474.933868 -6104.684570 10.052392 0.000000 0.000000 -361.200225 0 0 800.0
obj 17135 -572.642944 -6204.322265 -12.010704 -10.739995 1.320000 125.580017 0 0 800.0
obj 17135 -291.973968 -6263.643554 -12.988903 -10.739995 1.320000 316.560180 0 0 800.0
obj 17135 -240.216812 -6189.644042 -19.949470 0.000000 0.000000 29.579950 0 0 800.0
obj 17135 -440.344696 -6300.970703 -19.949470 0.000000 0.000000 -43.140048 0 0 800.0
obj 17135 -553.918884 -6243.029785 -19.949470 0.000000 0.000000 -84.360038 0 0 800.0
obj 17135 -614.798522 -6285.450195 -19.949470 0.000000 0.000000 -84.360038 0 0 800.0
obj 17135 -678.282165 -6290.165527 -19.949470 0.000000 0.000000 -83.160072 0 0 800.0
obj 17031 -572.611145 -6279.637695 35.558189 0.000000 0.000000 -220.980087 0 0 800.0
obj 17031 -643.831848 -6302.108398 35.558189 0.000000 0.000000 -286.860107 0 0 800.0
obj 17031 -699.365722 -6269.469238 35.716808 0.000000 0.000000 -348.300048 0 0 800.0
obj 716 -378.316101 -6025.830078 11.677300 0.000000 0.000000 0.000000 0 0 800.0
obj 10368 -315.660217 -6153.781250 31.679929 0.000000 0.000000 -90.000000 0 0 800.0
obj 18319 -677.513183 -5890.975097 -8.393095 0.000000 0.000000 144.839996 0 0 800.0
obj 18310 -778.891723 -6051.780761 28.415700 0.000000 0.000000 144.839996 0 0 800.0
obj 18309 -658.158691 -6188.705566 50.620300 0.000000 0.000000 144.839996 0 0 800.0
obj 18317 -522.281433 -6004.061523 13.518520 0.000000 0.000000 144.839981 0 0 800.0
obj 3614 -535.117248 -5913.147460 36.997608 0.000000 0.000000 125.879997 0 0 800.0
obj 17031 -508.777160 -5863.686035 10.052371 0.000000 0.000000 -276.120086 0 0 800.0
obj 17031 -482.224182 -5887.815917 10.052371 0.000000 0.000000 -348.900024 0 0 800.0
obj 17031 -553.485961 -5860.790039 10.052371 0.000000 0.000000 -311.819976 0 0 800.0
obj 17031 -498.692108 -5863.767578 10.052371 0.000000 0.000000 -312.060089 0 0 800.0
obj 3040 -328.550903 -6049.378906 14.030670 0.000000 0.000000 0.000000 0 0 800.0
obj 3861 -339.340393 -6061.188476 12.820796 0.000000 0.000000 0.000000 0 0 800.0
obj 10166 -305.388458 -6005.849121 19.523019 0.000000 0.000000 -2.400000 0 0 800.0
obj 17031 -364.471038 -5981.455078 10.052371 0.000000 0.000000 -347.640106 0 0 800.0
obj 17031 -288.841766 -5964.523437 10.052371 0.000000 0.000000 -280.199981 0 0 800.0
obj 17031 -240.939559 -6012.991699 10.052371 0.000000 0.000000 -332.579986 0 0 800.0
obj 17031 -222.843475 -6056.105468 10.052371 0.000000 0.000000 -346.619964 0 0 800.0
obj 17031 -252.156997 -6033.181640 10.052371 0.000000 0.000000 -456.300018 0 0 800.0
obj 17031 -288.380157 -6036.329101 10.052371 0.000000 0.000000 -456.300018 0 0 800.0
obj 17031 -317.891754 -6026.222656 10.052371 0.000000 0.000000 -464.700012 0 0 800.0
obj 900 -348.729400 -6027.173339 15.400629 30.179990 -35.819999 91.919998 0 0 800.0
obj 17031 -354.405548 -6007.630859 10.052371 0.000000 0.000000 -356.039978 0 0 800.0
obj 16097 -495.215270 -5924.827148 14.417037 0.000000 0.000000 211.500030 0 0 800.0
material 0 17031 cuntrock rocktq128 0x00000000 0 0 800.0
material 1 17031 cuntrock rocktq128 0x00000000 0 0 800.0
material 2 17031 cuntrock rocktq128 0x00000000 0 0 800.0
obj 16097 -327.404022 -5987.680175 14.417037 0.000000 0.000000 -26.459938 0 0 800.0
material 0 17031 cuntrock rocktq128 0x00000000 0 0 800.0
material 1 17031 cuntrock rocktq128 0x00000000 0 0 800.0
material 2 17031 cuntrock rocktq128 0x00000000 0 0 800.0
obj 17031 -441.196899 -5987.385253 10.052371 0.000000 0.000000 -290.639923 0 0 800.0
obj 17031 -432.583312 -5995.553710 10.052371 0.000000 0.000000 -112.679992 0 0 800.0
obj 3582 -347.983489 -6074.215820 14.186900 0.000000 0.000000 90.000000 0 0 800.0
obj 3649 -345.714324 -6052.466308 13.852684 0.000000 0.000000 0.000000 0 0 800.0
obj 3558 -356.087005 -6086.928710 14.211194 0.000000 0.000000 0.000000 0 0 800.0
obj 3555 -326.825775 -6123.622070 14.272418 0.000000 0.000000 0.000000 0 0 800.0
obj 3649 -343.192199 -6053.014160 13.852700 0.000000 0.000000 180.000000 0 0 800.0
obj 3040 -328.653686 -6056.254394 14.030670 0.000000 0.000000 0.000000 0 0 800.0
obj 3040 -328.761444 -6063.071289 14.030670 0.000000 0.000000 0.000000 0 0 800.0
obj 3040 -328.872100 -6069.866210 14.030670 0.000000 0.000000 0.000000 0 0 800.0
obj 3040 -328.891082 -6076.684082 14.030670 0.000000 0.000000 0.000000 0 0 800.0
obj 3860 -344.148193 -6061.200195 12.820796 0.000000 0.000000 0.000000 0 0 800.0
obj 3862 -349.175811 -6061.348144 12.820796 0.000000 0.000000 0.000000 0 0 800.0
obj 3582 -341.787933 -6074.199707 14.186841 0.000000 0.000000 -90.000000 0 0 800.0
obj 3860 -339.871612 -6067.769531 12.820796 0.000000 0.000000 180.000000 0 0 800.0
obj 3862 -344.775207 -6067.711425 12.820796 0.000000 0.000000 180.000000 0 0 800.0
obj 3863 -349.503295 -6067.700195 12.820796 0.000000 0.000000 180.000000 0 0 800.0
obj 9915 -383.423553 -6062.393066 1.436290 0.000000 0.000000 99.399993 0 0 800.0
obj 1256 -395.656585 -6060.539062 12.396287 0.000000 0.000000 -3.299918 0 0 800.0
obj 1256 -372.855133 -6063.500488 12.396287 0.000000 0.000000 135.400024 0 0 800.0
obj 1256 -370.870666 -6055.503906 12.396287 0.000000 0.000000 179.600051 0 0 800.0
obj 3558 -348.248291 -6089.210449 14.231200 0.000000 0.000000 180.000000 0 0 800.0
obj 3861 -343.027648 -6091.259277 12.820796 0.000000 0.000000 0.000000 0 0 800.0
obj 3861 -339.339721 -6091.134765 12.820796 0.000000 0.000000 90.000000 0 0 800.0
obj 3861 -339.227447 -6085.629882 12.820796 0.000000 0.000000 90.000000 0 0 800.0
obj 3861 -329.152099 -6085.780761 12.820796 0.000000 0.000000 90.000000 0 0 800.0
obj 3861 -329.013885 -6090.841308 12.820796 0.000000 0.000000 90.000000 0 0 800.0
obj 3861 -329.152099 -6095.527343 12.820796 0.000000 0.000000 90.000000 0 0 800.0
obj 3861 -332.086914 -6095.521972 12.820796 0.000000 0.000000 -90.000000 0 0 800.0
obj 3861 -332.251220 -6090.799804 12.820796 0.000000 0.000000 -90.000000 0 0 800.0
obj 3861 -332.086883 -6085.795410 12.820796 0.000000 0.000000 -90.000000 0 0 800.0
obj 3555 -287.062683 -6121.686523 14.272418 0.000000 0.000000 0.000000 0 0 800.0
obj 3555 -279.227325 -6101.609863 14.272418 0.000000 0.000000 51.059951 0 0 800.0
obj 3556 -270.443420 -6091.521484 14.222208 0.000000 0.000000 48.959980 0 0 800.0
obj 3557 -266.405761 -6085.076660 14.063714 0.000000 0.000000 48.959999 0 0 800.0
obj 3558 -260.016052 -6077.074707 14.063694 0.000000 0.000000 48.959999 0 0 800.0
obj 17031 -241.188461 -6087.538574 10.052371 0.000000 0.000000 -242.999984 0 0 800.0
obj 17031 -229.843246 -6061.230468 10.052371 0.000000 0.000000 -168.479995 0 0 800.0
obj 3642 -257.640106 -6058.982421 14.339790 0.000000 0.000000 -58.319999 0 0 800.0
obj 3642 -271.274627 -6052.038085 14.339790 0.000000 0.000000 -2.400010 0 0 800.0
obj 3642 -284.115447 -6056.870605 14.339790 0.000000 0.000000 37.259990 0 0 800.0
obj 3640 -299.363983 -6056.116210 16.070850 0.000000 0.000000 -4.800000 0 0 800.0
obj 3639 -333.312011 -6038.023437 16.070800 0.000000 0.000000 3.000000 0 0 800.0
obj 3555 -312.365020 -6055.016601 14.272397 0.000000 0.000000 180.000000 0 0 800.0
obj 3861 -318.952484 -6051.243652 12.820796 0.000000 0.000000 -90.000000 0 0 800.0
obj 3861 -318.966033 -6056.571777 12.820796 0.000000 0.000000 -90.000000 0 0 800.0
obj 3861 -322.374664 -6045.930175 12.820796 0.000000 0.000000 -26.580009 0 0 800.0
obj 3555 -302.173828 -6072.449218 14.272397 0.000000 0.000000 0.000000 0 0 800.0
obj 3555 -314.517028 -6072.587402 14.272397 0.000000 0.000000 0.000000 0 0 800.0
obj 3861 -321.213775 -6070.954589 12.820796 0.000000 0.000000 -90.000000 0 0 800.0
obj 3861 -321.017608 -6076.646484 12.820796 0.000000 0.000000 -90.000000 0 0 800.0
obj 3555 -314.714874 -6088.189941 14.272397 0.000000 0.000000 180.000000 0 0 800.0
obj 3555 -301.452789 -6088.177734 14.272397 0.000000 0.000000 180.000000 0 0 800.0
obj 3861 -295.448974 -6070.796875 12.820796 0.000000 0.000000 90.000000 0 0 800.0
obj 3861 -295.507354 -6075.647949 12.820796 0.000000 0.000000 90.000000 0 0 800.0
obj 3861 -294.885620 -6084.112792 12.820796 0.000000 0.000000 90.000000 0 0 800.0
obj 3861 -294.846740 -6089.640625 12.820796 0.000000 0.000000 90.000000 0 0 800.0
obj 3861 -321.310699 -6084.640136 12.820796 0.000000 0.000000 -90.000000 0 0 800.0
obj 3861 -321.361999 -6089.347167 12.820796 0.000000 0.000000 -90.000000 0 0 800.0
obj 3825 -476.890136 -6095.249023 15.978404 0.000000 0.000000 -126.360031 0 0 800.0
material 5 5444 chicano10_lae shingles3 0x00000000 0 0 800.0
obj 3825 -467.016754 -6078.724609 15.978404 0.000000 0.000000 -197.340042 0 0 800.0
material 5 5444 chicano10_lae shingles3 0x00000000 0 0 800.0
obj 3825 -464.468627 -6070.615234 15.978404 0.000000 0.000000 -197.340042 0 0 800.0
material 5 5444 chicano10_lae shingles3 0x00000000 0 0 800.0
obj 3825 -462.015838 -6062.418457 15.978404 0.000000 0.000000 -197.340042 0 0 800.0
material 5 5444 chicano10_lae shingles3 0x00000000 0 0 800.0
obj 3825 -459.432647 -6054.274902 15.978404 0.000000 0.000000 -197.340042 0 0 800.0
material 5 5444 chicano10_lae shingles3 0x00000000 0 0 800.0
obj 3825 -455.046386 -6011.681640 15.978404 0.000000 0.000000 -258.120056 0 0 800.0
material 5 5444 chicano10_lae shingles3 0x00000000 0 0 800.0
obj 3825 -444.891174 -6009.764160 15.978404 0.000000 0.000000 -258.120056 0 0 800.0
material 5 5444 chicano10_lae shingles3 0x00000000 0 0 800.0
obj 3825 -422.488677 -6018.275878 15.978404 0.000000 0.000000 -317.280181 0 0 800.0
material 5 5444 chicano10_lae shingles3 0x00000000 0 0 800.0
obj 3642 -414.265075 -6030.229003 14.459291 0.000000 0.000000 -90.000000 0 0 800.0
obj 3642 -413.910919 -6042.884277 14.479290 0.000000 0.000000 -90.000000 0 0 800.0
obj 3642 -414.837432 -6057.432617 14.479290 0.000000 0.000000 -90.000000 0 0 800.0
obj 3640 -414.734527 -6072.845703 15.872650 0.000000 0.000000 -90.000000 0 0 800.0
obj 3861 -284.414855 -6084.342773 12.820796 0.000000 0.000000 45.000000 0 0 800.0
obj 3861 -281.334869 -6081.308593 12.820796 0.000000 0.000000 45.000000 0 0 800.0
obj 3861 -278.111114 -6078.309082 12.820796 0.000000 0.000000 45.000000 0 0 800.0
obj 3861 -274.877380 -6075.057617 12.820796 0.000000 0.000000 45.000000 0 0 800.0
obj 3861 -271.876617 -6071.967285 12.820796 0.000000 0.000000 45.000000 0 0 800.0
obj 3861 -270.068572 -6068.239257 12.820796 0.000000 0.000000 83.759979 0 0 800.0
obj 3861 -271.635955 -6064.645507 12.820796 0.000000 0.000000 137.820007 0 0 800.0
obj 3861 -275.906768 -6064.000000 12.820796 0.000000 0.000000 209.040039 0 0 800.0
obj 3861 -278.791259 -6066.574707 12.820796 0.000000 0.000000 228.360046 0 0 800.0
obj 3861 -281.122375 -6069.429687 12.820796 0.000000 0.000000 228.360046 0 0 800.0
obj 3861 -283.683929 -6072.645507 12.820796 0.000000 0.000000 228.360046 0 0 800.0
obj 3861 -286.029937 -6075.748046 12.820796 0.000000 0.000000 238.620025 0 0 800.0
obj 3861 -288.010559 -6079.610839 12.820796 0.000000 0.000000 250.080032 0 0 800.0
obj 3861 -288.431915 -6083.844726 12.820796 0.000000 0.000000 269.879974 0 0 800.0
obj 3861 -287.068939 -6087.222167 12.820796 0.000000 0.000000 353.639953 0 0 800.0
obj 17031 -427.351043 -5947.533203 10.589557 0.000000 0.000000 -18.299936 0 0 800.0
obj 17031 -364.131286 -5951.883300 13.130270 0.000000 0.000000 -176.099822 0 0 800.0
obj 17031 -455.336608 -5901.159667 12.719567 0.000000 0.000000 -301.859985 0 0 800.0
obj 17031 -244.931701 -5898.549804 13.459568 0.000000 0.000000 -313.199890 0 0 800.0
obj 17031 -217.209426 -5941.832031 9.769556 0.000000 0.000000 -364.679992 0 0 800.0
obj 17031 -252.507736 -5931.912597 12.909132 0.000000 0.000000 -144.539993 0 0 800.0
obj 17031 -353.552368 -5919.518066 13.130270 0.000000 0.000000 -258.539764 0 0 800.0
obj 17031 -314.302673 -5927.142089 13.130270 0.000000 0.000000 -315.179748 0 0 800.0
obj 622 -375.661285 -5910.108398 11.265398 0.000000 0.000000 0.000000 0 0 800.0
obj 624 -413.708374 -5898.860351 11.265398 0.000000 0.000000 0.000000 0 0 800.0
obj 645 -397.912078 -5898.211914 11.265398 0.000000 0.000000 0.000000 0 0 800.0
obj 648 -219.273132 -5825.964843 10.901638 0.000000 0.000000 0.000000 0 0 800.0
obj 649 -421.448760 -5861.851074 11.221610 0.000000 0.000000 0.000000 0 0 800.0
obj 650 -419.740661 -5851.482421 11.484290 0.000000 0.000000 0.000000 0 0 800.0
obj 652 -307.571075 -5889.358886 13.647060 0.000000 0.000000 0.000000 0 0 800.0
obj 653 -423.389953 -5857.937500 11.656002 0.000000 0.000000 0.000000 0 0 800.0
obj 674 -423.961761 -5853.638183 11.232810 0.000000 0.000000 0.000000 0 0 800.0
obj 681 -417.686309 -5858.986328 11.276968 0.000000 0.000000 0.000000 0 0 800.0
obj 711 -417.069305 -5855.782714 17.109420 0.000000 0.000000 0.000000 0 0 800.0
obj 712 -411.639587 -5842.170898 20.247100 0.000000 0.000000 0.000000 0 0 800.0
obj 716 -390.843170 -6026.014648 11.677280 0.000000 0.000000 0.000000 0 0 800.0
obj 620 -319.559936 -5901.539550 10.002799 0.000000 0.000000 0.000000 0 0 800.0
obj 716 -390.975158 -5972.707031 11.677300 0.000000 0.000000 0.000000 0 0 800.0
obj 716 -390.792907 -6000.961425 11.677300 0.000000 0.000000 0.000000 0 0 800.0
obj 716 -378.517608 -5972.501953 11.677300 0.000000 0.000000 0.000000 0 0 800.0
obj 716 -378.316101 -6000.406250 11.677300 0.000000 0.000000 0.000000 0 0 800.0
obj 711 -409.520141 -6081.378906 17.366910 0.000000 0.000000 0.000000 0 0 800.0
obj 711 -416.567657 -6081.073730 17.366910 0.000000 0.000000 0.000000 0 0 800.0
obj 711 -415.946289 -6097.446289 17.366910 0.000000 0.000000 0.000000 0 0 800.0
obj 711 -441.969238 -6108.669921 17.366910 0.000000 0.000000 -10.079998 0 0 800.0
obj 711 -454.783996 -6096.322753 17.366910 0.000000 0.000000 0.000000 0 0 800.0
obj 711 -470.646820 -6092.561523 17.366910 0.000000 0.000000 0.000000 0 0 800.0
obj 711 -474.368530 -6082.619140 17.366910 0.000000 0.000000 0.000000 0 0 800.0
obj 711 -463.115295 -6047.564941 17.366910 0.000000 0.000000 0.000000 0 0 800.0
obj 711 -456.097015 -6032.396972 17.366910 0.000000 0.000000 0.000000 0 0 800.0
obj 711 -438.795379 -6014.128906 17.366910 0.000000 0.000000 0.000000 0 0 800.0
obj 711 -428.936492 -6017.771484 17.366910 0.000000 0.000000 0.000000 0 0 800.0
obj 711 -420.916259 -6025.964843 17.366910 0.000000 0.000000 0.000000 0 0 800.0
obj 711 -420.589416 -6038.254394 17.366910 0.000000 0.000000 0.000000 0 0 800.0
obj 711 -421.594360 -6065.794921 17.366910 0.000000 0.000000 0.000000 0 0 800.0
obj 622 -421.687042 -6116.498046 9.811985 0.000000 0.000000 0.000000 0 0 800.0
obj 622 -401.354644 -6135.840332 9.811985 0.000000 0.000000 -28.739999 0 0 800.0
obj 622 -341.722503 -6112.916503 8.886590 20.000000 0.000000 0.000000 0 0 800.0
obj 622 -337.901031 -6136.297851 8.886590 20.000000 0.000000 0.000000 0 0 800.0
obj 622 -290.687500 -6132.635742 8.886590 20.000000 0.000000 0.000000 0 0 800.0
obj 620 -270.628540 -6235.626953 37.446651 0.000000 0.000000 0.000000 0 0 800.0
obj 620 -251.241577 -6201.168457 37.446651 0.000000 0.000000 0.000000 0 0 800.0
obj 620 -251.635787 -6155.242187 37.446651 0.000000 0.000000 0.000000 0 0 800.0
obj 622 -238.040405 -6117.286132 60.669139 0.000000 0.000000 66.779998 0 0 800.0
obj 645 -281.438385 -6111.022949 10.899415 0.000000 0.000000 0.000000 0 0 800.0
obj 645 -250.770675 -6068.685058 10.892313 0.000000 0.000000 0.000000 0 0 800.0
obj 645 -258.479370 -6047.370605 11.105660 0.000000 0.000000 0.000000 0 0 800.0
obj 645 -323.894470 -6042.402343 11.240345 0.000000 0.000000 0.000000 0 0 800.0
obj 645 -343.612548 -6035.123535 11.313190 0.000000 0.000000 0.000000 0 0 800.0
obj 710 -304.079345 -6272.624511 67.908630 0.000000 0.000000 0.000000 0 0 800.0
obj 710 -335.886657 -6283.583496 67.908630 0.000000 0.000000 0.000000 0 0 800.0
obj 710 -372.812408 -6298.204101 85.181457 0.000000 0.000000 0.000000 0 0 800.0
obj 710 -408.141021 -6292.846679 60.006408 0.000000 0.000000 0.000000 0 0 800.0
obj 710 -454.667755 -6305.647949 60.006408 0.000000 0.000000 0.000000 0 0 800.0
obj 710 -510.857330 -6261.004882 60.006408 0.000000 0.000000 0.000000 0 0 800.0
obj 710 -536.790161 -6294.264160 70.204437 0.000000 0.000000 0.000000 0 0 800.0
obj 710 -572.683471 -6316.748046 70.204437 0.000000 0.000000 0.000000 0 0 800.0
obj 710 -625.517272 -6319.566406 70.204437 0.000000 0.000000 0.000000 0 0 800.0
obj 710 -625.968750 -6191.605468 70.204437 0.000000 0.000000 0.000000 0 0 800.0
obj 710 -671.574035 -6223.912597 70.204437 0.000000 0.000000 0.000000 0 0 800.0
obj 710 -521.039916 -6211.916015 60.006408 0.000000 0.000000 0.000000 0 0 800.0
obj 710 -536.128051 -6163.786132 49.648170 0.000000 0.000000 0.000000 0 0 800.0
obj 710 -556.626586 -6201.386718 70.637252 0.000000 0.000000 0.000000 0 0 800.0
obj 1294 -419.368347 -6081.391113 15.975790 0.000000 0.000000 12.839962 0 0 800.0
obj 1294 -422.545989 -6060.746582 15.975790 0.000000 0.000000 12.839962 0 0 800.0
obj 1294 -421.788269 -6047.696777 15.975790 0.000000 0.000000 2.639961 0 0 800.0
obj 1294 -431.130035 -6018.562011 15.975790 0.000000 0.000000 34.799968 0 0 800.0
obj 1294 -457.258728 -6017.873535 15.975790 0.000000 0.000000 150.119949 0 0 800.0
obj 1294 -452.009002 -6052.189941 15.975790 0.000000 0.000000 154.439956 0 0 800.0
obj 1294 -475.579498 -6087.895507 15.975790 0.000000 0.000000 181.619979 0 0 800.0
obj 1294 -461.711822 -6084.244628 15.975790 0.000000 0.000000 193.559906 0 0 800.0
obj 1294 -461.475158 -6093.855957 15.975790 0.000000 0.000000 251.219909 0 0 800.0
obj 1294 -448.135803 -6100.953125 15.975790 0.000000 0.000000 231.839935 0 0 800.0
obj 1294 -443.076293 -6111.926757 15.975790 0.000000 0.000000 150.479873 0 0 800.0
obj 900 -449.700714 -6123.926269 7.751060 0.000000 0.000000 355.920043 0 0 800.0
obj 1294 -431.235137 -6099.390625 15.975790 0.000000 0.000000 283.319824 0 0 800.0
obj 1294 -408.039855 -6097.077148 15.975790 0.000000 0.000000 224.159805 0 0 800.0
obj 1294 -393.627166 -6101.046386 15.975790 0.000000 0.000000 294.659851 0 0 800.0
obj 1294 -361.569458 -6098.705078 15.975790 0.000000 0.000000 224.099822 0 0 800.0
obj 1256 -372.231170 -6046.848632 12.396287 0.000000 0.000000 -132.799942 0 0 800.0
obj 1256 -384.422271 -6069.290039 12.396287 0.000000 0.000000 89.699981 0 0 800.0
obj 1256 -395.883758 -6046.970214 12.396287 0.000000 0.000000 -44.399917 0 0 800.0
obj 7191 -363.600128 -6063.883300 13.586297 0.000000 0.000000 0.000000 0 0 800.0
obj 1294 -341.246704 -6042.580078 15.975790 0.000000 0.000000 90.119903 0 0 800.0
obj 1294 -346.955078 -6060.950683 15.975790 0.000000 0.000000 90.119903 0 0 800.0
obj 1294 -342.754333 -6067.177246 15.975790 0.000000 0.000000 -90.000000 0 0 800.0
obj 1290 -286.246185 -6082.885253 17.136819 0.000000 0.000000 -26.399999 0 0 800.0
obj 1290 -273.672088 -6066.996582 17.136819 0.000000 0.000000 -41.220008 0 0 800.0
obj 1290 -280.301696 -6074.811035 17.136819 0.000000 0.000000 -37.260009 0 0 800.0
obj 1294 -319.185516 -6050.241210 15.975790 0.000000 0.000000 34.439899 0 0 800.0
obj 1294 -321.425292 -6066.431640 15.975790 0.000000 0.000000 -1.740100 0 0 800.0
obj 1294 -321.746398 -6082.434570 15.975790 0.000000 0.000000 -1.740100 0 0 800.0
obj 1294 -338.867889 -6089.103027 15.975790 0.000000 0.000000 -173.339996 0 0 800.0
obj 1294 -335.434539 -6110.055175 15.975790 0.000000 0.000000 -173.339996 0 0 800.0
obj 1290 -318.299713 -6114.915527 17.136800 0.000000 0.000000 0.000000 0 0 800.0
obj 1290 -318.479309 -6134.991699 17.136800 0.000000 0.000000 0.000000 0 0 800.0
obj 1290 -331.019989 -6135.154296 17.136800 0.000000 0.000000 0.000000 0 0 800.0
obj 1290 -293.055206 -6114.700195 17.136800 0.000000 0.000000 0.000000 0 0 800.0
obj 1290 -293.070373 -6134.877441 17.136800 0.000000 0.000000 0.000000 0 0 800.0
obj 711 -316.174743 -6121.967773 17.511419 0.000000 0.000000 0.000000 0 0 800.0
obj 711 -316.306121 -6129.383789 17.511419 0.000000 0.000000 0.000000 0 0 800.0
obj 711 -323.732025 -6137.550292 17.511419 0.000000 0.000000 0.000000 0 0 800.0
obj 711 -295.186004 -6122.745605 17.511419 0.000000 0.000000 0.000000 0 0 800.0
obj 711 -295.224151 -6130.960937 17.511419 0.000000 0.000000 0.000000 0 0 800.0
obj 1290 -330.602294 -6090.869628 17.136800 0.000000 0.000000 0.000000 0 0 800.0
obj 1294 -336.412017 -6068.556152 15.975790 0.000000 0.000000 -173.339996 0 0 800.0
obj 1568 -414.700103 -6115.509277 11.318940 0.000000 0.000000 0.000000 0 0 800.0
obj 1568 -412.614471 -6125.424316 11.318940 0.000000 0.000000 0.000000 0 0 800.0
obj 1568 -402.152465 -6136.652343 11.318940 0.000000 0.000000 0.000000 0 0 800.0
obj 1568 -402.968139 -6122.190429 11.318940 0.000000 0.000000 0.000000 0 0 800.0
obj 1568 -402.920288 -6112.035644 11.318940 0.000000 0.000000 0.000000 0 0 800.0
obj 1568 -388.039581 -6134.283203 11.318940 0.000000 0.000000 0.000000 0 0 800.0
obj 1568 -382.665100 -6124.226562 11.318940 0.000000 0.000000 0.000000 0 0 800.0
obj 1568 -382.488464 -6115.551269 11.318940 0.000000 0.000000 0.000000 0 0 800.0
obj 1568 -363.037078 -6116.304199 11.318940 0.000000 0.000000 0.000000 0 0 800.0
obj 1568 -362.890563 -6124.157714 11.318940 0.000000 0.000000 0.000000 0 0 800.0
obj 1568 -377.251373 -6109.768066 11.318940 0.000000 0.000000 0.000000 0 0 800.0
obj 1568 -356.107574 -6135.666992 11.318940 0.000000 0.000000 0.000000 0 0 800.0
obj 1568 -349.761077 -6135.582031 11.318940 0.000000 0.000000 0.000000 0 0 800.0
obj 1568 -348.676635 -6123.441406 11.318940 0.000000 0.000000 0.000000 0 0 800.0
obj 1568 -348.326782 -6110.495605 11.318940 0.000000 0.000000 0.000000 0 0 800.0
obj 648 -236.021652 -5868.307617 10.901638 0.000000 0.000000 -126.059997 0 0 800.0
obj 648 -249.554595 -5870.906250 10.901638 0.000000 0.000000 -40.619991 0 0 800.0
obj 648 -255.688980 -5854.685546 10.901638 0.000000 0.000000 -94.259979 0 0 800.0
obj 648 -265.694549 -5827.076660 10.901638 0.000000 0.000000 119.940017 0 0 800.0
obj 648 -282.919372 -5884.400390 10.901638 0.000000 0.000000 119.940017 0 0 800.0
obj 648 -290.473907 -5841.573242 10.901638 0.000000 0.000000 71.760032 0 0 800.0
obj 710 -299.706237 -5830.879394 27.193229 0.000000 0.000000 81.779998 0 0 800.0
obj 710 -271.623046 -5842.291992 27.193229 0.000000 0.000000 81.779998 0 0 800.0
obj 710 -296.468688 -5873.848632 27.193229 0.000000 0.000000 81.779998 0 0 800.0
obj 710 -289.535644 -5898.527832 27.193229 0.000000 0.000000 81.779998 0 0 800.0
obj 710 -264.611907 -5869.078125 27.193229 0.000000 0.000000 81.779998 0 0 800.0
obj 710 -245.644058 -5834.126953 27.193229 0.000000 0.000000 81.779998 0 0 800.0
obj 710 -247.756423 -5811.246093 27.193229 0.000000 0.000000 81.779998 0 0 800.0
obj 710 -215.280776 -5851.631347 27.193229 0.000000 0.000000 81.779998 0 0 800.0
obj 648 -216.333343 -5869.925781 10.901638 0.000000 0.000000 71.760032 0 0 800.0
obj 710 -200.211334 -5905.879882 27.193229 0.000000 0.000000 81.779998 0 0 800.0
obj 710 -199.335037 -5857.836425 27.193229 0.000000 0.000000 81.779998 0 0 800.0
obj 620 -351.041412 -5900.404296 10.002799 0.000000 0.000000 0.000000 0 0 800.0
obj 620 -376.554077 -5922.854980 10.002799 0.000000 0.000000 0.000000 0 0 800.0
obj 620 -406.424743 -5936.020019 10.002799 0.000000 0.000000 0.000000 0 0 800.0
obj 620 -421.393951 -5913.192871 10.002799 0.000000 0.000000 0.000000 0 0 800.0
obj 620 -442.712249 -5889.019042 10.002799 0.000000 0.000000 0.000000 0 0 800.0
obj 648 -441.654144 -5858.470214 10.901638 0.000000 0.000000 71.760032 0 0 800.0
obj 648 -451.327392 -5842.185546 10.124464 0.000000 0.000000 190.620040 0 0 800.0
obj 648 -471.163024 -5859.161621 10.124464 0.000000 0.000000 258.060028 0 0 800.0
obj 648 -466.864501 -5868.216796 10.124464 0.000000 0.000000 120.060012 0 0 800.0
obj 648 -460.180816 -5850.846679 10.124464 0.000000 0.000000 120.060012 0 0 800.0
obj 648 -428.576934 -5841.446777 10.124464 0.000000 0.000000 120.060012 0 0 800.0
obj 648 -428.511627 -5880.505371 10.124464 0.000000 0.000000 215.580062 0 0 800.0
obj 710 -427.235260 -5862.052246 25.639909 0.000000 0.000000 81.779998 0 0 800.0
obj 710 -418.837371 -5831.855957 25.639909 0.000000 0.000000 81.779998 0 0 800.0
obj 710 -443.282928 -5848.828613 25.639909 0.000000 0.000000 81.779998 0 0 800.0
obj 710 -463.556060 -5833.161621 25.639909 0.000000 0.000000 81.779998 0 0 800.0
obj 712 -436.603912 -5832.020507 20.247100 0.000000 0.000000 0.000000 0 0 800.0
obj 712 -294.938262 -5883.676757 26.493650 0.000000 0.000000 0.000000 0 0 800.0
obj 712 -288.758850 -5865.806640 26.493650 0.000000 0.000000 0.000000 0 0 800.0
obj 712 -294.570953 -5849.324218 23.067680 0.000000 0.000000 0.000000 0 0 800.0
obj 712 -281.575317 -5827.656738 21.124780 0.000000 0.000000 0.000000 0 0 800.0
obj 712 -227.240798 -5837.678710 21.124780 0.000000 0.000000 0.000000 0 0 800.0
obj 648 -215.756744 -5860.546875 -0.292840 0.000000 0.000000 -56.940010 0 0 800.0
obj 652 -309.309570 -5861.799316 12.674590 0.000000 0.000000 0.000000 0 0 800.0
obj 652 -292.492706 -5817.237792 10.411211 0.000000 0.000000 0.000000 0 0 800.0
obj 652 -239.741744 -5823.599121 9.325570 0.000000 0.000000 0.000000 0 0 800.0
obj 16097 -709.190856 -5831.946289 -22.684589 0.000000 0.000000 211.500030 0 0 800.0
material 0 17031 cuntrock rocktq128 0x00000000 0 0 800.0
material 1 17031 cuntrock rocktq128 0x00000000 0 0 800.0
material 2 17031 cuntrock rocktq128 0x00000000 0 0 800.0
obj 17031 -650.194946 -5846.983398 15.354948 0.000000 0.000000 -311.819976 0 0 800.0
obj 17031 -704.645874 -5887.387695 10.089927 0.000000 0.000000 -188.099990 0 0 800.0
obj 17031 -700.576354 -5824.401855 10.187682 0.000000 0.000000 -213.180007 0 0 800.0
obj 17031 -674.201599 -5810.409179 8.730355 0.000000 0.000000 -269.760040 0 0 800.0
obj 17031 -605.960510 -5838.684570 10.085617 0.000000 0.000000 -253.380050 0 0 800.0
obj 17031 -521.077087 -5824.499511 2.534399 0.540000 -16.559999 -253.380050 0 0 800.0
obj 17031 -330.003173 -5834.045410 2.534399 0.540000 -16.559999 -215.940063 0 0 800.0
obj 17031 -330.120697 -5895.834960 3.316600 13.500000 44.700019 -203.220046 0 0 800.0
obj 17031 -198.123992 -5836.833496 7.115290 0.000000 0.000000 -214.199798 0 0 800.0
obj 17031 -181.647613 -5899.147460 7.115290 0.000000 0.000000 -173.399780 0 0 800.0
obj 17031 -187.918884 -6012.521972 7.115290 0.000000 0.000000 -173.399780 0 0 800.0
obj 620 -205.632156 -6316.692871 9.278470 0.000000 0.000000 0.000000 0 0 800.0
obj 621 -189.527709 -6310.098144 8.325510 0.000000 0.000000 0.000000 0 0 800.0
obj 622 -201.667694 -6343.137207 8.881402 0.000000 0.000000 61.020000 0 0 800.0
obj 623 -224.446502 -6337.128906 8.881400 0.000000 0.000000 -52.079990 0 0 800.0
obj 624 -185.923675 -6331.728027 9.349946 0.000000 0.000000 0.000000 0 0 800.0
obj 622 -176.502532 -6317.919433 8.881402 0.000000 0.000000 101.759986 0 0 800.0
obj 710 -713.820434 -6214.988769 24.507759 0.000000 0.000000 0.000000 0 0 800.0
obj 710 -715.736511 -6344.909667 24.507759 0.000000 0.000000 0.000000 0 0 800.0
obj 711 -721.314880 -6351.982910 14.594920 0.000000 0.000000 0.000000 0 0 800.0
obj 652 -498.040252 -6011.315429 27.415840 0.000000 0.000000 0.000000 0 0 800.0
obj 711 -532.572326 -6031.501953 45.409099 0.000000 0.000000 0.000000 0 0 800.0
obj 711 -550.911376 -6083.272949 54.966991 0.000000 0.000000 0.000000 0 0 800.0
obj 652 -572.847778 -5893.449218 44.710281 0.000000 0.000000 0.000000 0 0 800.0
obj 711 -656.047363 -5926.873046 76.739761 0.000000 0.000000 0.000000 0 0 800.0
obj 652 -651.189086 -6083.711914 99.513481 0.000000 0.000000 0.000000 0 0 800.0
obj 652 -670.927856 -6096.993652 99.513481 0.000000 0.000000 0.000000 0 0 800.0
obj 711 -663.722717 -6084.984863 104.332168 0.000000 0.000000 0.000000 0 0 800.0
obj 711 -741.984741 -6151.421875 40.907928 0.000000 0.000000 0.000000 0 0 800.0
obj 711 -773.403869 -6057.347656 44.294589 0.000000 0.000000 0.000000 0 0 800.0
obj 710 -607.908752 -5858.330566 24.984870 0.000000 0.000000 81.779998 0 0 800.0
obj 710 -607.728088 -5821.131835 24.984870 0.000000 0.000000 81.779998 0 0 800.0
obj 710 -661.331054 -5829.228027 24.984870 0.000000 0.000000 81.779998 0 0 800.0
obj 710 -711.264160 -5855.323242 24.984870 0.000000 0.000000 81.779998 0 0 800.0
obj 710 -667.726013 -5882.745117 24.984870 0.000000 0.000000 81.779998 0 0 800.0
obj 711 -204.850860 -6262.068847 68.808326 0.000000 0.000000 0.000000 0 0 800.0
obj 904 -406.702453 -6236.830078 49.968265 0.000000 0.000000 -151.800003 0 0 800.0
obj 904 -401.057708 -6236.729003 50.028266 0.000000 0.000000 -151.800003 0 0 800.0
obj 904 -396.567260 -6236.600585 50.068267 0.000000 0.000000 -151.800003 0 0 800.0
obj 904 -362.132812 -6226.270507 50.468284 0.000000 0.000000 -151.800003 0 0 800.0
obj 904 -356.866485 -6224.791503 50.458274 0.000000 0.000000 -151.800003 0 0 800.0
obj 904 -352.680450 -6223.218750 50.408267 0.000000 0.000000 -151.800003 0 0 800.0
obj 744 -447.451904 -5832.221679 11.303540 0.000000 0.000000 0.000000 0 0 800.0
obj 746 -432.677612 -5831.905273 11.480870 0.000000 0.000000 0.000000 0 0 800.0
obj 745 -422.147857 -5841.541015 11.480895 0.000000 0.000000 0.000000 0 0 800.0
obj 750 -415.839508 -5873.692871 11.685935 0.000000 0.000000 0.000000 0 0 800.0
obj 751 -406.835266 -5884.020507 11.636230 0.000000 0.000000 0.000000 0 0 800.0
obj 17031 -381.018127 -5847.812500 3.179198 0.000000 0.000000 -363.659759 0 0 800.0
obj 17031 -391.628479 -5858.410156 3.179198 0.000000 0.000000 -181.079711 0 0 800.0
obj 17031 -495.599609 -6208.622558 30.971040 0.000000 0.000000 -88.399963 0 0 800.0
obj 19452 -398.891571 -6198.563476 58.741523 -90.900024 -101.000007 0.000000 0 0 800.0
obj 19452 -388.620361 -6208.812500 57.001110 -91.199996 40.999996 0.000000 0 0 800.0
obj 19550 -259.657287 -6009.909667 11.696290 0.000000 0.000000 0.000000 0 0 800.0
obj 19550 -259.657287 -6134.891113 11.696290 0.000000 0.000000 0.000000 0 0 800.0
obj 3555 -432.822662 -6080.428710 14.272418 0.000000 0.000000 -90.200019 0 0 800.0
obj 3555 -432.787261 -6070.299316 14.272418 0.000000 0.000000 -90.200019 0 0 800.0
obj 3555 -432.751861 -6060.204101 14.272418 0.000000 0.000000 -90.200019 0 0 800.0
obj 3555 -432.716613 -6050.034179 14.272418 0.000000 0.000000 -90.200019 0 0 800.0
obj 3555 -432.681091 -6039.969726 14.272418 0.000000 0.000000 -90.200019 0 0 800.0
obj 3555 -444.740722 -6080.594726 14.272418 0.000000 0.000000 90.499954 0 0 800.0
obj 3555 -443.897796 -6072.299804 14.272418 0.000000 0.000000 76.199966 0 0 800.0
obj 3555 -441.421264 -6062.790039 14.272418 0.000000 0.000000 75.099983 0 0 800.0
obj 3555 -440.144134 -6052.708496 14.292413 0.000000 0.000000 90.499954 0 0 800.0
obj 3555 -440.221679 -6042.664062 14.272418 0.000000 0.000000 90.499954 0 0 800.0
obj 3555 -436.988433 -6036.868652 14.272418 0.000000 0.000000 0.099953 0 0 800.0
obj 3555 -439.075714 -6087.453613 14.272418 0.000000 0.000000 -179.699966 0 0 800.0
obj 711 -444.943939 -6086.262207 17.366910 0.000000 0.000000 0.000000 0 0 800.0
obj 711 -433.354003 -6086.514648 17.366910 0.000000 0.000000 0.000000 0 0 800.0
obj 1294 -443.336791 -6035.900390 15.975790 0.000000 0.000000 -53.460037 0 0 800.0
obj 1294 -430.725799 -6032.777343 15.975790 0.000000 0.000000 -112.060058 0 0 800.0
obj 1256 -412.995239 -6081.224609 12.376070 0.000000 0.000000 90.000000 0 0 800.0
obj 1256 -430.758514 -6086.215332 12.376070 0.000000 0.000000 90.000000 0 0 800.0
obj 1256 -408.279846 -6100.337402 12.376097 0.000000 0.000000 -167.159896 0 0 800.0
obj 1256 -407.296234 -6104.973632 12.376097 0.000000 0.000000 -167.159896 0 0 800.0
obj 1256 -389.679748 -6098.757812 12.376097 0.000000 0.000000 -91.079917 0 0 800.0
obj 1256 -368.803314 -6097.633300 12.376097 0.000000 0.000000 -91.079917 0 0 800.0
obj 1256 -363.938446 -6089.881835 12.376097 0.000000 0.000000 -0.479918 0 0 800.0
obj 1256 -403.881744 -6147.184570 22.792549 0.000000 0.000000 -87.659957 0 0 800.0
obj 1256 -396.583953 -6147.128906 22.792549 0.000000 0.000000 -88.919937 0 0 800.0
obj 1256 -388.191589 -6147.002929 22.792549 0.000000 0.000000 -88.919937 0 0 800.0
obj 4832 -400.701171 -6052.461914 -23.084379 0.000000 0.000000 0.000000 0 0 800.0
material 3 19550 beach_sfs Grass_128HV 0x00000000 0 0 800.0
obj 4832 -400.805633 -6062.645996 -25.884340 0.000000 0.000000 0.000000 0 0 800.0
material 3 19550 beach_sfs Grass_128HV 0x00000000 0 0 800.0
obj 4832 -392.808532 -6050.424804 -25.864339 0.000000 0.000000 0.000000 0 0 800.0
material 0 19550 beach_sfs Grass_128HV 0x00000000 0 0 800.0
material 1 19550 beach_sfs Grass_128HV 0x00000000 0 0 800.0
material 2 19550 beach_sfs Grass_128HV 0x00000000 0 0 800.0
material 3 19550 beach_sfs Grass_128HV 0x00000000 0 0 800.0
obj 4832 -393.543914 -6058.569335 -25.834299 0.000000 0.000000 0.000000 0 0 800.0
material 2 19550 beach_sfs Grass_128HV 0x00000000 0 0 800.0
material 3 19550 beach_sfs Grass_128HV 0x00000000 0 0 800.0
obj 4832 -408.222320 -6050.458496 -25.884340 0.000000 0.000000 0.000000 0 0 800.0
material 3 19550 beach_sfs Grass_128HV 0x00000000 0 0 800.0
obj 4832 -406.402404 -6059.616210 -25.864299 0.000000 0.000000 0.000000 0 0 800.0
material 3 19550 beach_sfs Grass_128HV 0x00000000 0 0 800.0
obj 7191 -363.648010 -5991.860839 13.586297 0.000000 0.000000 0.100000 0 0 800.0
obj 615 -391.564300 -6051.914062 13.496397 0.000000 0.000000 -79.019981 0 0 800.0
material 3 19550 beach_sfs Grass_128HV 0x00000000 0 0 800.0
obj 615 -390.045196 -6060.665527 13.496397 0.000000 0.000000 0.000000 0 0 800.0
obj 615 -383.167694 -6063.432617 13.496397 0.000000 0.000000 0.000000 0 0 800.0
obj 615 -376.345794 -6059.776367 13.496397 0.000000 0.000000 91.080009 0 0 800.0
obj 615 -376.027587 -6051.885742 14.040747 0.000000 0.000000 0.000000 0 0 800.0
obj 4832 -403.912902 -6050.444824 -25.864299 0.000000 0.000000 0.000000 0 0 800.0
material 3 19550 beach_sfs Grass_128HV 0x00000000 0 0 800.0
obj 4832 -399.697723 -6050.423339 -25.884340 0.000000 0.000000 0.000000 0 0 800.0
material 3 19550 beach_sfs Grass_128HV 0x00000000 0 0 800.0
obj 4832 -396.849304 -6050.427734 -25.904300 0.000000 0.000000 0.000000 0 0 800.0
material 3 19550 beach_sfs Grass_128HV 0x00000000 0 0 800.0
obj 7191 -363.600128 -6019.211425 13.586297 0.000000 0.000000 0.000000 0 0 800.0
obj 7191 -402.970184 -6063.883300 13.586297 0.000000 0.000000 0.000000 0 0 800.0
obj 7191 -402.970184 -6019.165039 13.586297 0.000000 0.000000 0.000000 0 0 800.0
obj 7191 -425.611907 -5997.660156 13.586297 0.000000 0.000000 91.399993 0 0 800.0
obj 716 -404.085235 -5972.707031 11.677300 0.000000 0.000000 0.000000 0 0 800.0
obj 1294 -401.085144 -5997.290527 16.055673 0.000000 0.000000 -179.299957 0 0 800.0
obj 1294 -365.585357 -6014.468261 16.059789 0.000000 0.000000 0.000000 0 0 800.0
obj 1294 -401.245422 -6021.831542 16.055673 0.000000 0.000000 -179.299957 0 0 800.0
obj 1294 -401.094268 -6041.566406 16.055673 0.000000 0.000000 -179.299957 0 0 800.0
obj 1294 -401.055480 -6065.226074 16.055673 0.000000 0.000000 -179.299957 0 0 800.0
obj 1294 -400.899139 -6086.187011 16.055673 0.000000 0.000000 -179.299957 0 0 800.0
obj 1294 -365.585357 -6027.657226 16.059789 0.000000 0.000000 0.000000 0 0 800.0
obj 1294 -365.585357 -6041.563964 16.059789 0.000000 0.000000 0.000000 0 0 800.0
obj 1294 -365.585357 -6064.659179 16.059789 0.000000 0.000000 0.000000 0 0 800.0
obj 1294 -365.585357 -6086.377929 16.059789 0.000000 0.000000 0.000000 0 0 800.0
