sell 99999 423.649987 -1839.130004 5.689999
area 423.649987 -1839.130004 5.689999
changeobj 1506 413.470001 -1857.530029 8.000000 0.000000 0.000000 90.000000 1502
changeobj 1506 426.350006 -1859.250000 8.000000 0.000000 0.000000 90.000000 1502
changeobj 1506 422.049987 -1841.689941 4.480000 0.000000 0.000000 0.000000 1502
obj 19850 418.049987 -1832.130004 4.489999 0.000000 0.000000 180.000000
obj 19451 409.529998 -1858.540039 4.659999 0.000000 0.000000 0.000000
obj 19451 414.359985 -1823.000000 4.659999 0.000000 0.000000 90.000000
material0 3988 "civic06_lan" "LAcityhwal2" 0
obj 19451 428.380004 -1823.000000 4.659999 0.000000 0.000000 90.000000
material0 3988 "civic06_lan" "LAcityhwal2" 0
obj 19451 409.529998 -1848.900024 4.659999 0.000000 0.000000 0.000000
obj 19451 409.529998 -1839.270019 4.659999 0.000000 0.000000 0.000000
material0 3988 "civic06_lan" "LAcityhwal2" 0
obj 19451 409.529998 -1829.640014 4.659999 0.000000 0.000000 0.000000
material0 3988 "civic06_lan" "LAcityhwal2" 0
obj 19850 418.049987 -1832.130004 3.079999 0.000000 0.000000 180.000000
obj 19359 409.510009 -1824.609985 4.659999 0.000000 0.000000 0.000000
material0 3988 "civic06_lan" "LAcityhwal2" 0
obj 16112 431.299987 -1842.560058 -8.060000 0.000000 0.000000 164.000000
material0 17566 "contachou1_lae2" "mp_apt1_woodpanel" 0
obj 16112 429.160003 -1856.770019 -8.060000 0.000000 0.000000 141.000000
obj 14414 412.269989 -1848.719970 4.760000 0.000000 0.000000 180.000000
obj 19390 422.820007 -1841.680053 6.219999 0.000000 0.000000 90.000000
material0 18265 "w_town3cs_t" "ws_redbrickold" 0
obj 19361 425.769989 -1842.469970 6.219999 0.000000 0.000000 60.000000
material0 18265 "w_town3cs_t" "ws_redbrickold" 0
obj 19361 427.109985 -1844.829956 6.219999 0.000000 0.000000 0.000000
material0 18265 "w_town3cs_t" "ws_redbrickold" 0
obj 19453 410.260009 -1846.579956 6.219999 0.000000 0.000000 0.000000
obj 19453 410.260009 -1856.209960 6.219999 0.000000 0.000000 0.000000
obj 19361 428.600006 -1846.510009 6.219999 0.000000 0.000000 90.000000
material0 18265 "w_town3cs_t" "ws_redbrickold" 0
obj 19361 428.769989 -1856.959960 6.219999 0.000000 0.000000 -60.000000
material0 18265 "w_town3cs_t" "ws_redbrickold" 0
obj 19361 430.119995 -1854.599975 6.219999 0.000000 0.000000 0.000000
material0 18265 "w_town3cs_t" "ws_redbrickold" 0
obj 19325 430.130004 -1851.439941 5.900000 0.000000 0.000000 0.000000
material0 1649 "wglass" "carshowwin2" 0
obj 19434 430.119995 -1847.369995 6.219999 0.000000 0.000000 0.000000
material0 18265 "w_town3cs_t" "ws_redbrickold" 0
obj 19361 411.779998 -1841.680053 6.219999 0.000000 0.000000 90.000000
material0 18265 "w_town3cs_t" "ws_redbrickold" 0
obj 19325 417.959991 -1841.670043 5.280000 0.000000 0.000000 90.000000
material0 1649 "wglass" "carshowwin2" 0
obj 19434 414.190002 -1841.680053 6.219999 0.000000 0.000000 90.000000
material0 18265 "w_town3cs_t" "ws_redbrickold" 0
obj 19458 414.200012 -1843.510009 3.150000 90.000000 0.000000 0.000000
material0 12954 "sw_furniture" "CJ_WOOD5" 0
obj 19458 414.200012 -1847.010009 3.150000 90.000000 0.000000 0.000000
material0 12954 "sw_furniture" "CJ_WOOD5" 0
obj 19458 414.200012 -1850.500000 1.860000 90.000000 0.000000 0.000000
material0 12954 "sw_furniture" "CJ_WOOD5" 0
obj 19378 424.940002 -1856.060058 4.599999 0.000000 90.000000 0.000000
material0 13007 "sw_bankint" "woodfloor1" 0
obj 19378 414.440002 -1846.430053 4.579999 0.000000 90.000000 0.000000
material0 13007 "sw_bankint" "woodfloor1" 0
obj 19378 424.940002 -1846.430053 4.579999 0.000000 90.000000 0.000000
material0 13007 "sw_bankint" "woodfloor1" 0
obj 19943 428.959991 -1859.500000 0.920000 0.000000 0.000000 0.000000
obj 19361 426.010009 -1858.550048 6.219999 0.000000 0.000000 -60.000000
material0 18265 "w_town3cs_t" "ws_redbrickold" 0
obj 19434 424.679992 -1860.069946 6.219999 0.000000 0.000000 0.000000
material0 18265 "w_town3cs_t" "ws_redbrickold" 0
obj 19378 414.440002 -1856.060058 4.599999 0.000000 90.000000 0.000000
material0 13007 "sw_bankint" "woodfloor1" 0
obj 19385 422.820007 -1841.839965 6.219999 0.000000 0.000000 90.000000
material0 17566 "contachou1_lae2" "mp_apt1_woodpanel" 0
obj 19355 425.750000 -1842.630004 6.219999 0.000000 0.000000 60.000000
material0 17566 "contachou1_lae2" "mp_apt1_woodpanel" 0
obj 19355 426.950012 -1844.969970 6.219999 0.000000 0.000000 0.000000
material0 17566 "contachou1_lae2" "mp_apt1_woodpanel" 0
obj 19355 428.459991 -1846.530029 6.219999 0.000000 0.000000 90.000000
material0 17566 "contachou1_lae2" "mp_apt1_woodpanel" 0
obj 19428 430.040008 -1847.390014 6.219999 0.000000 0.000000 0.000000
material0 17566 "contachou1_lae2" "mp_apt1_woodpanel" 0
obj 19355 430.040008 -1854.579956 6.219999 0.000000 0.000000 0.000000
material0 17566 "contachou1_lae2" "mp_apt1_woodpanel" 0
obj 19355 428.769989 -1856.900024 6.219999 0.000000 0.000000 -60.000000
material0 17566 "contachou1_lae2" "mp_apt1_woodpanel" 0
obj 19355 426.010009 -1858.510009 6.219999 0.000000 0.000000 -60.000000
material0 17566 "contachou1_lae2" "mp_apt1_woodpanel" 0
obj 19428 424.640014 -1860.069946 6.219999 0.000000 0.000000 0.000000
material0 17566 "contachou1_lae2" "mp_apt1_woodpanel" 0
obj 19355 413.380004 -1841.839965 6.199999 0.000000 0.000000 90.000000
material0 17566 "contachou1_lae2" "mp_apt1_woodpanel" 0
obj 19447 410.299987 -1856.209960 6.219999 0.000000 0.000000 0.000000
material0 17566 "contachou1_lae2" "mp_apt1_woodpanel" 0
material1 -1 "none" "none" 
obj 19447 410.299987 -1846.579956 6.199999 0.000000 0.000000 0.000000
material0 17566 "contachou1_lae2" "mp_apt1_woodpanel" 0
obj 19447 419.790008 -1860.760009 3.380000 0.000000 0.000000 90.000000
obj 19359 408.570007 -1841.689941 4.659999 0.000000 0.000000 90.000000
material0 8390 "vegasemulticar" "ws_mixedbrick" 0
obj 19359 408.570007 -1860.900024 4.659999 0.000000 0.000000 90.000000
material0 8390 "vegasemulticar" "ws_mixedbrick" 0
obj 19361 411.790008 -1860.949951 6.219999 0.000000 0.000000 90.000000
material0 18265 "w_town3cs_t" "ws_redbrickold" 0
obj 19434 414.190002 -1860.949951 6.219999 0.000000 0.000000 90.000000
material0 18265 "w_town3cs_t" "ws_redbrickold" 0
obj 19361 423.170013 -1860.949951 6.219999 0.000000 0.000000 90.000000
material0 18265 "w_town3cs_t" "ws_redbrickold" 0
obj 19355 423.149993 -1860.750000 6.219999 0.000000 0.000000 90.000000
material0 17566 "contachou1_lae2" "mp_apt1_woodpanel" 0
obj 19355 411.790008 -1860.750000 6.219999 0.000000 0.000000 90.000000
material0 17566 "contachou1_lae2" "mp_apt1_woodpanel" 0
obj 19428 414.190002 -1860.750000 6.219999 0.000000 0.000000 90.000000
material0 17566 "contachou1_lae2" "mp_apt1_woodpanel" 0
obj 19325 418.299987 -1860.750000 5.280000 0.000000 0.000000 90.000000
material0 1649 "wglass" "carshowwin2" 0
obj 19375 424.940002 -1856.060058 7.960000 0.000000 90.000000 0.000000
material0 13007 "sw_bankint" "woodfloor1" 0
obj 19375 414.440002 -1856.060058 7.960000 0.000000 90.000000 0.000000
material0 13007 "sw_bankint" "woodfloor1" 0
obj 19448 425.420013 -1848.060058 7.980000 0.000000 90.000000 0.000000
material0 13007 "sw_bankint" "woodfloor1" 0
obj 19448 421.929992 -1846.430053 7.960000 0.000000 90.000000 0.000000
material0 13007 "sw_bankint" "woodfloor1" 0
obj 19429 427.970001 -1849.489990 7.960000 0.000000 90.000000 90.000000
material0 13007 "sw_bankint" "woodfloor1" 0
obj 19429 429.390014 -1849.489990 7.949999 0.000000 90.000000 90.000000
material0 13007 "sw_bankint" "woodfloor1" 0
obj 19429 428.420013 -1847.239990 7.969999 0.000000 90.000000 0.000000
material0 13007 "sw_bankint" "woodfloor1" 0
obj 19429 425.559997 -1844.369995 7.969999 0.000000 90.000000 60.000000
material0 13007 "sw_bankint" "woodfloor1" 0
obj 19429 424.179992 -1843.569946 7.969999 0.000000 90.000000 60.000000
material0 13007 "sw_bankint" "woodfloor1" 0
obj 19429 423.600006 -1843.359985 7.949999 0.000000 90.000000 90.000000
material0 13007 "sw_bankint" "woodfloor1" 0
obj 19448 415.359985 -1843.359985 7.960000 0.000000 90.000000 90.000000
material0 13007 "sw_bankint" "woodfloor1" 0
obj 19325 414.239990 -1850.089965 4.639999 90.000000 0.000000 0.000000
obj 19439 414.200012 -1844.310058 9.720000 0.000000 0.000000 0.000000
material0 12954 "sw_furniture" "CJ_WOOD5" 0
obj 19325 414.239990 -1846.680053 8.140000 90.000000 0.000000 0.000000
obj 19439 411.000000 -1851.880004 9.720000 0.000000 0.000000 90.000000
material0 12954 "sw_furniture" "CJ_WOOD5" 0
obj 19366 414.200012 -1850.339965 9.720000 0.000000 0.000000 0.000000
material0 12954 "sw_furniture" "CJ_WOOD5" 0
obj 19366 412.670013 -1851.869995 9.720000 0.000000 0.000000 90.000000
material0 12954 "sw_furniture" "CJ_WOOD5" 0
obj 970 411.359985 -1851.930053 8.510000 0.000000 0.000000 0.000000
obj 970 409.279998 -1854.209960 8.510000 0.000000 0.000000 90.000000
obj 970 409.299987 -1858.449951 8.510000 0.000000 0.000000 90.000000
obj 970 411.359985 -1860.520019 8.510000 0.000000 0.000000 0.000000
obj 19325 410.279998 -1846.680053 8.140000 90.000000 0.000000 0.000000
material0 1649 "wglass" "carshowwin2" 0
obj 19325 418.250000 -1860.750000 9.399999 0.000000 0.000000 90.000000
material0 1649 "wglass" "carshowwin2" 0
obj 19432 424.700012 -1860.010009 9.720000 0.000000 0.000000 0.000000
material0 8390 "vegasemulticar" "ws_mixedbrick" 0
obj 19359 423.170013 -1860.719970 9.720000 0.000000 0.000000 90.000000
material0 8390 "vegasemulticar" "ws_mixedbrick" 0
obj 19359 413.420013 -1860.719970 9.720000 0.000000 0.000000 90.000000
material0 8390 "vegasemulticar" "ws_mixedbrick" 0
obj 19359 410.290008 -1850.339965 9.720000 0.000000 0.000000 0.000000
material0 8390 "vegasemulticar" "ws_mixedbrick" 0
obj 19432 410.290008 -1844.310058 9.720000 0.000000 0.000000 0.000000
material0 8390 "vegasemulticar" "ws_mixedbrick" 0
obj 19432 410.290008 -1842.699951 9.720000 0.000000 0.000000 0.000000
material0 8390 "vegasemulticar" "ws_mixedbrick" 0
obj 19432 410.989990 -1841.750000 9.720000 0.000000 0.000000 90.000000
material0 8390 "vegasemulticar" "ws_mixedbrick" 0
obj 640 427.440002 -1860.000000 8.750000 0.000000 0.000000 -90.000000
obj 19432 425.589996 -1859.300048 9.720000 0.000000 0.000000 90.000000
material0 8390 "vegasemulticar" "ws_mixedbrick" 0
obj 19405 413.470001 -1859.089965 9.720000 0.000000 0.000000 0.000000
material0 8390 "vegasemulticar" "ws_mixedbrick" 0
obj 19405 413.470001 -1853.420043 9.720000 0.000000 0.000000 0.000000
material0 8390 "vegasemulticar" "ws_mixedbrick" 0
obj 19432 413.489990 -1855.250000 9.720000 0.000000 0.000000 0.000000
material0 8390 "vegasemulticar" "ws_mixedbrick" 0
obj 19842 418.000000 -1861.069946 -0.959999 90.000000 0.000000 0.000000
obj 19359 413.390014 -1841.750000 9.720000 0.000000 0.000000 90.000000
material0 8390 "vegasemulticar" "ws_mixedbrick" 0
obj 19359 429.690002 -1854.599975 9.720000 0.000000 0.000000 0.000000
material0 8390 "vegasemulticar" "ws_mixedbrick" 0
obj 1419 429.679992 -1857.239990 8.510000 0.000000 0.000000 90.000000
obj 1419 427.579986 -1859.239990 8.510000 0.000000 0.000000 0.000000
obj 3920 416.730010 -1841.510009 7.070000 0.000000 0.000000 0.000000
obj 640 430.929992 -1850.540039 5.360000 0.000000 0.000000 0.000000
obj 640 418.410003 -1840.849975 5.360000 0.000000 0.000000 90.000000
obj 639 430.440002 -1850.599975 6.110000 0.000000 0.000000 0.000000
obj 638 429.760009 -1857.829956 5.360000 0.000000 0.000000 0.000000
obj 638 428.839996 -1860.420043 5.360000 0.000000 0.000000 90.000000
obj 638 426.149993 -1860.420043 5.360000 0.000000 0.000000 90.000000
obj 638 430.929992 -1854.709960 5.360000 0.000000 0.000000 0.000000
obj 3920 418.399993 -1860.989990 6.869999 0.000000 0.000000 180.000000
obj 1419 416.269989 -1851.959960 8.510000 0.000000 0.000000 0.000000
obj 1419 420.329986 -1851.959960 8.510000 0.000000 0.000000 0.000000
obj 19359 420.170013 -1851.920043 9.720000 0.000000 0.000000 90.000000
material0 8390 "vegasemulticar" "ws_mixedbrick" 0
obj 1419 420.559997 -1849.800048 8.510000 0.000000 0.000000 90.000000
obj 1419 420.559997 -1845.739990 8.510000 0.000000 0.000000 90.000000
obj 1419 418.559997 -1843.689941 8.510000 0.000000 0.000000 180.000000
obj 19439 415.089996 -1843.599975 9.720000 0.000000 0.000000 90.000000
material0 12954 "sw_furniture" "CJ_WOOD5" 0
obj 1419 416.510009 -1843.699951 8.510000 0.000000 0.000000 180.000000

obj 19466 413.459991 -1853.420043 10.020000 0.000000 0.000000 0.000000
material0 1649 "wglass" "carshowwin2" 0
obj 19466 413.420013 -1859.020019 10.020000 0.000000 0.000000 0.000000
material0 1649 "wglass" "carshowwin2" 0
obj 19405 428.010009 -1856.099975 9.720000 0.000000 0.000000 90.000000
material0 8390 "vegasemulticar" "ws_mixedbrick" 0
obj 19432 426.359985 -1856.959960 9.720000 0.000000 0.000000 0.000000
material0 8390 "vegasemulticar" "ws_mixedbrick" 0
obj 19359 422.820007 -1841.729980 9.720000 0.000000 0.000000 90.000000
material0 8390 "vegasemulticar" "ws_mixedbrick" 0
obj 19325 417.959991 -1841.670043 9.399999 0.000000 0.000000 90.000000
material0 1649 "wglass" "carshowwin2" 0
obj 19432 410.279998 -1842.459960 9.720000 0.000000 0.000000 0.000000
material0 8390 "vegasemulticar" "ws_mixedbrick" 0
obj 638 429.600006 -1844.569946 5.360000 0.000000 0.000000 0.000000
obj 638 428.429992 -1842.319946 5.360000 0.000000 0.000000 90.000000
obj 19359 429.690002 -1851.400024 9.720000 0.000000 0.000000 0.000000
material0 8390 "vegasemulticar" "ws_mixedbrick" 0
obj 19359 429.690002 -1848.189941 9.720000 0.000000 0.000000 0.000000
material0 8390 "vegasemulticar" "ws_mixedbrick" 0
obj 19405 428.010009 -1846.689941 9.720000 0.000000 0.000000 90.000000
material0 8390 "vegasemulticar" "ws_mixedbrick" 0
obj 19359 425.390014 -1842.979980 9.720000 0.000000 0.000000 40.000000
material0 8390 "vegasemulticar" "ws_mixedbrick" 0
obj 19432 426.529998 -1845.819946 9.720000 0.000000 0.000000 0.000000
material0 8390 "vegasemulticar" "ws_mixedbrick" 0
obj 19432 426.470001 -1844.920043 9.720000 0.000000 0.000000 4.000000
material0 8390 "vegasemulticar" "ws_mixedbrick" 0
obj 19359 423.380004 -1851.920043 9.720000 0.000000 0.000000 90.000000
material0 8390 "vegasemulticar" "ws_mixedbrick" 0
obj 3920 416.730010 -1841.650024 10.399999 0.000000 0.000000 0.000000
obj 19466 428.029998 -1846.630004 10.020000 0.000000 0.000000 90.000000
obj 19466 427.809997 -1856.099975 10.020000 0.000000 0.000000 90.000000
material0 1649 "wglass" "carshowwin2" 0
obj 1491 424.910003 -1848.280029 8.000000 0.000000 0.000000 90.000000
material0 1649 "wglass" "carshowwin2" 0
obj 19432 425.600006 -1846.689941 9.720000 0.000000 0.000000 90.000000
material0 8390 "vegasemulticar" "ws_mixedbrick" 0
obj 19432 424.920013 -1849.060058 9.720000 0.000000 0.000000 0.000000
material0 8390 "vegasemulticar" "ws_mixedbrick" 0
obj 19432 424.920013 -1850.650024 9.720000 0.000000 0.000000 0.000000
material0 8390 "vegasemulticar" "ws_mixedbrick" 0
obj 19432 424.899993 -1851.069946 9.720000 0.000000 0.000000 0.000000
material0 8390 "vegasemulticar" "ws_mixedbrick" 0
obj 638 415.859985 -1844.459960 8.750000 0.000000 0.000000 90.000000
obj 638 419.000000 -1844.469970 8.750000 0.000000 0.000000 90.000000
obj 638 416.019989 -1851.640014 8.750000 0.000000 0.000000 90.000000
obj 19841 414.579986 -1871.050048 -8.000000 0.000000 0.000000 4.000000
obj 19841 421.690002 -1866.859985 -9.180000 18.000000 0.000000 -2.000000
obj 19840 427.890014 -1869.890014 0.600000 0.000000 0.000000 0.000000
obj 898 423.390014 -1865.160034 -0.200000 0.000000 0.000000 280.000000
obj 898 412.209991 -1865.130004 -0.200000 0.000000 0.000000 58.000000
obj 905 419.859985 -1862.819946 4.639999 0.000000 0.000000 0.000000
obj 905 419.260009 -1861.900024 4.639999 0.000000 0.000000 -47.000000
obj 898 433.739990 -1851.069946 -0.200000 0.000000 0.000000 258.000000
obj 905 432.660003 -1855.670043 4.639999 0.000000 0.000000 -47.000000
obj 905 432.239990 -1855.380004 4.639999 0.000000 0.000000 -15.000000
obj 19375 414.440002 -1856.060058 11.500000 0.000000 90.000000 0.000000
material0 13007 "sw_bankint" "woodfloor1" 0
obj 19375 414.440002 -1846.430053 11.500000 0.000000 90.000000 0.000000
material0 13007 "sw_bankint" "woodfloor1" 0
obj 19943 428.350006 -1844.310058 4.500000 0.000000 0.000000 0.000000
obj 19375 424.940002 -1846.430053 11.500000 0.000000 90.000000 0.000000
material0 13007 "sw_bankint" "woodfloor1" 0
obj 19448 421.429992 -1856.060058 11.500000 0.000000 90.000000 0.000000
material0 13007 "sw_bankint" "woodfloor1" 0
obj 19448 424.920013 -1856.060058 11.500000 0.000000 90.000000 0.000000
material0 13007 "sw_bankint" "woodfloor1" 0
obj 19429 428.420013 -1852.030029 11.500000 0.000000 90.000000 0.000000
material0 13007 "sw_bankint" "woodfloor1" 0
obj 19356 428.420013 -1854.439941 11.500000 0.000000 90.000000 0.000000
obj 1693 421.489990 -1857.729980 13.079999 0.000000 0.000000 0.000000
obj 1693 421.489990 -1850.869995 13.079999 0.000000 0.000000 0.000000
obj 1693 421.489990 -1844.239990 13.079999 0.000000 0.000000 0.000000
obj 1696 412.299987 -1856.859985 12.590000 0.000000 0.000000 0.000000
obj 1697 413.230010 -1851.439941 13.210000 0.000000 0.000000 90.000000
obj 1696 413.230010 -1845.400024 12.590000 0.000000 0.000000 180.000000
obj 898 411.230010 -1836.020019 0.560000 0.000000 0.000000 238.000000
obj 898 411.660003 -1830.209960 0.560000 0.000000 0.000000 171.000000
obj 898 412.329986 -1826.849975 0.560000 0.000000 0.000000 171.000000
obj 19381 421.260009 -1836.760009 4.579999 0.000000 90.000000 0.000000
material0 8463 "vgseland" "Grass_128HV" 0
obj 19381 421.260009 -1827.729980 4.559999 0.000000 90.000000 0.000000
material0 8463 "vgseland" "Grass_128HV" 0
obj 19872 428.959991 -1836.439941 2.740000 0.000000 0.000000 0.000000
obj 1408 429.350006 -1841.619995 5.039999 0.000000 0.000000 180.000000
obj 1408 426.519989 -1838.900024 5.039999 0.000000 0.000000 -90.000000
obj 638 432.489990 -1839.979980 5.159999 0.000000 0.000000 0.000000
obj 640 432.559997 -1835.719970 5.159999 0.000000 0.000000 180.000000
obj 19870 421.260009 -1818.880004 4.650000 0.000000 0.000000 -60.000000
obj 19840 421.220001 -1836.689941 1.539999 0.000000 0.000000 90.000000
obj 19840 420.959991 -1829.810058 2.059999 0.000000 0.000000 90.000000
obj 19817 427.649993 -1824.910034 3.200000 0.000000 0.000000 -90.000000
obj 826 417.290008 -1832.770019 4.460000 0.000000 0.000000 55.000000
obj 869 419.250000 -1838.719970 5.099999 0.000000 0.000000 0.000000
obj 869 419.070007 -1834.640014 5.099999 0.000000 0.000000 62.000000
obj 1408 421.119995 -1837.489990 5.039999 0.000000 0.000000 90.000000
obj 1408 421.119995 -1831.969970 5.039999 0.000000 0.000000 90.000000
obj 1408 418.519989 -1829.079956 5.039999 0.000000 0.000000 180.000000
obj 19439 422.839996 -1839.839965 4.599999 0.000000 90.000000 90.000000
material0 12954 "sw_furniture" "CJ_WOOD5" 0
obj 947 425.269989 -1840.130004 6.780000 0.000000 0.000000 0.000000
obj 2114 425.149993 -1840.560058 4.739999 0.000000 0.000000 0.000000
obj 2114 425.459991 -1840.540039 4.739999 0.000000 -22.000000 -30.000000
obj 894 413.690002 -1835.050048 5.519999 0.000000 0.000000 0.000000
obj 889 419.170013 -1829.390014 5.130000 0.000000 0.000000 0.000000
obj 837 418.510009 -1826.709960 4.960000 0.000000 0.000000 -28.000000
obj 882 432.820007 -1860.189941 4.489999 0.000000 0.000000 0.000000
obj 905 432.450012 -1861.140014 4.639999 0.000000 0.000000 -47.000000
obj 905 431.839996 -1860.369995 4.639999 0.000000 0.000000 -47.000000
obj 832 414.029998 -1824.829956 6.639999 0.000000 0.000000 156.000000
obj 950 426.070007 -1843.219970 8.600000 0.000000 0.000000 -30.000000
obj 949 426.959991 -1845.150024 8.680000 0.000000 0.000000 90.000000
obj 950 426.869995 -1844.130004 8.600000 0.000000 0.000000 90.000000
obj 19383 411.970001 -1854.890014 6.219999 0.000000 0.000000 90.000000
material0 17566 "contachou1_lae2" "mp_apt1_woodpanel" 0
obj 19353 413.489990 -1856.569946 6.219999 0.000000 0.000000 0.000000
material0 17566 "contachou1_lae2" "mp_apt1_woodpanel" 0
material1 -1 "none" "none" 0
obj 19353 413.500000 -1859.140014 6.219999 0.000000 0.000000 0.000000
material0 17566 "contachou1_lae2" "mp_apt1_woodpanel" 0
obj 3498 414.250000 -1852.040039 3.420000 0.000000 0.000000 0.000000
obj 2526 410.850006 -1858.979980 4.690000 0.000000 0.000000 -90.000000
obj 2140 410.880004 -1855.520019 4.150000 0.000000 0.000000 90.000000
obj 2139 410.899993 -1856.500000 4.690000 0.000000 0.000000 90.000000
obj 1523 412.700012 -1854.869995 4.449999 0.000000 0.000000 180.000000
material0 8839 "vgsecarshow" "lightblue_64" 0
obj 1208 410.660003 -1857.339965 4.670000 0.000000 0.000000 -90.000000
obj 1778 412.859985 -1855.219970 4.679999 0.000000 0.000000 90.000000
obj 2525 412.940002 -1858.550048 4.690000 0.000000 0.000000 -90.000000
obj 2613 413.459991 -1857.189941 4.679999 0.000000 0.000000 0.000000
obj 2524 412.899993 -1856.069946 4.679999 0.000000 0.000000 -90.000000
obj 2527 412.890014 -1859.209960 4.650000 0.000000 0.000000 180.000000
obj 2390 410.600006 -1858.109985 6.059999 0.000000 0.000000 90.000000
obj 3920 418.399993 -1860.989990 10.399999 0.000000 0.000000 180.000000
obj 808 430.260009 -1859.939941 6.039999 0.000000 0.000000 0.000000
obj 19439 420.559997 -1844.310058 9.720000 0.000000 0.000000 0.000000
material0 12954 "sw_furniture" "CJ_WOOD5" 0
obj 19439 419.859985 -1843.599975 9.720000 0.000000 0.000000 90.000000
material0 12954 "sw_furniture" "CJ_WOOD5" 0
obj 2336 414.739990 -1844.739990 4.650000 0.000000 0.000000 90.000000
obj 2851 414.519989 -1844.780029 5.699999 0.000000 0.000000 0.000000
obj 2341 414.470001 -1842.400024 4.650000 0.000000 0.000000 90.000000
obj 2335 414.760009 -1845.739990 4.650000 0.000000 0.000000 90.000000
obj 2140 414.790008 -1846.800048 4.650000 0.000000 0.000000 90.000000
obj 2139 415.200012 -1846.800048 4.650000 0.000000 0.000000 90.000000
obj 2029 417.609985 -1843.780029 4.670000 0.000000 0.000000 0.000000
material0 8534 "tikimotel" "sa_wood03_128" 0
obj 2124 418.130004 -1842.949951 5.500000 0.000000 0.000000 90.000000
material0 8534 "tikimotel" "sa_wood03_128" 0
obj 2029 417.609985 -1844.760009 4.670000 0.000000 0.000000 0.000000
material0 8534 "tikimotel" "sa_wood03_128" 0
obj 2029 417.609985 -1845.739990 4.670000 0.000000 0.000000 0.000000
material0 8534 "tikimotel" "sa_wood03_128" 0
obj 2029 417.609985 -1846.719970 4.670000 0.000000 0.000000 0.000000
material0 8534 "tikimotel" "sa_wood03_128" 0
obj 2029 417.609985 -1847.699951 4.670000 0.000000 0.000000 0.000000
material0 8534 "tikimotel" "sa_wood03_128" 0
obj 19429 415.940002 -1850.459960 4.599999 90.000000 0.000000 90.000000
material0 8839 "vgsecarshow" "sw_wallbrick_06" 0
obj 1491 421.299987 -1850.390014 2.900000 0.000000 0.000000 90.000000
obj 19429 421.299987 -1843.650024 4.599999 90.000000 0.000000 0.000000
material0 8839 "vgsecarshow" "sw_wallbrick_06" 0
obj 19429 421.299987 -1847.140014 4.599999 90.000000 0.000000 0.000000
material0 8839 "vgsecarshow" "sw_wallbrick_06" 0
obj 19429 419.429992 -1850.459960 4.599999 90.000000 0.000000 90.000000
material0 8839 "vgsecarshow" "sw_wallbrick_06" 0
obj 19429 419.609985 -1850.449951 4.610000 90.000000 0.000000 90.000000
material0 8839 "vgsecarshow" "sw_wallbrick_06" 0
obj 2124 420.140014 -1843.859985 5.500000 0.000000 0.000000 0.000000
material0 8534 "tikimotel" "sa_wood03_128" 0
obj 2124 420.140014 -1845.030029 5.500000 0.000000 0.000000 0.000000
material0 8534 "tikimotel" "sa_wood03_128" 0
obj 2124 420.140014 -1846.199951 5.500000 0.000000 0.000000 0.000000
material0 8534 "tikimotel" "sa_wood03_128" 0
obj 2124 420.140014 -1847.459960 5.500000 0.000000 0.000000 0.000000
material0 8534 "tikimotel" "sa_wood03_128" 0
obj 2124 416.320007 -1847.459960 5.500000 0.000000 0.000000 180.000000
material0 8534 "tikimotel" "sa_wood03_128" 0
obj 2124 416.320007 -1846.199951 5.500000 0.000000 0.000000 180.000000
material0 8534 "tikimotel" "sa_wood03_128" 0
obj 2124 416.320007 -1845.030029 5.500000 0.000000 0.000000 180.000000
material0 8534 "tikimotel" "sa_wood03_128" 0
obj 2124 416.320007 -1843.859985 5.500000 0.000000 0.000000 180.000000
material0 8534 "tikimotel" "sa_wood03_128" 0
obj 2865 417.570007 -1844.489990 5.489999 0.000000 0.000000 -84.000000
obj 2864 418.049987 -1845.839965 5.530000 0.000000 0.000000 0.000000
obj 2866 414.489990 -1845.400024 5.710000 0.000000 0.000000 -47.000000
obj 2223 417.489990 -1845.709960 5.550000 0.000000 0.000000 0.000000
obj 2222 418.170013 -1843.719970 5.550000 0.000000 0.000000 90.000000
obj 2124 418.130004 -1849.040039 5.500000 0.000000 0.000000 -90.000000
material0 8534 "tikimotel" "sa_wood03_128" 0
obj 2863 418.040008 -1846.829956 5.449999 0.000000 0.000000 0.000000
obj 2221 418.750000 -1847.500000 5.559999 0.000000 0.000000 0.000000
obj 2222 418.720001 -1845.170043 5.530000 0.000000 0.000000 0.000000
obj 2167 414.290008 -1844.400024 6.239999 0.000000 0.000000 90.000000
obj 2253 418.140014 -1846.280029 5.710000 0.000000 0.000000 0.000000
obj 2253 418.140014 -1844.760009 5.710000 0.000000 0.000000 0.000000
obj 2257 413.619995 -1857.949951 6.380000 0.000000 0.000000 90.000000
obj 19806 418.140014 -1845.800048 10.520000 0.000000 0.000000 0.000000
obj 19806 418.140014 -1845.800048 9.039999 0.000000 0.000000 0.000000
obj 11726 418.140014 -1845.849975 7.639999 0.000000 0.000000 0.000000
obj 2138 414.790008 -1847.810058 4.650000 0.000000 0.000000 90.000000
obj 2817 422.399993 -1843.109985 4.670000 0.000000 0.000000 0.000000
obj 2270 424.829986 -1842.780029 6.079999 0.000000 0.000000 -30.000000
obj 2267 426.000000 -1842.900024 6.559999 0.000000 0.000000 -30.000000
obj 2268 426.369995 -1844.770019 6.659999 0.000000 0.000000 -90.000000
obj 2269 426.369995 -1845.790039 5.679999 0.000000 0.000000 -90.000000
obj 2270 426.369995 -1844.790039 5.599999 0.000000 0.000000 -90.000000
obj 2266 426.369995 -1846.040039 6.739999 0.000000 0.000000 -90.000000
obj 19786 428.480010 -1846.579956 6.519999 0.000000 0.000000 0.000000
obj 1826 427.730010 -1847.109985 4.650000 0.000000 0.000000 0.000000
obj 2826 428.019989 -1847.160034 5.469999 0.000000 0.000000 55.000000
obj 19563 428.880004 -1847.199951 5.489999 0.000000 0.000000 -33.000000
obj 19807 428.670013 -1847.339965 5.550000 0.000000 0.000000 0.000000
obj 2314 426.380004 -1844.599975 4.639999 0.000000 0.000000 -90.000000
material0 8534 "tikimotel" "sa_wood03_128" 0
obj 2311 427.429992 -1849.949951 4.650000 0.000000 0.000000 0.000000
material0 8534 "tikimotel" "sa_wood03_128" 0
obj 2311 427.429992 -1850.880004 4.650000 0.000000 0.000000 0.000000
material0 8534 "tikimotel" "sa_wood03_128" 0
obj 2311 427.429992 -1851.810058 4.650000 0.000000 0.000000 0.000000
material0 8534 "tikimotel" "sa_wood03_128" 0
obj 2827 429.049987 -1850.199951 5.150000 0.000000 0.000000 0.000000
obj 2826 427.519989 -1851.329956 5.159999 0.000000 0.000000 0.000000
obj 2824 428.149993 -1850.890014 5.139999 0.000000 0.000000 0.000000
obj 2823 428.130004 -1851.510009 5.170000 0.000000 0.000000 0.000000
obj 19893 428.700012 -1851.810058 5.150000 0.000000 0.000000 0.000000
obj 18871 428.989990 -1851.989990 5.130000 0.000000 0.000000 0.000000
obj 2223 427.350006 -1850.380004 5.230000 0.000000 0.000000 0.000000
obj 2222 428.079986 -1852.010009 5.219999 0.000000 0.000000 90.000000
obj 2028 427.970001 -1850.189941 5.230000 0.000000 0.000000 -16.000000
obj 3017 429.230010 -1851.270019 5.159999 0.000000 0.000000 -91.000000
obj 2632 427.809997 -1848.510009 4.670000 0.000000 0.000000 0.000000
obj 1703 428.910003 -1853.540039 4.610000 0.000000 0.000000 180.000000
obj 1703 425.450012 -1851.939941 4.610000 0.000000 0.000000 90.000000
obj 11729 424.209991 -1842.930053 4.619999 0.000000 0.000000 -90.000000
obj 19174 427.470001 -1857.550048 6.360000 0.000000 0.000000 -150.000000
obj 19165 429.929992 -1854.430053 6.320000 90.000000 90.000000 180.000000
obj 19564 417.600006 -1847.839965 5.489999 0.000000 0.000000 -69.000000
obj 19559 426.459991 -1845.839965 5.440000 0.000000 0.000000 -62.000000
obj 2654 426.279998 -1844.979980 5.360000 0.000000 0.000000 0.000000
obj 19173 423.089996 -1860.660034 6.800000 0.000000 0.000000 0.000000
obj 19171 423.079986 -1857.400024 4.699999 0.000000 0.000000 47.000000
obj 19170 420.130004 -1854.760009 4.679999 0.000000 0.000000 -40.000000
obj 19168 424.089996 -1855.530029 4.699999 0.000000 0.000000 -33.000000
obj 19169 419.470001 -1856.280029 4.699999 0.000000 0.000000 0.000000
obj 2631 421.679992 -1856.010009 4.690000 0.000000 0.000000 69.000000
obj 638 413.970001 -1858.130004 5.210000 0.000000 0.000000 0.000000
obj 2251 421.299987 -1859.959960 5.539999 0.000000 0.000000 0.000000
obj 638 423.029998 -1860.109985 5.210000 0.000000 0.000000 90.000000
obj 2248 414.269989 -1860.099975 5.230000 0.000000 0.000000 0.000000
obj 2240 419.329986 -1860.069946 5.190000 0.000000 0.000000 0.000000
obj 1594 417.470001 -1857.689941 5.170000 0.000000 0.000000 0.000000
obj 2223 417.279998 -1857.719970 5.639999 0.000000 0.000000 0.000000
obj 2221 417.739990 -1857.670043 5.630000 0.000000 0.000000 180.000000
obj 2824 421.470001 -1856.880004 4.739999 0.000000 0.000000 0.000000
obj 1670 421.679992 -1855.650024 4.760000 0.000000 0.000000 149.000000
obj 911 425.230010 -1858.300048 5.219999 0.000000 0.000000 -150.000000
obj 910 425.010009 -1822.339965 5.760000 0.000000 0.000000 180.000000
obj 11665 422.970001 -1850.000000 8.750000 0.000000 0.000000 0.000000
obj 2233 427.299987 -1846.680053 4.659999 0.000000 0.000000 0.000000
obj 2233 430.040008 -1846.880004 4.659999 0.000000 0.000000 0.000000
obj 2841 424.609985 -1847.939941 8.069999 0.000000 0.000000 90.000000
obj 2289 426.399993 -1846.000000 10.199999 0.000000 0.000000 -90.000000
obj 2284 425.570007 -1846.130004 9.199999 0.000000 0.000000 180.000000
obj 19174 422.579986 -1851.829956 9.829999 0.000000 0.000000 180.000000
obj 2265 421.119995 -1844.280029 9.989999 0.000000 0.000000 90.000000
obj 2265 419.890014 -1843.010009 9.840000 0.000000 0.000000 180.000000
obj 2264 421.140014 -1844.300048 9.720000 0.000000 0.000000 90.000000
obj 2276 414.799987 -1843.010009 9.520000 0.000000 0.000000 180.000000
obj 2257 422.869995 -1852.030029 10.180000 0.000000 0.000000 0.000000
obj 2285 429.100006 -1854.420043 9.779999 0.000000 0.000000 -90.000000
obj 2286 429.570007 -1852.069946 10.079999 0.000000 0.000000 -90.000000
obj 2288 429.100006 -1850.329956 9.579999 0.000000 0.000000 -90.000000
obj 14446 427.850006 -1854.260009 8.649999 0.000000 0.000000 -90.000000
obj 19805 420.269989 -1852.050048 10.229999 0.000000 0.000000 0.000000
obj 1985 418.359985 -1854.189941 11.409999 0.000000 0.000000 0.000000
obj 2381 429.109985 -1848.520019 9.859999 0.000000 0.000000 90.000000
obj 2708 429.269989 -1847.699951 8.060000 0.000000 0.000000 -90.000000
material0 8534 "tikimotel" "sa_wood03_128" 0
material2 8534 "tikimotel" "sa_wood03_128" 0
obj 2387 425.459991 -1850.599975 8.020000 0.000000 0.000000 0.000000
obj 2269 422.339996 -1860.150024 10.109999 0.000000 0.000000 180.000000
obj 2272 423.429992 -1860.140014 9.319999 0.000000 0.000000 180.000000
obj 2276 422.299987 -1860.130004 8.770000 0.000000 0.000000 180.000000
obj 2290 414.950012 -1852.530029 8.050000 0.000000 0.000000 0.000000
obj 2627 416.230010 -1859.209960 8.050000 0.000000 0.000000 180.000000
obj 2628 423.459991 -1859.760009 8.029999 0.000000 0.000000 -90.000000
obj 2629 420.040008 -1853.270019 8.020000 0.000000 0.000000 0.000000
obj 2915 420.649993 -1852.400024 8.109999 0.000000 0.000000 159.000000
obj 2916 420.600006 -1852.800048 8.970000 0.000000 0.000000 0.000000
obj 2916 419.540008 -1852.800048 8.970000 0.000000 0.000000 0.000000
obj 2630 418.029998 -1859.260009 8.050000 0.000000 0.000000 0.000000
obj 2630 419.579986 -1859.189941 8.050000 0.000000 0.000000 0.000000
obj 2627 421.100006 -1859.060058 8.050000 0.000000 0.000000 180.000000
obj 2173 422.799987 -1852.520019 8.050000 0.000000 0.000000 0.000000
obj 2632 415.899993 -1855.449951 8.050000 0.000000 0.000000 90.000000
obj 2631 425.369995 -1854.050048 8.050000 0.000000 0.000000 90.000000
obj 2632 418.820007 -1855.469970 8.050000 0.000000 0.000000 90.000000
obj 19893 423.350006 -1852.579956 8.840000 0.000000 0.000000 0.000000
obj 2824 422.730010 -1852.489990 8.840000 0.000000 0.000000 0.000000
obj 11705 423.910003 -1852.479980 8.829999 0.000000 0.000000 0.000000
obj 1714 423.299987 -1853.719970 8.029999 0.000000 0.000000 180.000000
obj 2166 422.940002 -1854.369995 8.050000 0.000000 0.000000 90.000000
obj 2230 422.070007 -1852.069946 8.039999 0.000000 0.000000 33.000000
obj 2223 422.109985 -1853.420043 8.920000 0.000000 0.000000 0.000000
obj 2853 423.029998 -1854.530029 8.829999 0.000000 0.000000 22.000000
obj 2843 424.880004 -1853.530029 8.100000 0.000000 0.000000 0.000000
obj 2844 424.559997 -1855.650024 8.100000 0.000000 0.000000 0.000000
obj 2845 425.100006 -1854.859985 8.100000 0.000000 0.000000 0.000000
obj 2966 424.929992 -1854.530029 8.119999 0.000000 0.000000 0.000000
obj 2654 429.070007 -1848.160034 8.720000 0.000000 0.000000 0.000000
obj 10 419.350006 -1819.130004 5.480000 90.000000 0.000000 180.000000
obj 1702 412.869995 -1853.459960 8.050000 0.000000 0.000000 -90.000000
obj 1702 412.869995 -1858.160034 8.050000 0.000000 0.000000 -90.000000
obj 2073 417.190002 -1857.089965 10.680000 0.000000 0.000000 0.000000
obj 2073 425.299987 -1853.329956 10.680000 0.000000 0.000000 0.000000
obj 2073 428.320007 -1847.599975 10.680000 0.000000 0.000000 0.000000
obj 2073 414.859985 -1843.209960 10.680000 0.000000 0.000000 0.000000
obj 2073 412.619995 -1848.390014 10.680000 0.000000 0.000000 0.000000
obj 2257 412.209991 -1851.760009 10.229999 0.000000 0.000000 180.000000
obj 2073 428.649993 -1849.010009 7.150000 0.000000 0.000000 0.000000
obj 2073 425.600006 -1844.489990 7.150000 0.000000 0.000000 0.000000
obj 2073 417.619995 -1858.000000 7.150000 0.000000 0.000000 0.000000