sell 23456 1583.1899 -1244.7300 140.1800 0.00 0.00 0.00
changeobj 1506 1587.11 -1244.47 139.08 0.00 0.00 90.00 1502
changeobj 1506 1565.42 -1224.12 138.47 0.00 0.00 90.00 1502
obj 19375 1592.31 -1244.64 139.01 0.00 90.00 0.00
obj 19449 1585.37 -1244.65 139.00 0.00 90.00 0.00
obj 19449 1581.89 -1244.64 138.99 0.00 90.00 0.00
obj 19325 1583.84 -1249.42 140.98 0.00 0.00 90.00
obj 19449 1580.46 -1244.61 140.65 0.00 0.00 0.00
obj 19449 1585.38 -1244.61 142.34 0.00 90.00 0.00
obj 19449 1582.11 -1244.62 142.33 0.00 90.00 0.00
obj 19430 1587.10 -1240.61 140.62 0.00 0.00 0.00
obj 19430 1587.11 -1248.63 140.62 0.00 0.00 0.00
obj 19430 1587.10 -1247.03 140.62 0.00 0.00 0.00
obj 19430 1587.06 -1242.19 140.62 0.00 0.00 0.00
obj 19430 1587.10 -1245.26 140.62 0.00 0.00 0.00
obj 19430 1587.12 -1246.18 140.62 0.00 0.00 0.00
obj 19430 1587.07 -1243.70 143.34 0.00 0.00 0.00
obj 11737 1586.45 -1243.66 139.09 0.00 0.00 -98.00
obj 11727 1586.77 -1240.85 142.25 90.00 62.00 0.00
obj 11727 1586.62 -1248.65 142.25 90.00 62.00 0.00
obj 11727 1581.05 -1249.07 142.25 90.00 62.00 0.00
obj 11727 1580.94 -1240.51 142.25 90.00 62.00 0.00
obj 1823 1586.94 -1247.74 139.03 0.00 0.00 90.00
obj 2226 1586.32 -1247.23 139.52 0.00 0.00 -98.00
obj 630 1586.57 -1242.01 140.13 0.00 0.00 0.00
obj 2277 1586.49 -1245.25 140.56 0.00 0.00 -90.00
obj 19439 1587.98 -1249.33 140.78 0.00 0.00 90.00
obj 19439 1587.95 -1239.91 140.78 0.00 0.00 90.00
obj 19325 1590.71 -1239.86 140.98 0.00 0.00 90.00
obj 18762 1597.07 -1248.94 141.43 0.00 0.00 0.00
obj 19439 1589.56 -1249.35 140.78 0.00 0.00 90.00
obj 19439 1591.16 -1249.34 140.78 0.00 0.00 90.00
obj 18762 1597.06 -1240.34 141.43 0.00 0.00 0.00
obj 19325 1597.53 -1244.81 140.98 0.00 0.00 180.00
obj 18762 1597.08 -1247.95 141.43 0.00 0.00 0.00
obj 18762 1597.07 -1241.30 141.43 0.00 0.00 0.00
obj 19439 1592.74 -1249.35 140.78 0.00 0.00 90.00
obj 19439 1594.34 -1249.35 140.78 0.00 0.00 90.00
obj 19439 1595.86 -1249.34 140.78 0.00 0.00 90.00
obj 19366 1595.80 -1239.86 138.99 0.00 90.00 0.00
obj 18762 1593.56 -1240.25 140.75 0.00 0.00 0.00
obj 19366 1595.79 -1239.55 138.91 0.00 90.00 0.00
obj 19366 1595.78 -1239.26 138.84 0.00 90.00 0.00
obj 19366 1595.79 -1238.68 138.73 0.00 90.00 0.00
obj 19366 1595.78 -1238.22 138.59 0.00 90.00 0.00
obj 19366 1595.76 -1237.59 138.45 0.00 90.00 0.00
obj 19378 1592.31 -1235.22 138.42 0.00 90.00 0.00
obj 19439 1587.95 -1239.91 137.29 0.00 0.00 90.00
obj 19439 1589.56 -1239.90 137.35 0.00 0.00 90.00
obj 19439 1591.13 -1239.90 137.35 0.00 0.00 90.00
obj 19439 1592.53 -1239.88 137.35 0.00 0.00 90.00
obj 19460 1587.16 -1235.16 140.21 0.00 0.00 0.00
obj 19430 1597.48 -1239.24 140.40 0.00 0.00 0.00
obj 19430 1597.48 -1237.68 140.40 0.00 0.00 0.00
obj 19430 1597.49 -1236.92 140.40 0.00 0.00 0.00
obj 19430 1597.49 -1236.92 136.98 0.00 0.00 0.00
obj 19325 1597.41 -1233.28 140.47 0.00 0.00 180.00
obj 19378 1592.32 -1225.62 138.42 0.00 90.00 0.00
obj 19448 1597.39 -1225.57 140.19 0.00 0.00 0.00
obj 19325 1593.98 -1220.86 140.48 0.00 0.00 90.00
obj 19787 1597.31 -1225.22 140.15 0.00 0.00 -90.00
obj 1823 1596.18 -1229.19 139.63 0.00 0.00 0.00
obj 19439 1596.79 -1224.82 138.94 0.00 90.00 90.00
obj 19439 1596.78 -1223.32 138.93 0.00 90.00 90.00
obj 19439 1596.77 -1228.21 138.94 0.00 90.00 90.00
obj 1823 1596.16 -1228.24 140.08 0.00 0.00 0.00
obj 1761 1589.25 -1226.10 138.50 0.00 0.00 87.00
obj 1762 1590.05 -1223.28 138.50 0.00 0.00 40.00
obj 1762 1591.17 -1226.47 138.53 0.00 0.00 180.00
obj 2126 1590.49 -1224.45 138.44 0.00 0.00 -76.00
obj 2208 1587.81 -1233.16 138.50 0.00 0.00 90.00
obj 19375 1583.11 -1225.63 138.40 0.00 90.00 0.00
obj 19325 1587.34 -1220.86 140.48 0.00 0.00 90.00
obj 19325 1580.80 -1220.85 140.48 0.00 0.00 90.00
obj 19375 1583.12 -1235.23 138.40 0.00 90.00 0.00
obj 19460 1582.67 -1237.94 140.21 0.00 0.00 113.00
obj 3498 1578.21 -1239.90 138.49 0.00 0.00 0.00
obj 19460 1577.93 -1225.62 140.21 0.00 0.00 0.00
obj 18762 1586.58 -1232.86 138.89 0.00 90.00 90.00
obj 2139 1586.26 -1230.86 138.32 0.00 0.00 -90.00
obj 2139 1586.26 -1231.81 138.32 0.00 0.00 -90.00
obj 2139 1586.26 -1232.79 138.32 0.00 0.00 -90.00
obj 2139 1586.26 -1233.77 138.32 0.00 0.00 -90.00
obj 2139 1586.26 -1234.75 138.32 0.00 0.00 -90.00
obj 18762 1584.70 -1236.50 138.90 0.00 90.00 202.00
obj 2139 1585.70 -1235.74 138.32 0.00 0.00 -158.00
obj 2139 1584.78 -1236.11 138.32 0.00 0.00 -158.00
obj 2139 1583.87 -1236.47 138.32 0.00 0.00 -158.00
obj 2139 1582.95 -1236.83 138.32 0.00 0.00 -158.00
obj 2140 1582.05 -1237.21 138.36 0.00 0.00 201.00
obj 2141 1581.10 -1237.66 138.36 0.00 0.00 201.00
obj 2142 1580.28 -1238.38 138.36 0.00 0.00 203.00
obj 1808 1578.90 -1238.59 138.46 0.00 0.00 -200.00
obj 2123 1579.70 -1224.71 139.04 0.00 0.00 0.00
obj 2117 1578.50 -1224.58 138.45 0.00 0.00 -90.00
obj 2123 1579.63 -1225.71 139.04 0.00 0.00 0.00
obj 2108 1578.59 -1223.56 138.41 0.00 0.00 0.00
obj 19859 1580.54 -1243.37 140.32 0.00 0.00 -90.00
obj 19859 1580.58 -1246.32 140.32 0.00 0.00 -269.00
obj 19829 1587.01 -1244.97 140.38 0.00 0.00 -92.00
obj 19789 1577.87 -1230.89 138.46 0.00 0.00 0.00
obj 19789 1577.87 -1230.89 139.42 0.00 0.00 0.00
obj 19789 1577.87 -1230.89 140.40 0.00 0.00 0.00
obj 19789 1577.87 -1230.89 141.39 0.00 0.00 0.00
obj 19580 1586.52 -1233.85 139.40 0.00 0.00 0.00
obj 19581 1586.27 -1232.49 139.40 0.00 0.00 47.00
obj 19632 1586.62 -1232.81 139.13 0.00 0.00 91.00
obj 19582 1586.62 -1232.80 139.41 0.00 0.00 0.00
obj 19578 1586.58 -1231.94 139.41 0.00 0.00 0.00
obj 19583 1586.56 -1231.66 139.60 33.00 98.00 0.00
obj 19573 1586.90 -1230.99 139.38 0.00 0.00 -91.00
obj 19584 1586.29 -1235.51 139.57 0.00 0.00 55.00
obj 19562 1585.93 -1235.90 139.39 0.00 0.00 0.00
obj 19563 1585.36 -1236.18 139.39 0.00 0.00 0.00
obj 19561 1584.53 -1236.57 139.39 0.00 0.00 0.00
obj 2251 1587.72 -1231.10 140.22 0.00 0.00 0.00
obj 19565 1586.86 -1235.31 139.39 0.00 0.00 69.00
obj 19166 1584.47 -1246.02 139.10 0.00 0.00 10.00
obj 19280 1578.07 -1228.62 140.92 -25.00 0.00 -89.00
obj 19453 1573.18 -1230.50 140.22 0.00 0.00 -90.00
obj 19379 1572.79 -1235.21 138.36 0.00 90.00 0.00
obj 19379 1570.48 -1235.18 138.37 0.00 90.00 0.00
obj 19390 1566.76 -1230.50 140.21 0.00 0.00 90.00
obj 19458 1576.11 -1225.76 138.44 0.00 90.00 0.00
obj 19458 1567.07 -1225.76 138.44 0.00 90.00 0.00
obj 19453 1573.19 -1221.10 140.22 0.00 0.00 -90.00
obj 19453 1570.13 -1221.09 140.22 0.00 0.00 -90.00
obj 19458 1572.69 -1222.54 138.41 0.00 90.00 -90.00
obj 19458 1571.84 -1228.75 138.42 0.00 90.00 -90.00
obj 19325 1569.24 -1225.77 138.49 0.00 90.00 0.00
obj 19325 1573.36 -1225.97 138.49 0.00 90.00 0.00
obj 14867 1572.85 -1221.64 139.98 0.00 0.00 180.00
obj 14867 1572.71 -1230.02 140.05 0.00 0.00 0.00
obj 18766 1577.31 -1225.41 139.24 0.00 0.00 90.00
obj 11709 1567.58 -1221.67 139.19 0.00 0.00 -1.00
obj 11707 1566.28 -1221.24 140.53 0.00 0.00 0.00
obj 11727 1576.41 -1229.30 141.86 90.00 62.00 0.00
obj 2387 1566.39 -1228.28 138.54 0.00 0.00 84.00
obj 19173 1576.80 -1225.78 140.57 0.00 0.00 90.00
obj 19379 1570.46 -1225.75 141.91 0.00 90.00 0.00
obj 19379 1572.79 -1225.71 141.92 0.00 90.00 0.00
obj 11727 1576.50 -1222.18 141.86 90.00 62.00 0.00
obj 11727 1565.94 -1221.48 141.86 90.00 62.00 0.00
obj 11727 1565.77 -1229.59 141.86 90.00 62.00 0.00
obj 19453 1570.02 -1239.93 140.22 0.00 0.00 -90.00
obj 19325 1565.29 -1229.93 140.43 0.00 0.00 180.00
obj 14394 1576.90 -1241.06 137.65 0.00 0.00 90.00
obj 19378 1575.67 -1244.24 137.19 0.00 90.00 0.00
obj 19430 1572.93 -1240.66 136.78 0.00 0.00 -2.00
obj 19430 1572.89 -1241.38 136.76 0.00 0.00 -2.00
obj 19448 1578.32 -1244.57 139.03 0.00 0.00 0.00
obj 19448 1578.34 -1244.56 140.28 0.00 0.00 0.00
obj 19453 1570.01 -1239.95 137.45 0.00 0.00 -90.00
obj 19378 1570.50 -1244.24 137.20 0.00 90.00 0.00
obj 19325 1565.30 -1236.56 140.40 0.00 0.00 180.00
obj 19378 1572.12 -1249.94 137.17 0.00 90.00 -49.00
obj 19448 1565.43 -1244.75 136.57 0.00 0.00 0.00
obj 19325 1569.81 -1254.49 138.67 0.00 0.00 221.00
obj 19325 1565.47 -1249.49 138.69 0.00 0.00 221.00
obj 19325 1574.46 -1254.77 138.70 0.00 0.00 131.00
obj 19439 1577.51 -1252.02 138.96 0.00 0.00 131.00
obj 19439 1578.71 -1250.97 138.96 0.00 0.00 131.00
obj 19439 1578.48 -1250.11 138.96 0.00 0.00 42.00
obj 19439 1578.50 -1250.09 140.28 0.00 0.00 42.00
obj 19439 1578.71 -1251.01 140.29 0.00 0.00 131.00
obj 19439 1577.53 -1252.03 140.30 0.00 0.00 131.00
obj 19325 1574.46 -1254.77 142.82 0.00 0.00 131.00
obj 19325 1569.81 -1254.49 142.78 0.00 0.00 221.00
obj 19325 1565.47 -1249.49 142.79 0.00 0.00 221.00
obj 19378 1573.05 -1244.69 141.93 0.00 90.00 0.00
obj 19378 1569.94 -1244.68 141.91 0.00 90.00 0.00
obj 19448 1565.43 -1244.75 140.09 0.00 0.00 0.00
obj 19378 1572.12 -1249.94 141.89 0.00 90.00 -49.00
obj 18762 1577.77 -1249.11 139.73 0.00 0.00 0.00
obj 14446 1569.19 -1241.81 137.60 0.00 0.00 0.00
obj 2395 1565.95 -1240.11 139.09 0.00 0.00 0.00
obj 2395 1565.95 -1240.11 136.35 0.00 0.00 0.00
obj 2395 1569.68 -1240.10 139.09 0.00 0.00 0.00
obj 2395 1569.68 -1240.10 136.35 0.00 0.00 0.00
obj 14867 1565.91 -1244.05 138.74 0.00 0.00 -90.00
obj 2843 1568.17 -1245.36 137.26 0.00 0.00 0.00
obj 2844 1569.10 -1245.00 137.26 0.00 0.00 0.00
obj 2084 1572.58 -1241.23 137.31 0.00 0.00 -91.00
obj 2162 1568.67 -1240.04 139.00 0.00 0.00 0.00
obj 2828 1572.64 -1241.76 138.21 0.00 0.00 62.00
obj 2465 1572.45 -1241.42 137.74 0.00 0.00 -84.00
obj 2815 1575.89 -1239.96 138.49 0.00 0.00 0.00
obj 2600 1574.10 -1253.87 137.85 0.00 0.00 0.00
obj 1764 1570.75 -1249.85 137.27 0.00 0.00 0.00
obj 2100 1578.04 -1245.49 137.21 0.00 0.00 -98.00
obj 2140 1577.79 -1248.51 137.23 0.00 0.00 -156.00
obj 2140 1577.42 -1249.08 137.23 0.00 0.00 -90.00
obj 19174 1578.22 -1244.78 140.28 0.00 0.00 -90.00
obj 1765 1573.49 -1249.88 137.27 0.00 0.00 -40.00
obj 1765 1569.20 -1250.42 137.27 0.00 0.00 33.00
obj 1822 1571.70 -1252.43 137.24 0.00 0.00 0.00
obj 1744 1578.08 -1251.66 138.11 0.00 0.00 -139.00
obj 2617 1566.70 -1234.56 139.02 0.00 0.00 -84.00
obj 1670 1567.51 -1235.95 139.06 0.00 0.00 0.00
obj 1708 1571.95 -1238.97 138.49 0.00 0.00 164.00
obj 19824 1572.09 -1251.97 137.71 0.00 0.00 0.00
obj 19818 1572.26 -1251.96 137.79 0.00 0.00 0.00
obj 2253 1577.74 -1251.53 138.71 0.00 0.00 55.00
obj 2828 1577.26 -1251.92 138.45 0.00 0.00 18.00
obj 2194 1573.17 -1239.44 138.77 0.00 0.00 0.00
obj 2258 1572.45 -1239.83 140.65 0.00 0.00 180.00
obj 2267 1572.17 -1230.65 140.80 0.00 0.00 0.00
obj 2270 1586.57 -1234.44 140.50 0.00 0.00 -90.00
obj 18764 1590.55 -1224.65 136.08 0.00 0.00 0.00
obj 1643 1566.85 -1231.99 138.45 0.00 0.00 0.00
obj 1640 1577.92 -1235.35 138.48 0.00 0.00 0.00
obj 1642 1586.59 -1228.80 138.49 0.00 0.00 0.00
obj 1646 1584.78 -1223.30 138.61 0.00 0.00 -171.00
obj 2600 1583.06 -1222.23 139.10 0.00 0.00 -156.00
obj 2288 1596.84 -1237.63 140.12 0.00 0.00 -91.00
obj 2230 1592.59 -1237.75 138.49 0.00 0.00 -156.00
obj 2230 1588.51 -1237.69 138.37 0.00 0.00 -207.00
obj 2028 1590.86 -1237.14 138.57 0.00 0.00 0.00
obj 1782 1590.10 -1236.98 138.58 0.00 0.00 0.00
obj 2103 1590.37 -1237.98 138.47 0.00 0.00 185.00
obj 1705 1589.84 -1235.49 138.39 0.00 0.00 40.00
obj 2257 1587.28 -1235.82 140.17 0.00 0.00 90.00
obj 2230 1596.67 -1221.49 138.47 0.00 0.00 -76.00
obj 1782 1596.63 -1223.36 139.14 0.00 0.00 76.00
obj 1783 1596.53 -1224.79 139.10 0.00 0.00 75.00
obj 1785 1596.53 -1224.79 139.24 0.00 0.00 75.00
obj 1787 1596.55 -1226.05 139.10 0.00 0.00 98.00
obj 2245 1596.65 -1228.80 140.42 0.00 0.00 0.00
obj 2828 1596.41 -1227.83 140.58 0.00 0.00 47.00
obj 2827 1596.54 -1227.74 140.16 0.00 0.00 47.00
obj 2824 1596.64 -1228.73 139.70 0.00 0.00 0.00
obj 2230 1596.59 -1230.68 138.50 0.00 0.00 -105.00
obj 14867 1591.50 -1248.94 140.58 0.00 0.00 0.00
obj 2267 1587.23 -1246.45 140.72 0.00 0.00 90.00
obj 2491 1587.96 -1241.95 139.08 0.00 0.00 0.00
obj 2245 1587.69 -1242.17 141.22 0.00 0.00 0.00
obj 1643 1595.35 -1240.54 139.10 0.00 0.00 89.00
obj 2107 1587.93 -1233.16 139.79 0.00 0.00 0.00
obj 2106 1572.63 -1241.05 138.21 0.00 0.00 0.00
obj 19378 1592.31 -1235.22 141.88 0.00 90.00 0.00
obj 19378 1592.31 -1225.71 141.88 0.00 90.00 0.00
obj 19375 1583.11 -1225.63 141.91 0.00 90.00 0.00
obj 19375 1583.08 -1235.18 141.90 0.00 90.00 0.00
obj 19379 1572.79 -1235.21 141.89 0.00 90.00 0.00
obj 19379 1570.48 -1235.18 141.88 0.00 90.00 0.00
obj 19375 1592.31 -1244.64 142.49 0.00 90.00 0.00
obj 11726 1592.97 -1244.94 141.76 0.00 0.00 0.00
obj 19439 1595.80 -1239.96 143.58 0.00 0.00 90.00
obj 19439 1594.20 -1239.97 143.58 0.00 0.00 90.00
obj 11726 1578.60 -1225.38 141.78 0.00 0.00 0.00
obj 11727 1587.60 -1248.53 142.40 90.00 62.00 0.00
obj 11727 1595.96 -1248.77 142.40 90.00 62.00 0.00
obj 11727 1587.57 -1240.80 142.40 90.00 62.00 0.00
obj 11727 1596.24 -1241.28 142.40 90.00 62.00 0.00
obj 11727 1596.82 -1239.51 141.80 90.00 62.00 0.00
obj 11727 1589.02 -1234.37 141.42 90.00 62.00 0.00
obj 11727 1596.81 -1221.35 141.80 90.00 62.00 0.00
obj 11727 1578.36 -1221.12 141.84 90.00 62.00 0.00
obj 11727 1578.48 -1230.04 141.83 90.00 62.00 0.00
obj 11727 1578.83 -1238.43 141.79 90.00 62.00 0.00
obj 11727 1586.85 -1235.81 141.78 90.00 62.00 18.00
obj 11727 1566.22 -1239.21 141.74 90.00 62.00 0.00
obj 11727 1566.26 -1231.33 141.74 90.00 62.00 0.00
obj 11727 1576.51 -1231.10 141.74 90.00 62.00 0.00
obj 11727 1577.65 -1241.14 141.84 90.00 62.00 0.00
obj 11727 1577.87 -1248.14 141.84 90.00 62.00 0.00
obj 11727 1572.13 -1256.21 141.80 90.00 62.00 0.00
obj 11727 1565.95 -1249.36 141.80 90.00 62.00 0.00
obj 19453 1582.42 -1239.94 140.70 0.00 0.00 -90.00
obj 1761 1581.07 -1242.92 139.08 0.00 0.00 90.00
obj 19453 1582.42 -1239.95 137.22 0.00 0.00 -90.00
obj 19430 1593.95 -1238.85 138.54 69.00 0.00 0.00
obj 19430 1593.95 -1238.47 138.54 69.00 0.00 0.00
obj 2140 1577.42 -1249.08 139.88 0.00 0.00 -90.00
obj 2140 1577.79 -1248.51 139.88 0.00 0.00 -156.00
obj 19806 1593.47 -1224.66 141.68 0.00 0.00 0.00
obj 19806 1570.34 -1243.60 140.99 0.00 0.00 0.00
obj 3809 1593.93 -1239.73 141.05 0.00 0.00 91.00
obj 3812 1587.36 -1232.03 141.03 0.00 0.00 0.00
obj 14395 1562.36 -1224.33 136.36 0.00 0.00 0.00
obj 19453 1560.55 -1221.09 138.14 0.00 0.00 -90.00
obj 19448 1559.44 -1223.60 138.15 0.00 0.00 0.00
obj 19448 1567.26 -1224.05 136.70 0.00 0.00 90.00
obj 19448 1559.44 -1223.61 134.66 0.00 0.00 0.00
obj 19380 1564.43 -1224.48 134.85 0.00 90.00 0.00
obj 19380 1574.91 -1224.49 134.85 0.00 90.00 0.00
obj 19448 1564.13 -1229.03 136.48 0.00 0.00 90.00
obj 3498 1559.49 -1228.68 139.40 0.00 0.00 0.00
obj 19430 1562.58 -1224.84 135.44 55.00 0.00 178.00
obj 19448 1576.43 -1224.49 136.65 0.00 0.00 0.00
obj 3498 1565.53 -1226.96 137.51 0.00 0.00 0.00
obj 14455 1565.51 -1221.86 140.02 0.00 0.00 -90.00
obj 3498 1565.41 -1228.01 137.51 0.00 0.00 0.00
obj 19439 1565.32 -1225.50 140.14 0.00 0.00 0.00
obj 19439 1565.33 -1224.90 140.14 0.00 0.00 0.00
obj 19439 1565.44 -1221.86 140.14 0.00 0.00 0.00
obj 19378 1559.95 -1225.71 141.92 0.00 90.00 0.00
obj 19453 1560.55 -1221.09 141.63 0.00 0.00 -90.00
obj 19448 1560.48 -1228.99 139.60 0.00 0.00 90.00
obj 2561 1565.82 -1229.95 140.46 0.00 0.00 90.00
obj 19448 1559.44 -1223.60 141.63 0.00 0.00 0.00
obj 19448 1560.42 -1228.99 143.08 0.00 0.00 90.00
obj 19439 1565.32 -1223.35 142.95 0.00 0.00 0.00
obj 3498 1567.60 -1224.06 135.18 0.00 90.00 0.00
obj 3498 1558.63 -1224.08 135.18 0.00 90.00 0.00
obj 19439 1565.80 -1223.19 136.59 0.00 0.00 0.00
obj 19439 1565.76 -1220.47 136.61 0.00 0.00 0.00
obj 19439 1565.78 -1221.60 136.61 0.00 0.00 0.00
obj 19380 1574.07 -1234.07 134.85 0.00 90.00 0.00
obj 19325 1569.10 -1219.92 136.93 0.00 0.00 90.00
obj 19448 1568.90 -1233.78 136.65 0.00 0.00 0.00
obj 19448 1570.58 -1238.38 136.53 0.00 0.00 90.00
obj 19448 1576.45 -1233.81 136.65 0.00 0.00 0.00
obj 19448 1571.66 -1238.40 136.53 0.00 0.00 90.00
obj 19458 1570.57 -1221.46 138.42 0.00 90.00 -90.00
obj 19458 1571.53 -1221.46 138.40 0.00 90.00 -90.00
obj 1761 1571.55 -1223.27 134.91 0.00 0.00 180.00
obj 2395 1565.39 -1233.69 138.45 0.00 0.00 90.00
obj 2395 1565.41 -1233.70 139.05 0.00 0.00 90.00
obj 2395 1565.39 -1237.41 138.45 0.00 0.00 90.00
obj 2395 1565.40 -1237.41 139.05 0.00 0.00 90.00
obj 2395 1565.40 -1239.38 138.45 0.00 0.00 90.00
obj 2395 1565.41 -1239.40 139.05 0.00 0.00 90.00
obj 19448 1564.15 -1229.04 136.60 0.00 0.00 90.00
obj 19172 1578.03 -1228.66 139.86 0.00 0.00 90.00
obj 2559 1566.25 -1230.91 139.60 0.00 0.00 0.00
obj 2559 1567.25 -1230.09 139.60 0.00 0.00 180.00
obj 18762 1586.57 -1226.87 140.75 0.00 0.00 0.00
obj 2561 1565.78 -1229.97 139.17 0.00 0.00 90.00
obj 2561 1565.72 -1229.97 138.55 0.00 0.00 90.00
obj 11687 1585.60 -1232.76 138.49 0.00 0.00 0.00
obj 11687 1583.80 -1235.75 138.49 0.00 0.00 0.00
obj 2395 1597.20 -1222.08 139.02 0.00 0.00 -90.00
obj 2395 1597.21 -1225.81 139.02 0.00 0.00 -90.00
obj 2395 1597.22 -1226.73 139.02 0.00 0.00 -90.00
obj 18762 1589.59 -1234.35 141.94 0.00 90.00 0.00
obj 18762 1590.90 -1234.36 141.91 0.00 90.00 0.00
obj 18762 1592.97 -1236.34 141.91 0.00 90.00 90.00
obj 11727 1593.05 -1234.18 141.42 90.00 62.00 0.00
obj 11727 1592.83 -1239.54 141.42 90.00 62.00 0.00
obj 19159 1590.09 -1237.22 141.63 0.00 0.00 0.00
obj 19325 1590.11 -1236.31 141.75 0.00 90.00 90.00
obj 18762 1592.94 -1237.53 141.90 0.00 90.00 90.00
obj 19325 1589.64 -1237.82 141.77 0.00 90.00 90.00
obj 19273 1587.18 -1244.67 140.66 0.00 0.00 90.00
obj 19054 1587.93 -1245.60 139.71 0.00 0.00 0.00
obj 19466 1597.37 -1237.23 139.40 0.00 0.00 -1.00
obj 19466 1597.37 -1237.23 141.32 0.00 0.00 -1.00
obj 19466 1597.34 -1239.45 139.40 0.00 0.00 -1.00
obj 19466 1597.34 -1239.43 141.33 0.00 0.00 -1.00
obj 19466 1587.07 -1231.47 139.40 0.00 0.00 0.00
obj 19466 1587.07 -1233.69 139.40 0.00 0.00 0.00
obj 19466 1587.07 -1231.47 141.34 0.00 0.00 0.00
obj 19466 1587.07 -1233.69 141.32 0.00 0.00 0.00
obj 19466 1587.07 -1235.91 139.40 0.00 0.00 0.00
obj 19466 1587.07 -1235.91 141.32 0.00 0.00 0.00
obj 19466 1586.05 -1236.37 139.41 0.00 0.00 -67.00
obj 19466 1586.05 -1236.37 141.34 0.00 0.00 -67.00
obj 19466 1584.01 -1237.24 139.41 0.00 0.00 -67.00
obj 19466 1584.01 -1237.24 141.33 0.00 0.00 -67.00
obj 19466 1581.96 -1238.12 139.41 0.00 0.00 -67.00
obj 19466 1581.96 -1238.12 141.34 0.00 0.00 -67.00
obj 19466 1579.93 -1238.99 139.41 0.00 0.00 -67.00
obj 19466 1579.93 -1238.99 141.32 0.00 0.00 -67.00
obj 3498 1578.76 -1239.66 138.49 0.00 0.00 0.00
obj 18762 1574.23 -1242.49 141.91 0.00 90.00 90.00
obj 18762 1572.22 -1245.47 141.94 0.00 90.00 0.00
obj 18762 1566.29 -1243.47 141.91 0.00 90.00 90.00
obj 18762 1569.14 -1245.47 141.93 0.00 90.00 0.00
obj 18762 1566.32 -1242.43 141.89 0.00 90.00 90.00
obj 18762 1572.21 -1240.48 141.92 0.00 90.00 0.00
obj 18762 1568.95 -1240.51 141.93 0.00 90.00 0.00
obj 11727 1574.34 -1240.56 141.40 90.00 62.00 0.00
obj 11727 1574.35 -1245.45 141.40 90.00 62.00 0.00
obj 11727 1566.38 -1245.62 141.40 90.00 62.00 0.00
obj 11727 1566.31 -1240.50 141.40 90.00 62.00 0.00
obj 19325 1570.08 -1243.05 141.77 0.00 90.00 -90.00
obj 19325 1570.46 -1242.98 141.78 0.00 90.00 -90.00
obj 19466 1578.23 -1241.27 138.21 0.00 0.00 0.00
obj 19466 1578.23 -1241.27 140.15 0.00 0.00 0.00
obj 19466 1578.23 -1241.27 142.07 0.00 0.00 0.00
obj 19466 1578.22 -1243.50 138.21 0.00 0.00 0.00
obj 19466 1578.22 -1243.50 140.11 0.00 0.00 0.00
obj 19466 1578.22 -1243.50 142.04 0.00 0.00 0.00
obj 19466 1578.22 -1245.73 138.21 0.00 0.00 0.00
obj 19466 1578.22 -1245.73 140.13 0.00 0.00 0.00
obj 19466 1578.22 -1245.73 142.06 0.00 0.00 0.00
obj 19466 1578.21 -1247.95 138.21 0.00 0.00 0.00
obj 19466 1578.21 -1247.95 140.15 0.00 0.00 0.00
obj 19466 1578.21 -1247.95 142.09 0.00 0.00 0.00
obj 19466 1587.01 -1245.61 139.38 0.00 0.00 0.00
obj 19466 1587.01 -1245.61 141.31 0.00 0.00 0.00
obj 19466 1587.01 -1247.82 139.38 0.00 0.00 0.00
obj 19466 1587.01 -1247.82 141.31 0.00 0.00 0.00
obj 19466 1586.96 -1241.86 139.38 0.00 0.00 0.00
obj 19466 1586.96 -1241.86 141.31 0.00 0.00 0.00
obj 19466 1586.98 -1239.64 139.38 0.00 0.00 0.00
obj 19466 1586.98 -1239.64 141.31 0.00 0.00 0.00
obj 19466 1586.95 -1243.77 142.56 0.00 0.00 0.00
obj 19466 1580.56 -1248.30 139.38 0.00 0.00 0.00
obj 19466 1580.56 -1248.30 141.30 0.00 0.00 0.00
obj 19466 1580.55 -1246.08 139.38 0.00 0.00 0.00
obj 19466 1580.55 -1246.08 141.28 0.00 0.00 0.00
obj 19466 1580.56 -1242.27 139.38 0.00 0.00 0.00
obj 19466 1580.56 -1242.27 141.30 0.00 0.00 0.00
obj 19466 1580.55 -1240.05 139.38 0.00 0.00 0.00
obj 19466 1580.55 -1240.05 141.31 0.00 0.00 0.00
obj 19466 1580.56 -1243.86 141.30 0.00 0.00 0.00
obj 19893 1587.77 -1230.41 139.36 0.00 0.00 84.00
obj 19862 1573.75 -1238.31 137.36 0.00 0.00 0.00
obj 19862 1573.75 -1238.29 138.30 0.00 0.00 0.00
obj 19862 1571.27 -1238.30 138.30 0.00 0.00 0.00
obj 19862 1571.57 -1238.31 137.36 0.00 0.00 0.00
obj 3499 1569.51 -1229.35 130.35 0.00 0.00 0.00
obj 3498 1568.70 -1229.28 135.41 0.00 90.00 0.00
obj 3498 1573.13 -1229.21 131.36 0.00 0.00 0.00
obj 2090 1569.31 -1222.13 134.85 0.00 0.00 91.00
obj 2256 1565.90 -1222.07 136.97 0.00 0.00 91.00
obj 3498 1572.56 -1219.89 133.99 0.00 0.00 0.00
obj 2561 1573.11 -1220.20 136.98 0.00 0.00 0.00
obj 2561 1573.08 -1220.15 135.73 0.00 0.00 0.00
obj 2561 1573.11 -1220.20 134.40 0.00 0.00 0.00
obj 3498 1575.20 -1219.82 133.99 0.00 0.00 0.00