obj 19375 -2382.840087 -34.680000 30.040000 0.000000 0.000000 0.000000
material 0 1232 dynsigns white64 0
obj 19366 -2384.530029 -29.989999 34.340000 0.000000 90.000000 0.000000
material 0 15041 bigsfsave AH_flroortile9 -1
obj 19356 -2384.469970 -28.360000 36.060001 0.000000 0.000000 90.000000
material 0 1232 dynsigns white64 0
obj 19386 -2385.979980 -26.680000 36.060001 0.000000 0.000000 0.000000
material 0 1232 dynsigns white64 0
obj 19356 -2385.979980 -23.469999 36.060001 0.000000 0.000000 0.000000
material 0 1232 dynsigns white64 0
obj 19402 -2398.060058 -11.119999 36.069999 0.000000 0.000000 90.000000
material 0 1232 dynsigns white64 0
obj 19429 -2382.830078 -29.069999 36.060001 0.000000 0.000000 0.000000
material 0 1232 dynsigns white64 0
obj 19429 -2382.830078 -40.279998 36.060001 0.000000 0.000000 0.000000
material 0 1232 dynsigns white64 0
material 1 15041 bigsfsave AH_flrdiamonds 0
obj 9339 -2382.070068 -40.849998 33.909999 0.000000 0.000000 0.000000
obj 19386 -2397.290039 -21.950000 36.060001 0.000000 0.000000 90.000000
material 0 1232 dynsigns white64 0
obj 19375 -2390.689941 -15.579999 32.560001 0.000000 0.000000 90.000000
material 0 1232 dynsigns white64 0
obj 9339 -2389.989990 -15.520000 33.659999 0.000000 0.000000 270.000000
obj 19356 -2385.949951 -13.909999 36.060001 0.000000 0.000000 0.000000
material 0 1232 dynsigns white64 0
obj 19375 -2391.669921 -11.119999 32.560001 0.000000 0.000000 90.000000
material 0 1232 dynsigns white64 0
obj 19429 -2386.429931 -11.739999 36.060001 0.000000 0.000000 38.000000
material 0 1232 dynsigns white64 0
obj 9339 -2389.979980 -22.020000 33.659999 0.000000 0.000000 270.000000
obj 9339 -2390.000000 -16.299999 34.209999 0.000000 90.000000 270.000000
obj 9339 -2389.989990 -17.680000 34.209999 0.000000 90.000000 269.989990
obj 9339 -2389.979980 -21.200000 34.209999 0.000000 90.000000 89.989997
obj 9339 -2389.979980 -19.809999 34.209999 0.000000 90.000000 89.989997
obj 9339 -2394.979980 -27.649999 33.689998 0.000000 0.000000 270.000000
material 0 1232 dynsigns white64 0
obj 9339 -2394.949951 -25.729999 33.689998 0.000000 0.000000 270.000000
obj 19471 -2383.310058 -23.780000 34.330001 0.000000 0.000000 0.000000
obj 3850 -2385.649902 -27.799999 38.400001 0.000000 0.000000 0.000000
obj 19375 -2390.820068 -15.329999 37.810001 0.000000 270.000000 0.000000
material 0 15041 bigsfsave ah_wpaper7 0
obj 19375 -2390.830078 -24.959999 37.810001 0.000000 270.000000 0.000000
material 0 15041 bigsfsave ah_wpaper7 0
obj 19429 -2383.439941 -41.529998 36.060001 0.000000 0.000000 312.000000
material 0 1232 dynsigns white64 0
obj 14395 -2401.919921 -22.209999 35.700000 0.000000 0.000000 90.000000
material 0 15041 bigsfsave ah_ceilpan1 0
obj 19356 -2400.570068 -25.149999 36.060001 0.000000 0.000000 90.000000
material 0 1232 dynsigns white64 0
obj 19356 -2403.750000 -25.170000 36.060001 0.000000 0.000000 90.000000
material 0 1232 dynsigns white64 0
obj 19356 -2405.250000 -23.520000 36.060001 0.000000 0.000000 0.000000
material 0 1232 dynsigns white64 0
obj 19356 -2405.250000 -23.520000 39.560001 0.000000 0.000000 0.000000
material 0 1232 dynsigns white64 0
obj 19356 -2403.750000 -25.170000 39.560001 0.000000 0.000000 90.000000
material 0 1232 dynsigns white64 0
obj 19356 -2400.570068 -25.149999 39.560001 0.000000 0.000000 90.000000
material 0 1232 dynsigns white64 0
obj 19356 -2400.489990 -21.959999 36.060001 0.000000 0.000000 90.000000
material 0 1232 dynsigns white64 0
obj 19356 -2400.489990 -21.959999 39.560001 0.000000 0.000000 90.000000
material 0 1232 dynsigns white64 0
obj 19356 -2405.239990 -20.329999 36.060001 0.000000 0.000000 0.000000
material 0 1232 dynsigns white64 0
obj 19356 -2405.239990 -20.329999 39.560001 0.000000 0.000000 0.000000
material 0 1232 dynsigns white64 0
obj 14468 -2383.679931 -51.810001 34.740001 0.000000 0.000000 90.000000
obj 14468 -2383.739990 -57.069999 34.720001 0.000000 0.000000 90.000000
obj 19375 -2387.919921 -32.900001 37.740001 0.000000 270.000000 0.000000
material 0 15041 bigsfsave ah_wpaper7 0
obj 19375 -2387.939941 -42.529998 37.740001 0.000000 270.000000 0.000000
material 0 15041 bigsfsave ah_wpaper7 0
obj 19356 -2386.850097 -46.220001 36.060001 0.000000 0.000000 270.000000
material 0 1232 dynsigns white64 0
obj 19402 -2384.070068 -43.680000 36.069999 0.000000 0.000000 0.000000
material 0 1232 dynsigns white64 0
obj 19429 -2384.679931 -45.740001 36.060001 0.000000 0.000000 310.000000
material 0 1232 dynsigns white64 0
obj 19375 -2398.419921 -42.520000 37.740001 0.000000 270.000000 0.000000
material 0 15041 bigsfsave ah_wpaper7 0
obj 19386 -2394.739990 -44.819999 36.060001 0.000000 0.000000 90.000000
material 0 1232 dynsigns white64 0
obj 19356 -2390.050048 -46.220001 33.759998 0.000000 0.000000 270.000000
material 0 1232 dynsigns white64 0
obj 19429 -2392.439941 -46.209999 36.060001 0.000000 0.000000 89.989997
material 0 1232 dynsigns white64 0
obj 19429 -2393.179931 -45.520000 36.060001 0.000000 0.000000 359.989990
material 0 1232 dynsigns white64 0
obj 19429 -2396.860107 -45.419998 36.060001 0.000000 0.000000 319.989990
material 0 1232 dynsigns white64 0
obj 19356 -2398.909912 -45.990001 36.060001 0.000000 0.000000 270.000000
material 0 1232 dynsigns white64 0
obj 19429 -2401.169921 -45.610000 36.060001 0.000000 0.000000 239.990005
material 0 1232 dynsigns white64 0
obj 9833 -2404.590087 -55.119998 31.370000 0.000000 0.000000 0.000000
obj 870 -2403.830078 0.519999 34.560001 0.000000 0.000000 0.000000
obj 2241 -2385.459960 -28.000000 34.819999 0.000000 0.000000 0.000000
obj 19375 -2390.879882 -21.959999 32.560001 0.000000 0.000000 90.000000
material 0 1232 dynsigns white64 0
obj 2245 -2401.850097 -20.959999 38.159999 0.000000 0.000000 0.000000
obj 2253 -2390.330078 -15.909999 36.549999 0.000000 0.000000 0.000000
obj 19429 -2402.629882 -45.200000 36.060001 0.000000 0.000000 89.989997
material 0 1232 dynsigns white64 0
obj 2345 -2383.899902 -43.610000 35.240001 0.000000 0.000000 90.000000
obj 2811 -2395.959960 -45.340000 34.319999 0.000000 0.000000 0.000000
obj 3802 -2385.239990 -23.850000 36.380001 0.000000 0.000000 0.000000
obj 3811 -2397.889892 -10.630000 34.740001 0.000000 0.000000 90.000000
obj 8623 -2404.280029 -54.919998 35.080001 0.000000 0.000000 320.000000
obj 7662 -2409.979980 -53.150001 34.790000 0.000000 0.000000 0.000000
obj 18014 -2390.040039 -46.740001 34.750000 0.000000 0.000000 270.000000
obj 18783 -2391.949951 -25.279924 31.900001 0.000000 0.000000 0.000000
material 0 9515 bigboxtemp1 poshground_sfw 0
material 1 15041 bigsfsave AH_flroortile9 -1
obj 3498 -2385.989990 -15.479999 33.220001 0.000000 0.000000 0.000000
material 1 1232 dynsigns white64 -1
obj 3498 -2386.090087 -21.950000 33.220001 0.000000 0.000000 0.000000
material 1 1232 dynsigns white64 -1
obj 3498 -2403.120117 -46.759998 36.720001 0.000000 0.000000 0.000000
material 1 1232 dynsigns white64 -1
obj 3498 -2383.389892 -46.729999 36.750000 0.000000 0.000000 0.000000
material 1 1232 dynsigns white64 -1
obj 19356 -2405.239990 -17.139999 39.560001 0.000000 0.000000 0.000000
material 0 1232 dynsigns white64 0
obj 19356 -2403.629882 -15.909999 39.560001 0.000000 0.000000 270.000000
material 0 1232 dynsigns white64 0
obj 19375 -2403.320068 -40.330001 36.040000 0.000000 0.000000 0.000000
material 0 1232 dynsigns white64 0
obj 19375 -2403.310058 -27.540000 30.139999 0.000000 0.000000 0.000000
material 0 1232 dynsigns white64 0
obj 19375 -2404.439941 -11.109999 35.990001 0.000000 0.000000 270.000000
material 0 1232 dynsigns white64 0
obj 19375 -2409.120117 -15.970000 35.790000 0.000000 0.000000 0.000000
material 0 1232 dynsigns white64 0
obj 19375 -2409.110107 -23.290000 35.790000 0.000000 0.000000 0.000000
material 0 1232 dynsigns white64 0
obj 1408 -2382.090087 -30.569999 35.169998 0.000000 0.000000 90.000000
obj 9339 -2382.070068 -47.330001 33.909999 0.000000 0.000000 0.000000
obj 1408 -2382.100097 -36.020000 35.169998 0.000000 0.000000 90.000000
obj 1408 -2382.090087 -41.450000 35.169998 0.000000 0.000000 90.000000
obj 1408 -2382.090087 -46.860000 35.169998 0.000000 0.000000 90.000000
obj 1408 -2382.090087 -52.310001 35.169998 0.000000 0.000000 90.000000
obj 1408 -2382.100097 -57.680000 35.169998 0.000000 0.000000 90.000000
obj 9339 -2382.040039 -2.369999 33.909999 0.000000 0.000000 0.000000
obj 1408 -2382.070068 -12.699999 35.169998 0.000000 0.000000 90.000000
obj 1408 -2382.060058 -7.269999 35.169998 0.000000 0.000000 90.000000
obj 1408 -2382.060058 -1.850000 35.169998 0.000000 0.000000 90.000000
obj 1408 -2382.050048 3.609999 35.169998 0.000000 0.000000 90.000000
obj 1408 -2382.050048 9.000000 35.169998 0.000000 0.000000 90.000000
obj 9339 -2382.030029 -1.250000 33.909999 0.000000 0.000000 0.000000
obj 9339 -2394.979980 -60.349998 33.909999 0.000000 0.000000 270.000000
obj 1408 -2384.820068 -60.330001 35.169998 0.000000 0.000000 0.000000
obj 1408 -2390.270019 -60.340000 35.169998 0.000000 0.000000 0.000000
obj 1408 -2408.510009 -60.389999 35.169998 0.000000 0.000000 0.000000
obj 9339 -2398.169921 -60.360000 33.909999 0.000000 0.000000 270.000000
obj 1408 -2403.060058 -60.389999 35.169998 0.000000 0.000000 0.000000
obj 1408 -2397.669921 -60.380001 35.169998 0.000000 0.000000 0.000000
obj 14391 -2390.560058 -34.459999 38.779998 0.000000 0.000000 180.000000
obj 15039 -2390.989990 -14.149999 37.770000 0.000000 0.000000 0.000000
obj 19356 -2387.580078 -12.739999 39.610000 0.000000 0.000000 0.000000
material 0 1232 dynsigns white64 0
obj 19402 -2387.570068 -15.930000 39.650001 0.000000 0.000000 179.990005
material 0 1232 dynsigns white64 0
obj 19356 -2389.060058 -11.079999 39.610000 0.000000 0.000000 90.000000
material 0 1232 dynsigns white64 0
obj 19356 -2387.580078 -22.329999 39.610000 0.000000 0.000000 0.000000
material 0 1232 dynsigns white64 0
obj 19386 -2387.580078 -19.129999 39.650001 0.000000 0.000000 0.000000
material 0 1232 dynsigns white64 0
obj 19356 -2387.580078 -25.540000 39.610000 0.000000 0.000000 0.000000
material 0 1232 dynsigns white64 0
obj 19356 -2392.250000 -11.079999 39.610000 0.000000 0.000000 90.000000
material 0 1232 dynsigns white64 0
obj 19356 -2398.050048 -11.100000 39.610000 0.000000 0.000000 90.000000
material 0 1232 dynsigns white64 0
obj 19356 -2384.320068 -29.700000 39.360000 0.000000 0.000000 270.000000
material 0 1232 dynsigns white64 0
obj 19356 -2387.459960 -29.709999 39.610000 0.000000 0.000000 270.000000
material 0 1232 dynsigns white64 0
obj 3498 -2385.909912 -10.850000 36.799999 0.000000 0.000000 0.000000
material 0 15041 bigsfsave AH_flrdiamonds 0
material 1 1232 dynsigns white64 -1
obj 19375 -2401.320068 -15.340000 37.790000 0.000000 270.000000 0.000000
material 0 15041 bigsfsave ah_wpaper7 0
obj 19356 -2407.449951 -27.940000 36.009998 0.000000 0.000000 90.000000
material 0 1232 dynsigns white64 0
obj 19356 -2404.889892 -27.979999 36.040000 0.000000 0.000000 90.000000
material 0 1232 dynsigns white64 0
obj 19356 -2407.439941 -27.940000 39.389999 0.000000 0.000000 90.000000
material 0 1232 dynsigns white64 0
obj 19356 -2404.889892 -27.979999 39.490001 0.000000 0.000000 90.000000
material 0 1232 dynsigns white64 0
obj 19356 -2403.290039 -26.569999 36.110000 0.000000 0.000000 179.990005
material 0 1232 dynsigns white64 0
obj 19356 -2403.320068 -26.549999 39.560001 0.000000 0.000000 179.990005
material 0 1232 dynsigns white64 0
obj 19402 -2384.070068 -43.680000 39.569999 0.000000 0.000000 0.000000
material 0 1232 dynsigns white64 0
obj 19429 -2383.439941 -41.529998 39.560001 0.000000 0.000000 312.000000
material 0 1232 dynsigns white64 0
obj 19429 -2382.830078 -40.279998 39.560001 0.000000 0.000000 0.000000
material 0 1232 dynsigns white64 0
obj 19356 -2384.260009 -39.470001 39.610000 0.000000 0.000000 270.000000
material 0 1232 dynsigns white64 0
obj 19356 -2387.419921 -39.470001 39.610000 0.000000 0.000000 270.000000
material 0 1232 dynsigns white64 0
obj 19356 -2390.669921 -29.709999 39.610000 0.000000 0.000000 270.000000
material 0 1232 dynsigns white64 0
obj 19429 -2384.679931 -45.740001 39.560001 0.000000 0.000000 310.000000
material 0 1232 dynsigns white64 0
obj 19356 -2386.850097 -46.220001 39.540000 0.000000 0.000000 270.000000
material 0 1232 dynsigns white64 0
obj 19386 -2403.310058 -33.950000 36.060001 0.000000 0.000000 0.000000
material 0 1232 dynsigns white64 0
obj 19356 -2394.530029 -12.680000 39.610000 0.000000 0.000000 0.000000
material 0 1232 dynsigns white64 0
obj 19356 -2394.540039 -15.890000 39.610000 0.000000 0.000000 0.000000
material 0 1232 dynsigns white64 0
obj 19380 -2391.590087 -17.069999 34.290000 0.000000 90.000000 0.000000
material 0 15041 bigsfsave AH_flroortile9 0
obj 19380 -2402.060058 -17.079999 34.290000 0.000000 90.000000 0.000000
material 0 15041 bigsfsave AH_flroortile9 0
obj 9339 -2395.199951 11.670000 33.909999 0.000000 0.000000 270.000000
obj 9339 -2398.169921 11.680000 33.909999 0.000000 0.000000 270.000000
obj 19356 -2387.610107 -28.209999 39.610000 0.000000 0.000000 0.000000
material 0 1232 dynsigns white64 0
obj 3850 -2385.639892 -24.360000 38.400001 0.000000 0.000000 0.000000
obj 3850 -2385.629882 -20.930000 38.400001 0.000000 0.000000 0.000000
obj 19375 -2402.100097 -17.260000 32.580001 0.000000 0.000000 0.000000
material 0 1232 dynsigns white64 0
obj 19375 -2398.399902 -32.959999 37.740001 0.000000 270.000000 0.000000
material 0 15041 bigsfsave ah_wpaper7 0
obj 19429 -2392.439941 -46.209999 39.509998 0.000000 0.000000 89.989997
material 0 1232 dynsigns white64 0
obj 19375 -2393.719970 -24.959999 37.790000 0.000000 270.000000 0.000000
material 0 15041 bigsfsave ah_wpaper7 0
obj 19429 -2402.629882 -45.200000 39.509998 0.000000 0.000000 89.989997
material 0 1232 dynsigns white64 0
obj 19429 -2401.179931 -45.610000 39.509998 0.000000 0.000000 239.990005
material 0 1232 dynsigns white64 0
obj 19356 -2398.909912 -45.990001 39.509998 0.000000 0.000000 270.000000
material 0 1232 dynsigns white64 0
obj 19429 -2396.860107 -45.419998 39.509998 0.000000 0.000000 319.989990
material 0 1232 dynsigns white64 0
obj 19429 -2393.179931 -45.520000 39.509998 0.000000 0.000000 359.989990
material 0 1232 dynsigns white64 0
obj 19386 -2394.739990 -44.819999 39.540000 0.000000 0.000000 90.000000
material 0 1232 dynsigns white64 0
obj 3278 -2398.320068 -11.109999 35.759998 0.000000 0.000000 0.000000
obj 19356 -2394.919921 -11.079999 39.610000 0.000000 0.000000 90.000000
material 0 1232 dynsigns white64 0
obj 19381 -2390.820068 -15.390000 41.360000 0.000000 270.000000 0.000000
material 0 1232 dynsigns white64 -1
obj 19381 -2401.300048 -15.319999 41.360000 0.000000 270.000000 0.000000
material 0 1232 dynsigns white64 -1
obj 19381 -2405.199951 -15.329999 41.180000 0.000000 270.000000 0.000000
material 0 1232 dynsigns white64 -1
obj 19381 -2390.810058 -25.020000 41.360000 0.000000 270.000000 0.000000
material 0 1232 dynsigns white64 -1
obj 19381 -2401.290039 -24.969999 41.360000 0.000000 270.000000 0.000000
material 0 1232 dynsigns white64 -1
obj 19381 -2405.199951 -24.920000 41.180000 0.000000 270.000000 0.000000
material 0 1232 dynsigns white64 -1
obj 19381 -2387.899902 -43.889999 41.360000 0.000000 270.000000 0.000000
material 0 1232 dynsigns white64 -1
obj 19381 -2398.360107 -43.889999 41.360000 0.000000 270.000000 0.000000
material 0 1232 dynsigns white64 -1
obj 19381 -2386.879882 -34.619998 39.310001 0.000000 290.000000 0.000000
material 0 1232 dynsigns white64 -1
obj 19378 -2395.022949 -35.360008 34.270000 0.000000 270.000000 0.000000
material 0 15041 bigsfsave AH_flroortile9 -1
obj 19378 -2388.030029 -41.279998 34.340000 0.000000 270.000000 0.000000
material 0 15041 bigsfsave AH_flroortile9 -1
material 1 15041 bigsfsave AH_flroortile9 -1
obj 19378 -2398.080078 -41.279998 34.310001 0.000000 270.000000 0.000000
material 0 15041 bigsfsave AH_flroortile9 -1
obj 19366 -2398.209960 -30.000000 34.310001 0.000000 90.000000 0.000000
material 0 15041 bigsfsave AH_flroortile9 -1
obj 19366 -2401.659912 -30.000000 34.310001 0.000000 90.000000 0.000000
material 0 15041 bigsfsave AH_flroortile9 -1
obj 19366 -2388.105712 -35.671970 34.310543 -0.000001 89.599998 -0.699970
material 0 15041 bigsfsave AH_flroortile9 -1
obj 19366 -2401.669921 -26.819999 34.310001 0.000000 90.000000 0.000000
material 0 15041 bigsfsave AH_flroortile9 -1
obj 19366 -2401.510009 -33.200000 34.310001 0.000000 90.000000 0.000000
material 0 15041 bigsfsave AH_flroortile9 -1
obj 19366 -2401.520019 -34.900001 34.340000 0.000000 90.000000 0.000000
material 0 15041 bigsfsave AH_flroortile9 -1
obj 19366 -2384.659912 -33.189998 34.310001 0.000000 90.000000 0.000000
material 0 15041 bigsfsave AH_flroortile9 -1
obj 19366 -2384.649902 -34.880001 34.340000 0.000000 90.000000 0.000000
material 0 15041 bigsfsave AH_flroortile9 -1
obj 19439 -2394.899902 -47.819999 34.349998 0.000000 90.000000 270.000000
material 0 14535 ab_wooziec ab_wallpaper01 0
obj 19439 -2394.360107 -50.900001 34.319999 0.000000 90.000000 290.000000
material 0 14535 ab_wooziec ab_wallpaper01 0
obj 19439 -2393.820068 -54.020000 34.349998 0.000000 90.000000 270.000000
material 0 14535 ab_wooziec ab_wallpaper01 0
obj 19439 -2393.820068 -57.500000 34.349998 0.000000 90.000000 270.000000
material 0 14535 ab_wooziec ab_wallpaper01 0
obj 1698 -2394.010009 -59.749996 34.330001 0.000000 0.000000 270.000000
material 0 14535 ab_wooziec ab_wallpaper01 0
obj 1215 -2394.770019 -55.549999 34.310001 0.000000 0.000000 0.000000
obj 1215 -2395.879882 -49.520000 34.310001 0.000000 0.000000 0.000000
obj 1215 -2392.909912 -58.830009 34.310001 0.000000 0.000000 0.000000
obj 1215 -2392.879882 -52.250000 34.310001 0.000000 0.000000 0.000000
obj 9339 -2411.100097 -47.159999 33.909999 0.000000 0.000000 180.000000
obj 9339 -2411.100097 -21.069999 33.909999 0.000000 0.000000 179.990005
obj 9339 -2411.080078 -1.450000 33.909999 0.000000 0.000000 179.990005
obj 1408 -2385.350097 11.689999 35.169998 0.000000 0.000000 180.000000
obj 1408 -2390.780029 11.680000 35.169998 0.000000 0.000000 179.990005
obj 1408 -2396.229980 11.680000 35.169998 0.000000 0.000000 179.990005
obj 1408 -2402.280029 11.670000 35.169998 0.000000 0.000000 179.990005
obj 1408 -2407.699951 11.680000 35.169998 0.000000 0.000000 179.990005
obj 9131 -2382.280029 11.409999 34.770000 0.000000 0.000000 0.000000
obj 9131 -2410.810058 11.380000 34.770000 0.000000 0.000000 0.000000
obj 9131 -2382.270019 -15.079999 34.770000 0.000000 0.000000 0.000000
material 0 10023 bigwhitesfe bigwhite_5 0
obj 9131 -2382.270019 -28.139999 34.770000 0.000000 0.000000 0.000000
material 0 10023 bigwhitesfe bigwhite_5 0
obj 9131 -2399.280029 11.380000 34.770000 0.000000 0.000000 0.000000
obj 19381 -2387.879882 -34.279998 41.180000 0.000000 270.000000 0.000000
material 0 1232 dynsigns white64 -1
obj 19381 -2398.300048 -34.279998 41.229999 0.000000 270.000000 0.000000
material 0 1232 dynsigns white64 -1
obj 19356 -2390.629882 -39.470001 39.610000 0.000000 0.000000 270.000000
material 0 1232 dynsigns white64 0
obj 3857 -2403.340087 -29.280000 38.279998 0.000000 0.000000 135.000000
obj 19356 -2403.350097 -33.930000 39.389999 0.000000 0.000000 0.000000
material 0 1232 dynsigns white64 0
obj 3857 -2382.820068 -32.080001 34.860000 0.000000 0.000000 135.000000
obj 3857 -2382.830078 -37.290000 34.860000 0.000000 0.000000 135.000000
obj 3857 -2389.169921 -46.240001 38.409999 0.000000 0.000000 44.750000
obj 19356 -2384.909912 -37.819999 39.360000 0.000000 0.000000 180.000000
material 0 1232 dynsigns white64 0
obj 19356 -2384.909912 -34.610000 39.360000 0.000000 0.000000 179.990005
material 0 1232 dynsigns white64 0
obj 19356 -2384.909912 -31.409999 39.360000 0.000000 0.000000 179.990005
material 0 1232 dynsigns white64 0
obj 3850 -2385.620117 -17.479999 38.400001 0.000000 0.000000 0.000000
obj 3850 -2385.620117 -14.029999 38.400001 0.000000 0.000000 0.000000
obj 19386 -2394.540039 -19.079999 39.650001 0.000000 0.000000 0.000000
material 0 1232 dynsigns white64 0
obj 19356 -2398.899902 -23.629999 39.540000 0.000000 0.000000 180.000000
material 0 1232 dynsigns white64 0
obj 1408 -2411.139892 -57.650001 35.169998 0.000000 0.000000 270.000000
obj 19356 -2402.100097 -12.699999 36.060001 0.000000 0.000000 0.000000
material 0 1232 dynsigns white64 0
obj 3278 -2384.070068 -43.900001 39.319999 0.000000 0.000000 270.000000
obj 3278 -2384.070068 -43.900001 35.799999 0.000000 0.000000 270.000000
obj 19429 -2382.830078 -34.680000 36.060001 0.000000 0.000000 0.000000
material 0 1232 dynsigns white64 0
obj 1717 -2386.040039 -29.250000 34.400001 0.000000 0.000000 320.000000
obj 1736 -2383.229980 -34.659999 36.500000 0.000000 0.000000 270.000000
obj 1738 -2383.100097 -29.079999 35.049999 0.000000 0.000000 270.000000
obj 2103 -2400.449951 -44.540000 36.689998 0.000000 0.000000 180.000000
obj 2149 -2402.489990 -38.729999 35.720001 0.000000 0.000000 90.000000
obj 1481 -2397.780029 6.840000 35.020000 0.000000 0.000000 40.000000
obj 3497 -2403.739990 -10.239999 37.900001 0.000000 0.000000 0.000000
obj 19356 -2400.409912 -20.370000 37.759998 0.000000 90.000000 0.000000
material 0 15041 bigsfsave ah_wpaper7 0
obj 19356 -2401.580078 -26.739999 37.759998 0.000000 90.000000 0.000000
material 0 15041 bigsfsave ah_wpaper7 0
obj 19356 -2400.570068 -26.729999 37.740001 0.000000 90.000000 0.000000
material 0 15041 bigsfsave ah_wpaper7 0
obj 19356 -2403.750000 -25.010000 39.490001 0.000000 0.000000 90.000000
material 0 1232 dynsigns white64 0
obj 19356 -2403.750000 -25.010000 35.990001 0.000000 0.000000 90.000000
material 0 1232 dynsigns white64 0
obj 2114 -2403.969970 -9.239999 34.470001 0.000000 0.000000 0.000000
obj 2075 -2399.620117 -38.619998 36.900001 0.000000 0.000000 0.000000
obj 1893 -2392.969970 -20.340000 37.840000 0.000000 0.000000 0.000000
obj 1893 -2393.020019 -17.639999 37.819999 0.000000 0.000000 0.000000
obj 1760 -2401.520019 -25.739999 34.400001 0.000000 0.000000 0.000000
obj 1709 -2384.540039 -33.150001 34.400001 0.000000 0.000000 270.000000
obj 1255 -2386.459960 -24.520000 38.470001 0.000000 0.000000 70.000000
obj 1255 -2386.739990 -22.260000 38.470001 0.000000 0.000000 70.000000
obj 941 -2401.090087 -21.280000 34.849998 0.000000 0.000000 0.000000
obj 941 -2401.429931 -19.250000 34.849998 0.000000 0.000000 270.000000
obj 1742 -2403.320068 -26.190000 34.400001 0.000000 0.000000 90.000000
obj 1742 -2403.310058 -27.610000 34.400001 0.000000 0.000000 90.000000
obj 1754 -2401.540039 -17.590000 34.369998 0.000000 0.000000 90.000000
obj 1754 -2401.540039 -16.420000 34.369998 0.000000 0.000000 90.000000
obj 1744 -2394.129882 -15.520000 35.930000 0.000000 0.000000 0.000000
obj 1744 -2391.360107 -15.560000 35.930000 0.000000 0.000000 0.000000
obj 1755 -2401.679931 -29.190000 34.400001 0.000000 0.000000 120.000000
obj 1815 -2401.060058 -27.709999 34.400001 0.000000 0.000000 0.000000
obj 2024 -2385.889892 -35.970001 34.419998 0.000000 0.000000 270.000000
material 0 -1 none none -1
obj 1408 -2411.120117 -52.209999 35.169998 0.000000 0.000000 270.000000
obj 1408 -2411.129882 -46.750000 35.169998 0.000000 0.000000 270.000000
obj 1408 -2411.129882 -41.369998 35.169998 0.000000 0.000000 270.000000
obj 1408 -2411.120117 -35.950000 35.169998 0.000000 0.000000 270.000000
obj 1408 -2411.129882 -30.549999 35.169998 0.000000 0.000000 270.000000
obj 1408 -2411.139892 -25.129999 35.169998 0.000000 0.000000 270.000000
obj 1408 -2411.149902 -19.680000 35.169998 0.000000 0.000000 270.000000
obj 1408 -2411.159912 -14.229999 35.169998 0.000000 0.000000 270.000000
obj 1408 -2411.129882 -8.829999 35.169998 0.000000 0.000000 270.000000
obj 1408 -2411.100097 -2.579999 35.169998 0.000000 0.000000 270.000000
obj 1408 -2411.129882 2.849999 35.169998 0.000000 0.000000 270.000000
obj 1408 -2411.129882 8.300000 35.169998 0.000000 0.000000 270.000000
obj 9131 -2410.780029 -5.719999 34.770000 0.000000 0.000000 0.000000
obj 2063 -2401.689941 -20.540000 36.229999 0.000000 0.000000 90.000000
obj 15036 -2400.989990 -43.250000 35.549999 0.000000 0.000000 0.750000
material 0 -1 none none 0
obj 19356 -2397.929931 -44.819999 36.060001 0.000000 0.000000 270.000000
material 0 1232 dynsigns white64 0
obj 19356 -2401.100097 -44.869998 36.060001 0.000000 0.000000 270.000000
material 0 1232 dynsigns white64 0
obj 19356 -2401.699951 -44.880001 36.060001 0.000000 0.000000 270.000000
material 0 1232 dynsigns white64 0
obj 2560 -2402.939941 -32.220001 36.270000 0.000000 0.000000 90.000000
obj 2559 -2384.570068 -43.200000 35.599998 0.000000 0.000000 270.000000
obj 2559 -2384.570068 -43.200000 39.099998 0.000000 0.000000 270.000000
obj 2559 -2388.090087 -15.470000 39.169998 0.000000 0.000000 270.000000
obj 3278 -2387.590087 -16.069999 39.319999 0.000000 0.000000 270.000000
obj 2528 -2404.679931 -11.569999 37.900001 0.000000 0.000000 0.000000
obj 19386 -2402.149902 -14.340000 39.650001 0.000000 0.000000 0.000000
material 0 1232 dynsigns white64 0
obj 19356 -2405.239990 -13.930000 39.560001 0.000000 0.000000 0.000000
material 0 1232 dynsigns white64 0
obj 19356 -2405.250000 -12.619999 39.560001 0.000000 0.000000 0.000000
material 0 1232 dynsigns white64 0
obj 19429 -2402.139892 -11.960000 39.650001 0.000000 0.000000 0.000000
material 0 1232 dynsigns white64 0
obj 19356 -2384.100097 -40.990001 39.529998 0.000000 0.000000 0.000000
material 0 1232 dynsigns white64 0
obj 2826 -2400.570068 -27.190000 34.900001 0.000000 0.000000 0.000000
obj 2832 -2385.100097 -34.599998 34.959999 0.000000 0.000000 100.000000
obj 2834 -2400.979980 -27.700000 34.400001 0.000000 0.000000 0.000000
obj 1368 -2399.110107 -46.450000 35.009998 0.000000 0.000000 0.000000
obj 19174 -2394.989990 -22.090000 36.049999 0.000000 0.000000 0.000000
obj 19172 -2397.110107 -44.740001 36.099998 0.000000 0.000000 179.990005
obj 19173 -2392.149902 -15.670000 36.810001 0.000000 0.000000 0.000000
obj 2001 -2402.790039 -30.420000 34.400001 0.000000 0.000000 0.000000
obj 2001 -2386.510009 -22.600000 34.400001 0.000000 0.000000 0.000000
obj 2010 -2402.770019 -31.489999 34.380001 0.000000 0.000000 0.000000
obj 2010 -2402.830078 -29.360000 34.380001 0.000000 0.000000 0.000000
obj 2244 -2402.479980 -45.700000 34.669998 0.000000 0.000000 0.000000
obj 3660 -2401.100097 10.770000 35.869998 0.000000 0.000000 0.000000
obj 3660 -2409.679931 -0.289999 35.869998 0.000000 0.000000 270.000000
obj 3810 -2384.909912 -10.859999 39.209999 0.000000 0.000000 0.000000
obj 869 -2406.810058 0.850000 34.770000 0.000000 0.000000 352.000000
obj 18783 -2399.209960 -11.220000 31.840000 0.000000 0.000000 0.000000
material 1 15041 bigsfsave AH_flroortile9 -1
obj 3498 -2389.600097 -1.700000 32.400001 0.000000 0.000000 0.000000
material 1 1232 dynsigns white64 -1
obj 19381 -2393.189941 -5.780000 37.930000 0.000000 284.000000 90.000000
material 0 1232 dynsigns white64 -1
obj 1280 -2393.310058 -1.779999 34.740001 0.000000 0.000000 90.000000
obj 3498 -2396.800048 -1.659999 32.400001 0.000000 0.000000 0.000000
material 1 1232 dynsigns white64 -1
obj 1418 -2390.449951 -2.690000 34.490001 0.000000 0.000000 130.000000
obj 1418 -2393.310058 -1.350000 34.520000 0.000000 0.000000 180.000000
obj 1418 -2396.250000 -2.619999 34.520000 0.000000 0.000000 225.990005
obj 1280 -2395.879882 -2.839999 34.740001 0.000000 0.000000 136.000000
obj 1280 -2390.689941 -2.990000 34.740001 0.000000 0.000000 40.000000
obj 1419 -2383.949951 -25.780000 34.869998 0.000000 0.000000 180.000000
obj 1419 -2384.000000 -27.610000 34.869998 0.000000 0.000000 179.990005
obj 9339 -2395.969970 -1.139999 33.689998 0.000000 0.000000 270.000000
obj 9339 -2395.040039 -1.129999 33.689998 0.000000 0.000000 270.000000
obj 870 -2401.320068 0.620000 34.560001 0.000000 0.000000 0.000000
obj 869 -2398.070068 0.870000 34.770000 0.000000 0.000000 352.000000
obj 870 -2395.199951 0.720000 34.560001 0.000000 0.000000 0.000000
obj 870 -2392.459960 0.689999 34.560001 0.000000 0.000000 0.000000
obj 869 -2389.239990 0.689999 34.770000 0.000000 0.000000 352.000000
obj 840 -2387.280029 7.610000 35.669998 0.000000 0.000000 90.000000
obj 833 -2391.199951 -55.729999 35.209999 0.000000 0.000000 180.000000
obj 14468 -2387.500000 -58.680000 34.770000 0.000000 0.000000 179.990005
obj 700 -2408.760009 -59.529998 34.319999 0.000000 0.000000 0.000000
obj 700 -2408.850097 -55.799999 34.319999 0.000000 0.000000 0.000000
obj 700 -2410.429931 -45.150001 34.319999 0.000000 0.000000 0.000000
obj 700 -2410.429931 -41.650001 34.319999 0.000000 0.000000 0.000000
material 0 -1 none none 0
obj 700 -2410.500000 -38.849998 34.319999 0.000000 0.000000 0.000000
obj 700 -2410.620117 -35.919998 34.319999 0.000000 0.000000 0.000000
obj 700 -2410.750000 -32.930000 34.319999 0.000000 0.000000 0.000000
obj 700 -2405.310058 -59.650001 34.319999 0.000000 0.000000 0.000000
obj 700 -2383.449951 10.710000 34.319999 0.000000 0.000000 0.000000
obj 700 -2386.739990 10.670000 34.319999 0.000000 0.000000 0.000000
obj 700 -2383.129882 7.429999 34.319999 0.000000 0.000000 0.000000
obj 1215 -2382.209960 -28.190000 35.759998 0.000000 0.000000 0.000000
obj 1215 -2382.260009 -15.050000 35.810001 0.000000 0.000000 0.000000
obj 2024 -2385.879882 -33.970001 34.419998 0.000000 0.000000 270.000000
material 0 -1 none none -1
obj 19428 -2391.649902 -25.590000 37.720001 0.000000 0.000000 90.000000
material 0 1232 dynsigns white64 -1
obj 3502 -2406.129882 6.690000 30.889999 270.000000 196.089996 196.089996
obj 3673 -2398.340087 -23.370000 16.809999 0.000000 0.000000 0.000000
obj 3280 -2391.679931 -25.659999 35.200000 0.000000 90.000000 270.000000
obj 841 -2391.550048 -24.459999 34.409999 0.000000 0.000000 0.000000
obj 18762 -2392.949951 -25.229999 36.900001 0.000000 0.000000 0.000000
material 0 1232 dynsigns white64 -1
obj 18762 -2390.370117 -25.219999 36.900001 0.000000 0.000000 0.000000
material 0 1232 dynsigns white64 -1
obj 19356 -2394.550048 -22.270000 39.610000 0.000000 0.000000 0.000000
material 0 1232 dynsigns white64 0
obj 19356 -2394.560058 -25.469999 39.610000 0.000000 0.000000 0.000000
material 0 1232 dynsigns white64 0
obj 19356 -2392.889892 -26.989999 39.610000 0.000000 0.000000 90.000000
material 0 1232 dynsigns white64 0
obj 19356 -2389.719970 -26.989999 39.610000 0.000000 0.000000 90.000000
material 0 1232 dynsigns white64 0
obj 19356 -2389.219970 -26.979999 39.610000 0.000000 0.000000 90.000000
material 0 1232 dynsigns white64 0
obj 19356 -2392.889892 -21.430000 39.610000 0.000000 0.000000 270.000000
material 0 1232 dynsigns white64 0
obj 19356 -2389.760009 -21.440000 39.610000 0.000000 0.000000 270.000000
material 0 1232 dynsigns white64 0
obj 19356 -2389.209960 -21.450000 39.610000 0.000000 0.000000 270.000000
material 0 1232 dynsigns white64 0
obj 19428 -2390.020019 -24.309999 36.020000 0.000000 0.000000 180.000000
material 0 1232 dynsigns white64 -1
obj 19428 -2390.010009 -22.739999 36.020000 0.000000 0.000000 179.990005
material 0 1232 dynsigns white64 -1
obj 19428 -2393.330078 -24.329999 35.950000 0.000000 0.000000 179.990005
material 0 1232 dynsigns white64 0
obj 19428 -2393.310058 -22.719999 35.970001 0.000000 0.000000 179.990005
material 0 1232 dynsigns white64 0
obj 2690 -2392.979980 -25.790000 36.549999 0.000000 0.000000 0.000000
obj 1211 -2380.340087 -48.610000 34.919998 0.000000 0.000000 0.000000
obj 2961 -2385.969970 -27.579999 35.700000 0.000000 0.000000 0.000000
obj 2723 -2399.229980 -37.669998 34.770000 0.000000 0.000000 0.000000
obj 14651 -2398.929931 -30.379999 40.060001 0.000000 0.000000 0.000000
obj 9583 -2402.830078 -38.610000 14.199999 0.000000 0.000000 0.000000
obj 18762 -2400.879882 -38.650001 35.069999 0.000000 90.000000 0.000000
obj 18762 -2400.879882 -38.650001 37.200000 0.000000 90.000000 0.000000
obj 9583 -2398.689941 -38.650001 14.199999 0.000000 0.000000 0.000000
obj 2723 -2400.600097 -37.659999 34.770000 0.000000 0.000000 0.000000
obj 2723 -2402.030029 -37.680000 34.770000 0.000000 0.000000 0.000000
obj 1808 -2403.080078 -40.250000 34.400001 0.000000 0.000000 90.000000
obj 9583 -2395.010009 -23.989999 14.199999 0.000000 0.000000 0.000000
obj 9583 -2387.870117 -23.979999 14.199999 0.000000 0.000000 0.000000
obj 14461 -2396.489990 -20.399999 39.270000 0.000000 0.000000 0.000000
obj 19356 -2405.110107 6.599999 36.340000 0.000000 312.000000 0.000000
obj 19356 -2407.010009 6.630000 36.340000 0.000000 312.000000 180.000000
obj 9583 -2406.090087 6.739999 13.550000 0.000000 0.000000 0.000000
obj 19317 -2391.540039 -29.840000 39.369998 0.000000 0.000000 0.000000
obj 19318 -2391.580078 -39.380001 39.349998 0.000000 0.000000 180.000000
obj 19190 -2385.879882 -27.559999 35.689998 90.000000 180.699996 269.299987
obj 1232 -2408.729980 -1.580000 36.979999 0.000000 0.000000 0.000000
obj 1215 -2382.790039 -1.139999 34.279998 0.000000 0.000000 0.000000
obj 1215 -2385.760009 -1.169999 34.279998 0.000000 0.000000 0.000000
obj 1215 -2388.739990 -1.139999 34.279998 0.000000 0.000000 0.000000
obj 1215 -2397.770019 -1.129999 34.279998 0.000000 0.000000 0.000000
obj 1215 -2407.959960 -1.129999 34.279998 0.000000 0.000000 0.000000
obj 1215 -2403.090087 -1.159999 34.279998 0.000000 0.000000 0.000000
obj 1698 -2403.810058 -19.579999 37.689998 0.000000 0.000000 270.000000
material 0 15041 bigsfsave ah_ceilpan1 0
obj 1698 -2403.790039 -19.850000 37.340000 0.000000 0.000000 270.000000
material 0 15041 bigsfsave ah_ceilpan1 0
obj 1698 -2403.850097 -19.989999 37.119998 0.000000 0.000000 270.000000
material 0 15041 bigsfsave ah_ceilpan1 0
obj 1698 -2403.790039 -19.729999 37.520000 0.000000 0.000000 270.000000
material 0 15041 bigsfsave ah_ceilpan1 0
obj 2266 -2403.649902 -16.510000 39.209999 0.000000 0.000000 0.000000
obj 2001 -2404.669921 -16.549999 37.869998 0.000000 0.000000 0.000000
obj 2245 -2385.439941 -35.490001 35.270000 0.000000 0.000000 0.000000
obj 1491 -2402.199951 -15.090000 37.869998 0.000000 0.000000 90.000000
obj 2517 -2402.870117 -12.739999 37.869998 0.000000 0.000000 0.000000
obj 2518 -2404.639892 -13.600000 38.029998 0.000000 0.000000 90.000000
obj 2818 -2404.729980 -12.279999 37.869998 0.000000 0.000000 0.000000
obj 2158 -2404.719970 -15.340000 37.869998 0.000000 0.000000 90.000000
obj 2158 -2404.699951 -14.359999 37.869998 0.000000 0.000000 90.000000
obj 2160 -2395.040039 -12.250000 34.369998 0.000000 0.000000 270.000000
obj 19356 -2394.719970 -13.930000 36.110000 0.000000 0.000000 179.990005
material 0 1232 dynsigns white64 0
obj 19356 -2394.699951 -12.739999 36.110000 0.000000 0.000000 179.990005
material 0 1232 dynsigns white64 0
obj 2159 -2395.000000 -13.619999 34.369998 0.000000 0.000000 270.000000
obj 2158 -2395.300048 -14.979999 34.369998 0.000000 0.000000 270.000000
obj 2208 -2394.550048 -3.789999 34.220001 0.000000 0.000000 0.000000
obj 2235 -2397.100097 -12.310000 34.369998 0.000000 0.000000 0.000000
obj 2235 -2401.459960 -12.300000 34.369998 0.000000 0.000000 0.000000
obj 1098 -2401.989990 -15.159999 36.290000 0.000000 0.000000 0.000000
obj 1098 -2401.979980 -14.130000 36.290000 0.000000 0.000000 0.000000
obj 1098 -2401.969970 -13.109999 36.290000 0.000000 0.000000 0.000000
obj 1098 -2401.959960 -12.079999 36.290000 0.000000 0.000000 0.000000
obj 1008 -2400.500000 -21.299999 35.330001 0.000000 0.000000 0.000000
obj 2075 -2401.919921 -38.639999 36.900001 0.000000 0.000000 0.000000
obj 2075 -2401.219970 -42.380001 37.400001 0.000000 0.000000 0.000000
obj 2075 -2398.290039 -42.389999 37.400001 0.000000 0.000000 0.000000
obj 2001 -2384.620117 -43.869998 34.400001 0.000000 0.000000 0.000000
obj 2176 -2383.139892 -2.339999 35.810001 0.000000 0.000000 0.000000
obj 2119 -2392.820068 -15.739999 34.369998 0.000000 0.000000 0.000000
obj 19157 -2406.050048 6.710000 35.090000 0.000000 0.000000 0.000000
obj 1543 -2393.510009 -3.609999 35.080001 0.000000 0.000000 0.000000
obj 1543 -2391.899902 -3.619999 35.080001 0.000000 0.000000 0.000000
obj 1665 -2394.550048 -3.759999 35.090000 0.000000 0.000000 0.000000
obj 2755 -2405.051757 -23.469999 37.680000 0.000000 0.000000 270.000000
obj 18692 -2391.629882 -25.149999 32.150001 0.000000 0.000000 0.000000
obj 1753 -2401.739990 -25.819999 37.849998 0.000000 0.000000 0.000000
obj 1753 -2402.560058 -28.930000 37.849998 0.000000 0.000000 90.000000
obj 2010 -2402.750000 -25.819999 37.779998 0.000000 0.000000 0.000000
obj 3522 -2406.239990 -28.620000 34.400001 0.000000 0.000000 270.000000
obj 3522 -2404.040283 -30.309999 34.349998 0.000000 0.000000 180.000000
obj 1815 -2395.810058 -15.079999 37.869998 0.000000 0.000000 0.000000
obj 1754 -2395.620117 -13.260000 37.900001 0.000000 0.000000 330.000000
obj 1754 -2395.250000 -15.840000 37.900001 0.000000 0.000000 230.000000
obj 2245 -2395.409912 -14.609999 38.689998 0.000000 0.000000 0.000000
changeobj 1506 -2385.99902 -27.41760 34.33670 0.00000 0.00000 90.00000 1502
changeobj 1506 -2395.52319 -44.84340 34.39570 0.00000 0.00000 0.00000 1502
changeobj 1506 -2395.52319 -44.84340 37.81607 0.00000 0.00000 0.00000 1502
changeobj 1506 -2403.29028 -34.69130 34.31710 0.00000 0.00000 90.00000 1502
changeobj 1506 -2387.59082 -19.86710 37.89730 0.00000 0.00000 90.00000 1502
moveobj 5020 -2386.06860 -18.73460 36.01040 0.00 0.00 0.00 0.5 -2384.63428 -18.81270 37.34380 0.00 -80.00 0.00 0.5 -1 10
sell 550000 -2382.0242 -23.8258 35.3567 20
area -2394.386 -31.074 55.5
