changeobj 1557 972.845 -2161.566 12.284 0.000 0.000 0.000 1502
changeobj 1557 975.882 -2161.566 12.284 0.000 0.000 179.994 1502
changeobj 1557 972.845 -2161.624 12.284 0.000 0.000 0.000 1502
changeobj 1557 975.882 -2161.624 12.284 0.000 0.000 179.994 1502
sell 3000000 978.4000, -2150.4177, 13.1736
area 974.8969 -2155.0769 25.0
obj 19377 974.378 -2157.492 12.198 0.000 90.000 90.000
material 0  16644  a51_detailstuff  steel256128  0
obj 19377 969.628 -2167.992 12.198 0.000 90.000 90.000
material 0  16644  a51_detailstuff  steel256128  0
obj 19377 979.254 -2167.992 12.198 0.000 90.000 90.000
material 0  16644  a51_detailstuff  steel256128  0
obj 19366 977.352 -2162.340 14.034 0.000 0.000 61.995
material 0  9593  hosbibalsfw  2hospital3sfw  0
obj 19366 971.399 -2162.340 14.034 0.000 0.000 298.004
material 0  9593  hosbibalsfw  2hospital3sfw  0
obj 19439 978.725 -2163.822 14.034 0.000 0.000 0.000
material 0  9593  hosbibalsfw  2hospital3sfw  0
obj 19439 970.022 -2163.822 14.034 0.000 0.000 0.000
material 0  9593  hosbibalsfw  2hospital3sfw  0
obj 19439 979.439 -2164.702 14.034 0.000 0.000 90.000
material 0  9593  hosbibalsfw  2hospital3sfw  0
obj 19439 969.309 -2164.702 14.034 0.000 0.000 90.000
material 0  9593  hosbibalsfw  2hospital3sfw  0
obj 19412 981.844 -2164.701 14.034 0.000 0.000 90.000
material 0  9593  hosbibalsfw  2hospital3sfw  0
obj 19412 966.907 -2164.702 14.034 0.000 0.000 90.000
material 0  9593  hosbibalsfw  2hospital3sfw  0
obj 19412 965.391 -2166.393 14.034 0.000 0.000 0.000
material 0  9593  hosbibalsfw  2hospital3sfw  0
obj 19412 965.391 -2171.206 14.034 0.000 0.000 0.000
material 0  9593  hosbibalsfw  2hospital3sfw  0
obj 19439 965.391 -2168.801 14.034 0.000 0.000 0.000
material 0  9593  hosbibalsfw  2hospital3sfw  0
obj 19412 983.365 -2166.393 14.034 0.000 0.000 0.000
material 0  9593  hosbibalsfw  2hospital3sfw  0
obj 19439 983.365 -2168.801 14.034 0.000 0.000 0.000
material 0  9593  hosbibalsfw  2hospital3sfw  0
obj 19412 983.365 -2171.206 14.034 0.000 0.000 0.000
material 0  9593  hosbibalsfw  2hospital3sfw  0
obj 19458 974.285 -2172.896 14.034 0.000 0.000 90.000
material 0  9593  hosbibalsfw  2hospital3sfw  0
obj 19412 966.907 -2172.719 14.034 0.000 0.000 90.000
material 0  9593  hosbibalsfw  2hospital3sfw  0
obj 19412 981.844 -2172.719 14.034 0.000 0.000 90.000
material 0  9593  hosbibalsfw  2hospital3sfw  0
obj 19439 969.309 -2172.719 14.034 0.000 0.000 90.000
material 0  9593  hosbibalsfw  2hospital3sfw  0
obj 19439 979.439 -2172.719 14.034 0.000 0.000 90.000
material 0  9593  hosbibalsfw  2hospital3sfw  0
obj 19452 966.885 -2168.517 15.838 0.000 90.000 0.000
material 0  16644  a51_detailstuff  steel256128  0
obj 19452 970.384 -2168.517 15.838 0.000 90.000 0.000
material 0  16644  a51_detailstuff  steel256128  0
obj 19452 981.817 -2168.517 15.849 0.000 90.000 0.000
material 0  16644  a51_detailstuff  steel256128  0
obj 19452 978.318 -2168.512 15.849 0.000 90.000 0.000
material 0  16644  a51_detailstuff  steel256128  0
obj 19452 974.499 -2162.767 15.698 0.000 90.000 90.000
material 0  16644  a51_detailstuff  steel256128  0
obj 19452 974.499 -2166.258 15.698 0.000 90.000 90.000
material 0  16644  a51_detailstuff  steel256128  0
obj 19458 974.285 -2172.740 17.529 0.000 0.000 90.000
material 0  9593  hosbibalsfw  2hospital3sfw  0
obj 8572 975.720 -2170.290 14.509 0.000 0.000 270.000
material 0  16644  a51_detailstuff  steel256128  0
material 1  16644  a51_detailstuff  steel256128  0
material 2  16644  a51_detailstuff  steel256128  0
obj 19366 976.691 -2171.204 14.034 0.000 0.000 0.000
material 0  9593  hosbibalsfw  2hospital3sfw  0
obj 19366 976.691 -2167.996 14.034 0.000 0.000 0.000
material 0  9593  hosbibalsfw  2hospital3sfw  0
obj 19412 977.485 -2163.614 17.529 0.000 0.000 90.000
material 0  9593  hosbibalsfw  2hospital3sfw  0
obj 19412 971.511 -2163.614 17.529 0.000 0.000 90.000
material 0  9593  hosbibalsfw  2hospital3sfw  0
obj 19439 978.912 -2164.503 17.529 0.000 0.000 0.000
material 0  9593  hosbibalsfw  2hospital3sfw  0
obj 19386 974.499 -2163.438 17.529 0.000 0.000 90.000
material 0  9593  hosbibalsfw  2hospital3sfw  0
obj 19439 969.995 -2164.502 17.529 0.000 0.000 0.000
material 0  9593  hosbibalsfw  2hospital3sfw  0
obj 19439 979.803 -2165.217 17.529 0.000 0.000 90.000
material 0  9593  hosbibalsfw  2hospital3sfw  0
obj 19439 969.106 -2165.216 17.529 0.000 0.000 90.000
material 0  9593  hosbibalsfw  2hospital3sfw  0
obj 19412 967.173 -2166.269 17.529 0.000 0.000 131.995
material 0  9593  hosbibalsfw  2hospital3sfw  0
obj 19412 981.741 -2166.269 17.529 0.000 0.000 228.004
material 0  9593  hosbibalsfw  2hospital3sfw  0
obj 19439 982.901 -2168.078 17.529 0.000 0.000 0.000
material 0  9593  hosbibalsfw  2hospital3sfw  0
obj 19439 966.005 -2168.079 17.529 0.000 0.000 0.000
material 0  9593  hosbibalsfw  2hospital3sfw  0
obj 19412 966.006 -2170.487 17.529 0.000 0.000 0.000
material 0  9593  hosbibalsfw  2hospital3sfw  0
obj 19412 982.902 -2170.487 17.529 0.000 0.000 0.000
material 0  9593  hosbibalsfw  2hospital3sfw  0
obj 19439 982.272 -2172.469 17.529 0.000 0.000 123.999
material 0  9593  hosbibalsfw  2hospital3sfw  0
obj 19412 980.047 -2172.910 17.529 0.000 0.000 90.000
material 0  9593  hosbibalsfw  2hospital3sfw  0
obj 19439 966.636 -2172.469 17.529 0.000 0.000 236.002
material 0  9593  hosbibalsfw  2hospital3sfw  0
obj 19412 968.860 -2172.910 17.529 0.000 0.000 90.000
material 0  9593  hosbibalsfw  2hospital3sfw  0
obj 19376 979.253 -2167.992 19.364 0.000 90.000 90.000
material 0  16644  a51_detailstuff  steel256128  0
obj 19376 969.628 -2167.992 19.364 0.000 90.000 90.000
material 0  16644  a51_detailstuff  steel256128  0
obj 970 972.114 -2170.027 16.330 0.000 0.000 90.000
material 1  10765  airportgnd_sfse  black64  0
obj 970 974.213 -2167.948 16.335 0.000 0.000 0.000
material 1  10765  airportgnd_sfse  black64  0
obj 1696 980.155 -2165.670 20.457 0.000 0.000 180.000
material 0  16644  a51_detailstuff  steel256128  0
material 1  16644  a51_detailstuff  steel256128  0
material 2  10871  blacksky_sfse  ws_skywinsgreen  0
obj 1696 974.670 -2165.670 20.457 0.000 0.000 179.994
material 0  16644  a51_detailstuff  steel256128  0
material 1  16644  a51_detailstuff  steel256128  0
material 2  10871  blacksky_sfse  ws_skywinsgreen  0
obj 1696 969.190 -2165.670 20.457 0.000 0.000 179.994
material 0  16644  a51_detailstuff  steel256128  0
material 1  16644  a51_detailstuff  steel256128  0
material 2  10871  blacksky_sfse  ws_skywinsgreen  0
obj 1696 968.576 -2170.473 20.457 0.000 0.000 0.000
material 0  16644  a51_detailstuff  steel256128  0
material 1  16644  a51_detailstuff  steel256128  0
material 2  10871  blacksky_sfse  ws_skywinsgreen  0
obj 1696 974.056 -2170.473 20.457 0.000 0.000 0.000
material 0  16644  a51_detailstuff  steel256128  0
material 1  16644  a51_detailstuff  steel256128  0
material 2  10871  blacksky_sfse  ws_skywinsgreen  0
obj 1696 979.545 -2170.473 20.457 0.000 0.000 0.000
material 0  16644  a51_detailstuff  steel256128  0
material 1  16644  a51_detailstuff  steel256128  0
material 2  10871  blacksky_sfse  ws_skywinsgreen  0
obj 970 976.639 -2169.012 16.330 0.000 0.000 90.000
material 1  10765  airportgnd_sfse  black64  0
obj 1491 973.717 -2163.436 15.773 0.000 0.000 0.000
material 0  16644  a51_detailstuff  steel256128  0
material 1  16644  a51_detailstuff  steel256128  0
obj 19458 976.035 -2173.058 14.477 90.000 0.000 90.000
material 0  16644  a51_detailstuff  steel256128  0
obj 19458 976.035 -2173.230 14.477 90.000 0.000 90.000
material 0  16644  a51_detailstuff  steel256128  0
obj 19458 976.035 -2173.396 14.477 90.000 0.000 90.000
material 0  16644  a51_detailstuff  steel256128  0
obj 19452 974.499 -2162.767 19.219 0.000 90.000 90.000
material 0  16644  a51_detailstuff  steel256128  0
obj 19439 979.001 -2162.731 17.529 0.000 0.000 0.000
material 0  4830  airport2  sanairtex3  0
obj 19439 969.876 -2162.731 17.529 0.000 0.000 0.000
material 0  4830  airport2  sanairtex3  0
material 1  10023  bigwhitesfe  sfe_arch8  0
material 2  10023  bigwhitesfe  sfe_arch8  0
obj 2385 976.779 -2172.329 12.284 0.000 0.000 90.000
material 0  16644  a51_detailstuff  steel256128  0
material 2  14476  carlslounge  breezewallbse  0
obj 2368 977.108 -2170.155 12.284 0.000 0.000 90.000
material 0  16644  a51_detailstuff  steel256128  0
material 2  14476  carlslounge  breezewallbse  0
obj 19366 974.421 -2172.733 17.794 0.000 0.000 90.000
material 0  VIP LOUNGE  100  Quartz MS  30  0  -16777216  0  1
obj 19466 977.495 -2163.611 17.607 0.000 0.000 90.000
material 0  -1  none  none  -1442840576
obj 19466 971.466 -2163.611 17.647 0.000 0.000 90.000
material 0  -1  none  none  -1442840576
obj 19466 967.052 -2164.705 14.357 0.000 0.000 90.000
material 0  -1  none  none  -1442840576
obj 19466 981.879 -2164.706 14.237 0.000 0.000 90.000
material 0  -1  none  none  -1442840576
obj 19466 981.880 -2172.722 14.117 0.000 0.000 90.000
material 0  -1  none  none  -1442840576
obj 19466 966.861 -2172.721 14.147 0.000 0.000 90.000
material 0  -1  none  none  -1442840576
obj 19466 968.709 -2172.914 17.707 0.000 0.000 90.000
material 0  -1  none  none  -1442840576
obj 19466 980.049 -2172.914 17.707 0.000 0.000 90.000
material 0  -1  none  none  -1442840576
obj 19466 983.367 -2171.185 14.158 0.000 0.000 0.000
material 0  -1  none  none  -1442840576
obj 19466 983.368 -2166.380 14.218 0.000 0.000 0.000
material 0  -1  none  none  -1442840576
obj 19466 982.888 -2170.452 17.682 0.000 0.000 0.000
material 0  -1  none  none  -1442840576
obj 19466 965.997 -2170.461 17.732 0.000 0.000 0.000
material 0  -1  none  none  -1442840576
obj 19466 965.393 -2171.212 14.252 0.000 0.000 0.000
material 0  -1  none  none  -1442840576
obj 19466 965.393 -2166.392 14.202 0.000 0.000 0.000
material 0  -1  none  none  -1442840576
obj 19466 967.184 -2166.289 17.682 0.000 0.000 131.995
material 0  -1  none  none  -1442840576
obj 19466 981.718 -2166.251 17.732 0.000 0.000 228.010
material 0  -1  none  none  -1442840576
obj 19439 978.346 -2161.601 17.529 0.000 0.000 60.000
material 0  4830  airport2  sanairtex3  0
obj 19439 970.529 -2161.601 17.529 0.000 0.000 300.003
material 0  4830  airport2  sanairtex3  0
obj 19366 976.040 -2161.216 17.529 0.000 0.000 90.000
material 0  4830  airport2  sanairtex3  0
obj 19366 972.831 -2161.215 17.529 0.000 0.000 90.000
material 0  4830  airport2  sanairtex3  0
obj 5706 975.935 -2157.079 8.392 0.000 0.000 90.000
obj 1215 978.689 -2161.223 16.348 0.000 0.000 0.000
obj 1215 970.111 -2161.223 16.348 0.000 0.000 0.000
obj 16780 968.842 -2168.757 19.413 0.000 0.000 0.000
obj 16151 970.666 -2171.683 12.623 0.000 0.000 270.000
obj 14651 980.390 -2169.689 18.077 0.000 0.000 0.000
obj 18648 971.137 -2162.601 15.574 0.000 0.000 -61.500
obj 16780 979.854 -2168.757 15.751 0.000 0.000 0.000
obj 1723 966.596 -2170.571 15.914 0.000 0.000 90.000
obj 1724 969.430 -2171.504 15.914 0.000 0.000 179.994
obj 1724 968.347 -2167.597 15.914 0.000 0.000 0.000
obj 1828 968.877 -2169.590 15.924 0.000 0.000 0.000
obj 1736 973.447 -2172.329 16.025 0.000 0.000 180.000
obj 2628 978.309 -2164.645 15.935 0.000 0.000 0.000
obj 2630 970.525 -2164.502 15.924 0.000 0.000 180.000
obj 2099 971.237 -2172.645 15.924 0.000 0.000 180.000
obj 2230 971.611 -2172.686 15.924 0.000 0.000 180.000
obj 2230 970.001 -2172.686 15.924 0.000 0.000 179.994
obj 2233 970.313 -2165.112 15.924 0.000 0.000 0.000
obj 2233 979.323 -2165.112 15.924 0.000 0.000 0.000
obj 1723 976.076 -2167.398 15.769 0.000 0.000 179.994
obj 2233 965.605 -2164.439 12.334 0.000 0.000 50.000
obj 2233 983.642 -2165.007 12.284 0.000 0.000 310.001
obj 638 980.392 -2164.164 16.632 0.000 0.000 90.000
obj 638 968.574 -2164.164 16.632 0.000 0.000 90.000
obj 640 981.450 -2164.247 12.909 0.000 0.000 90.000
obj 640 967.423 -2164.248 12.909 0.000 0.000 90.000
obj 640 979.569 -2160.071 12.909 0.000 0.000 0.000
obj 640 979.569 -2154.701 12.909 0.000 0.000 0.000
obj 640 969.194 -2154.659 12.909 0.000 0.000 180.000
obj 640 969.194 -2160.039 12.909 0.000 0.000 179.994
obj 8854 962.068 -2163.009 12.135 0.000 0.000 0.000
obj 8854 986.343 -2163.009 12.135 0.000 0.000 0.000
obj 1297 978.297 -2152.466 15.652 0.000 0.000 0.000
obj 1297 970.475 -2152.465 15.652 0.000 0.000 180.000
obj 1297 984.860 -2162.715 15.491 0.000 0.000 270.000
obj 1297 963.860 -2162.601 15.470 0.000 0.000 270.000
obj 3471 979.542 -2150.935 13.487 0.000 0.000 90.000
obj 3471 969.225 -2150.935 13.487 0.000 0.000 90.000
obj 1297 984.744 -2140.779 15.506 0.000 0.000 0.000
obj 1297 963.683 -2140.779 15.506 0.000 0.000 180.000
obj 1985 973.016 -2164.137 19.135 0.000 0.000 0.000
obj 3534 974.021 -2171.495 14.489 0.000 0.000 0.000
obj 18649 973.001 -2161.926 15.584 0.000 0.000 -80.199
obj 2239 972.480 -2167.668 15.768 0.000 0.000 0.000
obj 2114 976.723 -2163.896 16.055 0.000 0.000 38.000
obj 2108 981.881 -2172.248 15.929 0.000 0.000 0.000
obj 1893 973.916 -2171.701 19.530 0.000 0.000 0.000
obj 2826 967.973 -2171.571 15.924 0.000 0.000 0.000
obj 2827 967.259 -2167.619 15.924 0.000 0.000 0.000
obj 2855 967.464 -2171.110 13.248 0.000 0.000 0.000
obj 3004 979.248 -2169.440 16.857 0.000 0.000 348.000
obj 3003 979.951 -2169.028 16.895 0.000 0.000 0.000
obj 3002 979.768 -2168.453 16.895 0.000 0.000 0.000
obj 2996 979.466 -2169.918 16.895 0.000 0.000 0.000
obj 351 976.989 -2172.706 12.328 0.000 282.000 0.000
obj 356 977.039 -2171.670 12.340 86.000 270.000 12.000
obj 351 976.990 -2172.655 12.328 0.000 281.997 0.000
obj 351 976.990 -2172.598 12.328 0.000 281.997 0.000
obj 351 976.922 -2172.472 12.328 2.811 275.299 279.869
obj 356 977.039 -2171.030 12.335 85.995 270.000 21.997
obj 358 976.948 -2170.199 13.622 342.436 292.161 79.465
obj 373 976.849 -2168.347 13.770 334.341 286.102 347.690
obj 358 976.984 -2170.069 13.622 342.432 292.159 99.464
obj 353 977.408 -2169.146 13.148 88.000 270.000 10.000
obj 348 977.080 -2172.383 13.671 86.000 0.000 290.000
obj 353 977.481 -2167.886 12.960 74.423 220.315 54.736
obj 348 977.438 -2170.293 13.331 85.995 0.000 237.995
obj 348 977.422 -2169.251 12.961 83.160 331.283 136.535
obj 2358 977.141 -2167.532 12.374 0.000 0.000 180.000
obj 2358 977.141 -2167.490 12.609 0.000 0.000 173.994
obj 2359 978.140 -2172.491 12.489 0.000 0.000 158.000
obj 2038 977.031 -2170.802 13.748 0.000 0.000 36.000
obj 2041 977.015 -2171.049 13.876 0.000 0.000 78.000
obj 373 976.802 -2168.706 13.770 334.335 286.100 329.689
obj 2041 977.015 -2169.548 13.531 0.000 0.000 149.997
obj 355 976.885 -2171.411 12.534 0.000 278.000 284.000
obj 330 977.423 -2170.043 13.315 88.000 180.000 42.000
obj 355 976.884 -2171.312 12.534 0.000 277.998 283.996
obj 330 977.413 -2169.867 13.315 87.994 179.994 81.995
obj 1893 976.974 -2169.461 15.722 0.000 0.000 269.600
obj 2049 976.817 -2171.881 14.474 0.000 0.000 90.239
obj 1513 978.060 -2172.685 13.467 0.000 0.000 179.994
obj 2266 979.683 -2165.798 17.477 0.000 0.000 0.000
obj 2255 977.798 -2172.161 17.450 0.000 0.000 180.000
obj 2263 969.392 -2165.290 13.784 0.000 0.000 0.000
obj 2267 979.783 -2164.823 14.173 0.000 0.000 0.000
obj 2108 982.758 -2172.101 12.273 0.000 0.000 0.000
obj 1962 965.493 -2169.272 14.198 0.000 0.000 90.000
obj 1961 965.487 -2168.547 15.084 0.000 0.000 90.000
obj 1960 965.492 -2168.052 13.699 0.000 0.000 90.000
obj 2188 982.397 -2168.820 13.254 0.000 0.000 270.000
obj 1726 978.845 -2165.304 12.284 0.000 0.000 0.000
obj 1726 981.006 -2172.122 12.284 0.000 0.000 180.000
obj 1716 981.742 -2167.191 12.279 0.000 0.000 0.000
obj 1716 981.145 -2168.035 12.279 0.000 0.000 0.000
obj 1716 981.202 -2169.143 12.279 0.000 0.000 0.000
obj 1716 981.858 -2169.914 12.279 0.000 0.000 0.000
obj 640 983.366 -2169.426 16.632 0.000 0.000 0.000
obj 640 965.558 -2169.425 16.632 0.000 0.000 0.000
obj 3657 970.059 -2156.976 12.802 0.000 0.000 90.000
obj 3657 978.710 -2156.976 12.802 0.000 0.000 270.000
obj 2695 970.140 -2163.748 14.014 0.000 0.000 90.160
obj 2696 970.135 -2164.207 13.514 0.000 0.000 91.119
obj 2691 971.464 -2162.435 13.974 0.000 0.000 28.000
obj 19128 967.485 -2166.796 12.284 0.000 0.000 0.000
obj 2817 973.896 -2162.742 12.284 0.000 0.000 0.000
obj 2842 973.950 -2164.574 15.784 0.000 0.000 0.000
obj 2852 981.459 -2165.376 12.284 0.000 0.000 0.000
obj 646 976.516 -2160.848 13.700 0.000 0.000 0.000
obj 646 972.048 -2160.848 13.700 0.000 0.000 0.000
obj 1724 972.842 -2163.004 15.779 0.000 0.000 179.994
obj 1724 977.187 -2163.004 15.779 0.000 0.000 179.994
obj 18655 965.892 -2168.954 12.154 0.000 0.000 -133.400
obj 18654 969.700 -2165.362 12.134 0.000 0.000 46.199
obj 18653 978.274 -2163.456 12.074 0.000 0.000 43.799
obj 18654 974.445 -2167.528 12.024 0.000 0.000 -60.000
obj 18655 970.459 -2164.764 12.144 0.000 0.000 164.599
obj 18653 969.517 -2170.323 12.104 0.000 0.000 -98.700
obj 18650 975.002 -2161.772 15.574 0.000 0.000 90.199
obj 18647 976.815 -2162.204 15.584 0.000 0.000 65.299
obj 18651 978.168 -2163.507 15.594 0.000 0.000 26.899